node1,node2,length,startLon,startLat,endLon,endLat,endNodeL,startNodeL,startYear,endYear,tipLabel,startClade,endClade,distance,dispersal_velocity
143,144,119.492483278705,104.07862756568,25.9631780763971,105.580807125701,24.416705109746,119.492483278705,0.0,1328.26954329216,1447.76202657086,,main,main,228.6274441057161,1.9133207197013729
143,162,108.735225652069,104.07862756568,25.9631780763971,103.556837607312,24.9578340930613,108.735225652069,0.0,1328.26954329216,1437.00476894423,,main,main,123.1152479977133,1.1322480572363687
162,163,87.4830291977173,103.556837607312,24.9578340930613,104.315968095305,25.8648005342067,196.218254849787,108.735225652069,1437.00476894423,1524.48779814194,,main,main,126.20641252003503,1.4426388029477166
162,272,220.827043231363,103.556837607312,24.9578340930613,103.954278981904,25.7246575211476,329.562268883432,108.735225652069,1437.00476894423,1657.83181217559,,main,main,93.89780514044135,0.42520971963593945
163,244,158.091440799293,104.315968095305,25.8648005342067,104.780810651944,25.5477613209667,354.309695649079,196.218254849787,1524.48779814194,1682.57923894124,,main,main,58.39690218645068,0.3693868680758575
163,164,176.260490140819,104.315968095305,25.8648005342067,104.138292724649,26.4361021890878,372.478744990605,196.218254849787,1524.48779814194,1700.74828828276,,main,main,65.74065710730937,0.37297443717980977
144,145,260.686358222524,105.580807125701,24.416705109746,101.881078116594,15.5666268590649,380.178841501229,119.492483278705,1447.76202657086,1708.44838479339,,main,main,1053.2865997240995,4.040436204279648
164,177,117.751413407331,104.138292724649,26.4361021890878,104.224267098315,26.4161247661319,490.230158397937,372.478744990605,1700.74828828276,1818.49970169009,,main,main,8.857282297344645,0.07522017817913687
244,245,138.480299493243,104.780810651944,25.5477613209667,104.897094785342,25.6258364314299,492.789995142322,354.309695649079,1682.57923894124,1821.05953843448,,main,main,14.53587534991568,0.10496709931382653
245,246,25.9338394911008,104.897094785342,25.6258364314299,104.582573773932,23.9736272369612,518.723834633423,492.789995142322,1821.05953843448,1846.99337792558,,main,main,185.75739637150508,7.162741808255879
177,181,51.175183951831,104.224267098315,26.4161247661319,102.689678312824,25.4121499824084,541.405342349768,490.230158397937,1818.49970169009,1869.67488564192,,main,main,189.76178791892013,3.708082184863952
164,165,169.279942830653,104.138292724649,26.4361021890878,103.710443478428,25.6056237108855,541.758687821258,372.478744990605,1700.74828828276,1870.02823111341,,main,main,101.48647036094998,0.5995185765302192
181,182,20.2924369475059,102.689678312824,25.4121499824084,103.381172064208,25.2543304226293,561.697779297273,541.405342349768,1869.67488564192,1889.96732258943,,main,main,71.77847210749643,3.5372031606247547
165,166,57.849581872997,103.710443478428,25.6056237108855,109.97936765769,29.6649336825934,599.608269694255,541.758687821258,1870.02823111341,1927.87781298641,,main,main,764.6857908422572,13.218518891304155
182,183,53.2499524647168,103.381172064208,25.2543304226293,108.379831960145,24.8938883425573,614.94773176199,561.697779297273,1889.96732258943,1943.21727505415,,main,main,505.8601541997442,9.499729685860755
183,225,6.3773526050155,108.379831960145,24.8938883425573,111.419900224769,27.4395162353528,621.325084367006,614.94773176199,1943.21727505415,1949.59462765916,,main,main,414.59295177374565,65.01019740506226
166,167,29.8270495817337,109.97936765769,29.6649336825934,109.956477305714,29.6511623717862,629.435319275989,599.608269694255,1927.87781298641,1957.70486256815,,main,main,2.691000008311583,0.09022012052977478
225,226,9.36207478104588,111.419900224769,27.4395162353528,111.097137982642,27.0913354351302,630.687159148052,621.325084367006,1949.59462765916,1958.95670244021,,main,main,50.09939223563703,5.351312973601371
166,168,40.2373740134944,109.97936765769,29.6649336825934,111.633405480909,33.1577293562794,639.84564370775,599.608269694255,1927.87781298641,1968.11518699991,,main,main,417.97114606810914,10.387634787695992
226,227,9.59361562831281,111.097137982642,27.0913354351302,108.973750993512,26.5163710078798,640.280774776364,630.687159148052,1958.95670244021,1968.55031806852,,main,main,220.5195325960655,22.986071272781164
183,184,26.28431475629,108.379831960145,24.8938883425573,117.292946963454,27.1726761183644,641.23204651828,614.94773176199,1943.21727505415,1969.50158981044,,main,main,926.8802037260306,35.26362442088099
246,247,131.223242711219,104.582573773932,23.9736272369612,102.785845385923,24.1081309920457,649.947077344643,518.723834633423,1846.99337792558,1978.2166206368,,main,main,183.36736275489724,1.3973695434308921
227,230,10.4724166974171,108.973750993512,26.5163710078798,108.242083207749,26.3714471732104,650.753191473781,640.280774776364,1968.55031806852,1979.02273476594,,main,main,74.72089217259754,7.135019005787517
184,185,10.0372015376322,117.292946963454,27.1726761183644,116.976448379922,26.9701779861687,651.269248055912,641.23204651828,1969.50158981044,1979.53879134807,,main,main,38.58811775380556,3.8445096084927863
145,146,271.999051133294,101.881078116594,15.5666268590649,107.223238344668,23.343036890591,652.177892634524,380.178841501229,1708.44838479339,1980.44743592668,,main,main,1027.137902913969,3.776255463518572
168,169,12.4674439226282,111.633405480909,33.1577293562794,111.892062502082,31.3426619952633,652.313087630378,639.84564370775,1968.11518699991,1980.58263092253,,main,main,202.74533216332838,16.261980677157812
184,208,11.4400673525485,117.292946963454,27.1726761183644,112.952318847989,24.8431355828226,652.672113870829,641.23204651828,1969.50158981044,1980.94165716298,,main,main,505.3467470912584,44.17340663459315
227,228,14.4513339435616,108.973750993512,26.5163710078798,109.762729533936,26.0524544654177,654.732108719926,640.280774776364,1968.55031806852,1983.00165201208,,main,main,94.08022184480855,6.510141016201722
208,209,4.66613004029728,112.952318847989,24.8431355828226,113.952089956109,22.7521488418393,657.338243911126,652.672113870829,1980.94165716298,1985.60778720328,,main,main,253.00613801318872,54.221836045758735
185,186,6.21708173925284,116.976448379922,26.9701779861687,117.122465557685,26.9872509493334,657.486329795165,651.269248055912,1979.53879134807,1985.75587308732,,main,main,14.618564322435756,2.351354692691011
182,239,96.2125087436466,103.381172064208,25.2543304226293,102.188674961526,25.564343914427,657.91028804092,561.697779297273,1889.96732258943,1986.17983133308,,main,main,124.7985417490585,1.2971134770176085
230,231,8.16524517621256,108.242083207749,26.3714471732104,102.874763970486,24.8772165048171,658.918436649994,650.753191473781,1979.02273476594,1987.18797994215,,main,main,563.8449525479616,69.05425867561034
272,273,331.908713032133,103.954278981904,25.7246575211476,110.812264218241,26.8690902937873,661.470981915565,329.562268883432,1657.83181217559,1989.74052520772,,main,main,696.4107567074362,2.098199683718501
208,224,12.1153383181111,112.952318847989,24.8431355828226,112.644319589165,24.86430586933,664.78745218894,652.672113870829,1980.94165716298,1993.0569954811,,main,main,31.217461384821036,2.576689198860783
146,147,14.4067829049848,107.223238344668,23.343036890591,110.777673287497,25.0687311144994,666.584675539509,652.177892634524,1980.44743592668,1994.85421883166,,main,main,408.5331858336563,28.35700298449714
186,198,10.2041179258601,117.122465557685,26.9872509493334,117.187481198734,26.9950894524523,667.690447721026,657.486329795165,1985.75587308732,1995.95999101318,,main,main,6.511805738454237,0.6381546926218378
186,187,11.0494319434906,117.122465557685,26.9872509493334,113.715772762777,22.9118455016477,668.535761738656,657.486329795165,1985.75587308732,1996.80530503081,,main,main,567.52075030659,51.36198432725094
185,200,18.0213611507856,116.976448379922,26.9701779861687,116.541372211461,27.0208235137472,669.290609206698,651.269248055912,1979.53879134807,1997.56015249885,,main,main,43.54821224693726,2.416477417136656
209,210,12.6270275491517,113.952089956109,22.7521488418393,113.975256275022,23.0800429266602,669.965271460278,657.338243911126,1985.60778720328,1998.23481475243,,main,main,36.38960831161753,2.8818823883901503
225,236,49.9369412362609,111.419900224769,27.4395162353528,111.667311486332,30.7617015992096,671.262025603267,621.325084367006,1949.59462765916,1999.53156889542,,main,main,369.00938891474567,7.3895072421215
146,158,20.6893522867248,107.223238344668,23.343036890591,98.6822239708634,24.9846848611457,672.867244921249,652.177892634524,1980.44743592668,2001.1367882134,,main,main,886.6222142534825,42.85403438281528
210,211,3.43328701137418,113.975256275022,23.0800429266602,113.986798435823,23.0685361036405,673.398558471652,669.965271460278,1998.23481475243,2001.66810176381,,main,main,1.7385741177537362,0.5063876430936278
245,258,180.928842724744,104.897094785342,25.6258364314299,101.564621624007,25.1435135795656,673.718837867067,492.789995142322,1821.05953843448,2001.98838115922,,main,main,339.5780563394839,1.8768597158171227
231,232,15.2965365620548,102.874763970486,24.8772165048171,103.15278738642,25.0061412565579,674.214973212049,658.918436649994,1987.18797994215,2002.4845165042,,main,main,31.502765924216078,2.0594705080078777
200,201,5.26678655285624,116.541372211461,27.0208235137472,116.525689547153,27.0970972142395,674.557395759554,669.290609206698,1997.56015249885,2002.82693905171,,main,main,8.593467353585835,1.631633875294509
273,274,13.2703634427015,110.812264218241,26.8690902937873,110.938189394847,26.7629601375924,674.741345358266,661.470981915565,1989.74052520772,2003.01088865042,,main,main,17.17571717167246,1.2942913919301016
236,238,3.54901542823549,111.667311486332,30.7617015992096,111.559333040909,30.7913692550162,674.811041031502,671.262025603267,1999.53156889542,2003.08058432366,,main,main,10.84706804436304,3.0563597887079395
239,241,17.8056839227273,102.188674961526,25.564343914427,111.36165364919,30.2731812806928,675.715971963647,657.91028804092,1986.17983133308,2003.9855152558,,main,main,1042.2993091965964,58.53744870008605
238,125,0.957771840725336,111.559333040909,30.7913692550162,111.56783331384,30.7709971658079,675.768812872227,674.811041031502,2003.08058432366,2004.03835616438,SC1_DQ648857.1,main,main,2.4006590368315393,2.506504090800458
187,188,7.38503028174156,113.715772762777,22.9118455016477,114.065983123446,22.4860469637292,675.920792020397,668.535761738656,1996.80530503081,2004.19033531255,,main,main,59.314420984602386,8.031709921521768
188,189,0.16352851867029,114.065983123446,22.4860469637292,114.069063924151,22.4692810788615,676.084320539068,675.920792020397,2004.19033531255,2004.35386383122,,main,main,1.883477270881346,11.517729666950979
188,194,0.477412412648572,114.065983123446,22.4860469637292,114.261484939388,22.1487392741086,676.398204433046,675.920792020397,2004.19033531255,2004.6677477252,,main,main,42.43666787563095,88.8889076850815
238,124,1.79110517405859,111.559333040909,30.7913692550162,111.41980829881,30.7080594459449,676.602146205561,674.811041031502,2003.08058432366,2004.87168949772,SC1_DQ412043.1,main,main,16.241704851274076,9.067979416569305
241,68,0.886174241913494,111.36165364919,30.2731812806928,111.472979201261,30.8724274884617,676.602146205561,675.715971963647,2003.9855152558,2004.87168949772,SC1_DQ412042.1,main,main,67.28657022754263,75.92927783846707
209,223,19.3297797111901,113.952089956109,22.7521488418393,114.10072534488,22.3917384550107,676.668023622316,657.338243911126,1985.60778720328,2004.93756691447,,main,main,42.73831753682518,2.2110090324559555
230,117,25.9309219448941,108.242083207749,26.3714471732104,108.258321064779,22.9215907154667,676.684113418676,650.753191473781,1979.02273476594,2004.95365671083,SC1_DQ071615.1,main,main,382.1367907613548,14.736722110129179
189,190,0.645254119679869,114.069063924151,22.4692810788615,113.995599231506,22.4527851580796,676.729574658748,676.084320539068,2004.35386383122,2004.9991179509,,main,main,7.7788787325400115,12.055527419800681
145,159,296.659860697228,101.881078116594,15.5666268590649,101.422243062781,14.7885459319101,676.838702198458,380.178841501229,1708.44838479339,2005.10824549061,,main,main,99.21431330018152,0.334437942049194
189,191,0.765646296488399,114.069063924151,22.4692810788615,114.016425375712,22.4199748304852,676.849966835556,676.084320539068,2004.35386383122,2005.11951012771,,main,main,7.692285172067006,10.046786887558019
191,90,0.0476131599589387,114.016425375712,22.4199748304852,114.077443067815,22.3353277931807,676.897579995515,676.849966835556,2005.11951012771,2005.16712328767,SC1_DQ022305.2,main,main,11.28493274120365,237.01289204362214
194,98,0.518553644660784,114.261484939388,22.1487392741086,114.246971492515,22.1398877988173,676.916758077707,676.398204433046,2004.6677477252,2005.18630136986,SC1_DQ084199.1,main,main,1.789467887645979,3.450882866355271
190,88,0.244717665534612,113.995599231506,22.4527851580796,114.001310630179,22.4621705166165,676.974292324282,676.729574658748,2004.9991179509,2005.24383561644,SC1_DQ084200.1,main,main,1.1940387758479198,4.879250434329757
274,275,2.28113194019125,110.938189394847,26.7629601375924,110.919589912272,26.9883590012934,677.022477298458,674.741345358266,2003.01088865042,2005.29202059061,,main,main,25.042834284852887,10.978248931428883
191,192,0.224128500274183,114.016425375712,22.4199748304852,114.023793132649,22.4048509714399,677.07409533583,676.849966835556,2005.11951012771,2005.34363862799,,main,main,1.8385485165933988,8.203100071361957
192,193,0.117319013372928,114.023793132649,22.4048509714399,114.076455477885,22.4295099008201,677.191414349203,677.07409533583,2005.34363862799,2005.46095764136,,main,main,6.0707646950688305,51.745787153625116
247,248,27.3500930513974,102.785845385923,24.1081309920457,102.827948891011,24.1329285119256,677.29717039604,649.947077344643,1978.2166206368,2005.5667136882,,main,main,5.085565260527346,0.1859432525867589
194,195,0.916832864283265,114.261484939388,22.1487392741086,114.249530133719,22.1407403024086,677.315037297329,676.398204433046,2004.6677477252,2005.58458058949,,main,main,1.5183476643899585,1.6560790123693137
190,96,0.757046432657948,113.995599231506,22.4527851580796,114.019960631624,22.1919773968901,677.486621091406,676.729574658748,2004.9991179509,2005.75616438356,SC1_GQ153540.1,main,main,28.989312719960008,38.29264820412685
193,89,0.295206742202307,114.076455477885,22.4295099008201,114.042736827204,22.4672980378148,677.486621091406,677.191414349203,2005.46095764136,2005.75616438356,SC1_GQ153539.1,main,main,5.436609758657797,18.416279106972613
274,277,2.84813906948688,110.938189394847,26.7629601375924,122.414104939389,29.8872020221247,677.589484427753,674.741345358266,2003.01088865042,2005.85902771991,,main,main,1176.7908575261756,413.17886129000925
177,178,187.446730165731,104.224267098315,26.4161247661319,105.645631109927,26.3939332888105,677.676888563667,490.230158397937,1818.49970169009,2005.94643185582,,main,main,141.832780523815,0.7566564666047445
195,196,0.406826756923316,114.249530133719,22.1407403024086,114.34917335946,22.4627668153755,677.721864054253,677.315037297329,2005.58458058949,2005.99140734641,,main,main,37.1081310347572,91.2135949842449
193,97,0.533562906585811,114.076455477885,22.4295099008201,114.136210619687,22.5079042175932,677.724977255789,677.191414349203,2005.46095764136,2005.99452054795,SC1_GQ153541.1,main,main,10.6387941228285,19.939156173551396
178,129,0.0919243085604009,105.645631109927,26.3939332888105,105.669756200468,26.4054530749638,677.768812872227,677.676888563667,2005.94643185582,2006.03835616438,SC1_FJ588686.1,main,main,2.7245580604940254,29.6391466322947
223,72,1.22407692114419,114.10072534488,22.3917384550107,114.053656157733,22.372788293141,677.89210054346,676.668023622316,2004.93756691447,2006.16164383562,SC1_GQ153542.1,main,main,5.2820578485565095,4.31513555832682
223,71,1.22407692114419,114.10072534488,22.3917384550107,114.19492714901,22.32812822632,677.89210054346,676.668023622316,2004.93756691447,2006.16164383562,SC1_GQ153543.1,main,main,11.989977674933328,9.795117829462754
210,212,7.98228116431267,113.975256275022,23.0800429266602,113.817158590625,23.0898194948118,677.94755262459,669.965271460278,1998.23481475243,2006.21709591675,,main,main,16.234560195620663,2.033824650051471
196,197,0.26842605392245,114.34917335946,22.4627668153755,114.34841345833,22.45749613087,677.990290108175,677.721864054253,2005.99140734641,2006.25983340033,,main,main,0.588874528812549,2.193805408258464
165,170,136.281463239537,103.710443478428,25.6056237108855,114.673848803769,29.3455625958927,678.040151060796,541.758687821258,1870.02823111341,2006.30969435295,,main,main,1159.450134167805,8.507761118838893
197,95,0.433317284600374,114.34841345833,22.45749613087,114.322283097265,22.5511289545584,678.423607392775,677.990290108175,2006.25983340033,2006.69315068493,SC1_GQ153544.1,main,main,10.711547750525472,24.719871861110217
197,93,0.433317284600374,114.34841345833,22.45749613087,114.388929589482,22.4068127218421,678.423607392775,677.990290108175,2006.25983340033,2006.69315068493,SC1_GQ153545.1,main,main,6.992648611247524,16.137479070784078
195,91,1.63185776667891,114.249530133719,22.1407403024086,114.085665797307,22.1053907839288,678.946895064008,677.315037297329,2005.58458058949,2007.21643835616,SC1_GQ153546.1,main,main,17.353569373908346,10.634241370941059
196,92,1.41407210564598,114.34917335946,22.4627668153755,113.933047967913,22.2691255815573,679.135936159899,677.721864054253,2005.99140734641,2007.40547945205,SC1_GQ153547.1,main,main,47.9236734677853,33.89054439051585
244,270,325.077267792266,104.780810651944,25.5477613209667,105.051783302175,25.1489777595367,679.386963441346,354.309695649079,1682.57923894124,2007.6565067335,,main,main,51.919126620043954,0.15971318749123303
192,94,2.56595041310952,114.023793132649,22.4048509714399,114.098868490422,22.4690086861994,679.64004574894,677.07409533583,2005.34363862799,2007.9095890411,SC1_GQ153548.1,main,main,10.497825201438177,4.091203457324999
201,202,5.21510170415047,116.525689547153,27.0970972142395,116.543956019242,26.3793331842419,679.772497463705,674.557395759554,2002.82693905171,2008.04204075586,,main,main,79.5485999625498,15.253508843219791
258,259,6.52905737381162,101.564621624007,25.1435135795656,102.928477283549,24.8913311005069,680.247895240878,673.718837867067,2001.98838115922,2008.51743853303,,main,main,140.46694792425447,21.514123690760403
259,263,1.25193287602712,102.928477283549,24.8913311005069,102.869754520613,24.8447949911703,681.499828116905,680.247895240878,2008.51743853303,2009.76937140906,,main,main,7.860620461027207,6.278787474590551
178,179,3.88327322763394,105.645631109927,26.3939332888105,102.835024583457,24.9304015526689,681.560161791301,677.676888563667,2005.94643185582,2009.82970508346,,main,main,325.4369716189852,83.80480912420174
202,207,2.32630600434956,116.543956019242,26.3793331842419,112.983288115363,24.6682309846063,682.098803468054,679.772497463705,2008.04204075586,2010.36834676021,,main,main,404.97964888392653,174.08700666495494
241,242,6.81012206561666,111.36165364919,30.2731812806928,113.003434127729,35.6708240886158,682.526094029264,675.715971963647,2003.9855152558,2010.79563732142,,main,main,617.951178594587,90.74010313479324
242,243,0.0746592588667099,113.003434127729,35.6708240886158,112.703607402357,35.4557503240261,682.600753288131,682.526094029264,2010.79563732142,2010.87029658029,,main,main,36.17000982225244,484.46783923782584
259,260,2.49677614220895,102.928477283549,24.8913311005069,102.842209387116,24.8611726227081,682.744671383087,680.247895240878,2008.51743853303,2011.01421467524,,main,main,9.335640718411538,3.739077989647923
246,48,164.044978238804,104.582573773932,23.9736272369612,99.2543397281997,25.4305908451167,682.768812872227,518.723834633423,1846.99337792558,2011.03835616438,SC1_KF569996.1,main,main,562.7549889581571,3.4304920211513084
181,62,141.36347052246,102.689678312824,25.4121499824084,101.930553047516,25.0280906454228,682.768812872227,541.405342349768,1869.67488564192,2011.03835616438,SC1_JX993988.1,main,main,87.53132822345081,0.619193401944272
260,262,0.039045802847717,102.842209387116,24.8611726227081,103.009862421676,24.8540662065114,682.783717185935,682.744671383087,2011.01421467524,2011.05326047809,,main,main,16.962315159580843,434.4209600641526
179,180,1.34389581056217,102.835024583457,24.9304015526689,102.825471666169,24.9316389926685,682.904057601863,681.560161791301,2009.82970508346,2011.17360089402,,main,main,0.974593212242575,0.7251999779915151
262,32,0.275506645196741,103.009862421676,24.8540662065114,102.59540250054,25.0874493409735,683.059223831132,682.783717185935,2011.05326047809,2011.32876712329,SC1_KC881005.1,main,main,49.19081949038613,178.54676229409517
273,278,21.7169229058549,110.812264218241,26.8690902937873,103.104224719506,22.7831067123438,683.18790482142,661.470981915565,1989.74052520772,2011.45744811358,,main,main,900.8058723967887,41.47944330335725
198,199,15.7065820358045,117.187481198734,26.9950894524523,117.446275923341,27.637477881606,683.39702975683,667.690447721026,1995.95999101318,2011.66657304899,,main,main,75.65036331081232,4.8164752291975965
168,49,43.5889225891353,111.633405480909,33.1577293562794,109.25621992254,33.8664750114327,683.434566296885,639.84564370775,1968.11518699991,2011.70410958904,SC1_JX993987.1,main,main,234.42807095054425,5.378157041417131
147,148,16.8532663808886,110.777673287497,25.0687311144994,126.115388610406,41.5169602386808,683.437941920397,666.584675539509,1994.85421883166,2011.70748521255,,main,main,2309.3330777291426,137.02584564544108
278,279,0.471875104736789,103.104224719506,22.7831067123438,103.217759965933,22.8782023449753,683.659779926157,683.18790482142,2011.45744811358,2011.92932321831,,main,main,15.707569269179197,33.28755662568986
202,203,3.89099399572413,116.543956019242,26.3793331842419,116.519124804067,26.4120155195436,683.663491459429,679.772497463705,2008.04204075586,2011.93303475158,,main,main,4.387538604558826,1.1276138203709274
236,237,12.4654945213192,111.667311486332,30.7617015992096,114.156414182621,26.9985864608291,683.727520124586,671.262025603267,1999.53156889542,2011.99706341674,,main,main,482.5691100816342,38.712391975811066
212,213,5.78656633703974,113.817158590625,23.0898194948118,111.241909858817,22.5205878512493,683.73411896163,677.94755262459,2006.21709591675,2012.00366225379,,main,main,271.80428467003156,46.971600918184535
158,2,10.9015679509788,98.6822239708634,24.9846848611457,98.3910069292821,24.3636081567281,683.768812872227,672.867244921249,2001.1367882134,2012.03835616438,SC1_KU973692.1,main,main,74.84386228187964,6.865421801563853
243,67,1.16805958409687,112.703607402357,35.4557503240261,112.75155697477,35.2979170224905,683.768812872227,682.600753288131,2010.87029658029,2012.03835616438,SC1_KY770860.1,main,main,18.045122187629385,15.448802812214124
199,100,0.371783115397571,117.446275923341,27.637477881606,119.34695808233,27.8945806668338,683.768812872227,683.39702975683,2011.66657304899,2012.03835616438,SC1_KF294457.1,main,main,189.50867596269862,509.72910848854747
148,5,0.330870951830283,126.115388610406,41.5169602386808,126.052245495037,41.4363718472922,683.768812872227,683.437941920397,2011.70748521255,2012.03835616438,SC1_KJ473811.1,main,main,10.3887324768861,31.398140028366402
260,261,1.09538899383624,102.842209387116,24.8611726227081,102.845467143809,24.8656091482878,683.840060376923,682.744671383087,2011.01421467524,2012.10960366908,,main,main,0.5915283293342782,0.5400166814371985
248,249,6.58805086209622,102.827948891011,24.1329285119256,102.857737819318,24.924594529968,683.885221258136,677.29717039604,2005.5667136882,2012.15476455029,,main,main,87.74156066031759,13.318288291477993
261,30,0.141867249402356,102.845467143809,24.8656091482878,102.652072241489,25.0575277899892,683.981927626326,683.840060376923,2012.10960366908,2012.25147091848,SC1_KC881006.1,main,main,28.867795415682487,203.48456417738282
232,233,9.86320321018383,103.15278738642,25.0061412565579,103.016637597242,25.0487508860834,684.078176422233,674.214973212049,2002.4845165042,2012.34771971439,,main,main,14.529321950894813,1.4730835045447692
148,149,0.650287857353483,126.115388610406,41.5169602386808,126.067635165026,41.5199528173494,684.088229777751,683.437941920397,2011.70748521255,2012.35777306991,,main,main,3.999930098556928,6.1510145904241424
270,271,4.76762331105884,105.051783302175,25.1489777595367,105.260251010734,25.0786142944855,684.154586752404,679.386963441346,2007.6565067335,2012.42413004456,,main,main,22.42368467303174,4.703325579648546
239,240,26.2831079191062,102.188674961526,25.564343914427,101.965357911161,25.1119952294646,684.193395960026,657.91028804092,1986.17983133308,2012.46293925218,,main,main,54.92234620383137,2.0896442830456214
170,171,6.21257112191581,114.673848803769,29.3455625958927,114.846602558586,27.2371922927546,684.252722182711,678.040151060796,2006.30969435295,2012.52226547487,,main,main,234.2721258186098,37.709367220308906
261,29,0.595419161970757,102.845467143809,24.8656091482878,102.994686919222,24.7945037396717,684.435479538894,683.840060376923,2012.10960366908,2012.70502283105,SC1_KF367457.1,main,main,17.01694440416457,28.579772857562702
158,1,11.6146827050771,98.6822239708634,24.9846848611457,102.912455624887,25.0784310787936,684.481927626326,672.867244921249,2001.1367882134,2012.75147091848,SC1_KY417145.1,main,main,427.04196162764606,36.76742382647906
262,31,1.69821044039088,103.009862421676,24.8540662065114,102.97918086775,24.7685387346789,684.481927626326,682.783717185935,2011.05326047809,2012.75147091848,SC1_KY417144.1,main,main,9.968802491816898,5.8701809002672025
180,127,1.57787002446263,102.825471666169,24.9316389926685,102.796049814908,24.984562561163,684.481927626326,682.904057601863,2011.17360089402,2012.75147091848,SC1_KY417143.1,main,main,6.572380009284022,4.165349431441513
149,150,0.656461213381508,126.067635165026,41.5199528173494,124.088055619738,41.9484607434582,684.744690991132,684.088229777751,2012.35777306991,2013.01423428329,,main,main,171.42478394944712,261.13467247580115
249,250,0.877109385638267,102.857737819318,24.924594529968,102.760081826637,24.7950507922677,684.762330643774,683.885221258136,2012.15476455029,2013.03187393593,,main,main,17.416100001263338,19.856246309107444
144,19,565.276329593523,105.580807125701,24.416705109746,141.287718585979,39.5553175683026,684.768812872227,119.492483278705,1447.76202657086,2013.03835616438,SC1_LC556375.1,main,main,3735.594602186088,6.608439813625784
169,51,32.4557252418494,111.892062502082,31.3426619952633,110.162300620688,30.2762541771494,684.768812872227,652.313087630378,1980.58263092253,2013.03835616438,SC1_KJ473814.1,main,main,203.40863262501213,6.267265054448108
224,70,19.9813606832876,112.644319589165,24.86430586933,111.379379415605,24.628452724568,684.768812872227,664.78745218894,1993.0569954811,2013.03835616438,SC1_KJ473815.1,main,main,130.59591162453836,6.53588680443413
270,20,5.38184943088183,105.051783302175,25.1489777595367,102.731160704709,25.1259660155872,684.768812872227,679.386963441346,2007.6565067335,2013.03835616438,SC1_KJ473816.1,main,main,234.0167209765272,43.48258419005657
242,66,2.24271884296358,113.003434127729,35.6708240886158,114.338802770049,37.228975203993,684.768812872227,682.526094029264,2010.79563732142,2013.03835616438,SC1_KJ473812.1,main,main,210.29669428092456,93.76863931951172
243,65,2.16805958409687,112.703607402357,35.4557503240261,112.709150314676,35.604728643407,684.768812872227,682.600753288131,2010.87029658029,2013.03835616438,SC1_KJ473813.1,main,main,16.536834729206046,7.627481666328213
271,21,0.614226119822987,105.260251010734,25.0786142944855,105.259199456775,25.0579233633876,684.768812872227,684.154586752404,2012.42413004456,2013.03835616438,SC1_KY770858.1,main,main,2.2944694414297255,3.735545212715743
271,22,0.614226119822987,105.260251010734,25.0786142944855,105.415789517143,24.9617475473245,684.768812872227,684.154586752404,2012.42413004456,2013.03835616438,SC1_KY770859.1,main,main,20.34825634007755,33.128282375783186
232,234,10.6459638992524,103.15278738642,25.0061412565579,103.25530942524,24.8780656009695,684.860937111301,674.214973212049,2002.4845165042,2013.13048040346,,main,main,17.56391950224581,1.6498195624615273
179,126,3.49906203983066,102.835024583457,24.9304015526689,102.800566974183,24.9401831549131,685.059223831132,681.560161791301,2009.82970508346,2013.32876712329,SC1_KY417149.1,main,main,3.645085216112283,1.041732091234567
233,115,0.981047408899006,103.016637597242,25.0487508860834,102.897477442598,24.9563486024478,685.059223831132,684.078176422233,2012.34771971439,2013.32876712329,SC1_KY417148.1,main,main,15.79446946143944,16.099598570027318
233,114,0.981047408899006,103.016637597242,25.0487508860834,102.909599089213,25.0945684397305,685.059223831132,684.078176422233,2012.34771971439,2013.32876712329,SC1_KY417147.1,main,main,11.932470257643478,12.162990442057085
250,45,0.296893187357247,102.760081826637,24.7950507922677,102.972455450389,24.6851660424257,685.059223831132,684.762330643774,2013.03187393593,2013.32876712329,SC1_KY417146.1,main,main,24.692425948104706,83.16939222452649
240,64,0.964458008091743,101.965357911161,25.1119952294646,101.869469912356,24.9777777658655,685.157853968118,684.193395960026,2012.46293925218,2013.42739726027,SC1_KP886809.1,main,main,17.73928302360732,18.393007134344714
240,63,0.964458008091743,101.965357911161,25.1119952294646,101.954820148151,25.0896622582131,685.157853968118,684.193395960026,2012.46293925218,2013.42739726027,SC1_KP886808.1,main,main,2.6925975880827853,2.7918245952566707
171,174,0.93734386176568,114.846602558586,27.2371922927546,114.814815790709,27.3349969051743,685.190066044477,684.252722182711,2012.52226547487,2013.45960933663,,main,main,11.285194708283607,12.039546177883558
150,151,0.54893116843769,124.088055619738,41.9484607434582,124.165186667049,41.9794530779908,685.29362215957,684.744690991132,2013.01423428329,2013.56316545173,,main,main,7.2617468115141754,13.228884109790657
249,46,1.4342765455981,102.857737819318,24.924594529968,103.003724958257,25.1296960698489,685.319497803734,683.885221258136,2012.15476455029,2013.58904109589,SC1_KY417150.1,main,main,27.0792094465492,18.880047595881898
250,47,0.557167159959837,102.760081826637,24.7950507922677,102.778336271191,24.975857722487,685.319497803734,684.762330643774,2013.03187393593,2013.58904109589,SC1_KT444582.1,main,main,20.11295237571356,36.098596294087734
149,6,1.26140501228498,126.067635165026,41.5199528173494,125.985178543312,41.5020023713654,685.349634790036,684.088229777751,2012.35777306991,2013.61917808219,SC1_KU182964.1,main,main,7.166536187085999,5.681391874370415
234,235,0.659706835118788,103.25530942524,24.8780656009695,103.031045885677,24.7218545591081,685.52064394642,684.860937111301,2013.13048040346,2013.79018723858,,main,main,28.523819265319407,43.237113437188135
147,157,19.2118496680635,110.777673287497,25.0687311144994,110.99753811409,25.1266631348216,685.796525207572,666.584675539509,1994.85421883166,2014.06606849973,,main,main,23.087594627512882,1.2017372104411248
235,113,0.607073035396477,103.031045885677,24.7218545591081,103.043937063824,24.7209668164847,686.127716981817,685.52064394642,2013.79018723858,2014.39726027397,SC1_KY417142.1,main,main,1.3079862198926562,2.154578022129439
263,264,4.98117235030936,102.869754520613,24.8447949911703,102.851575974604,24.8146380163828,686.481000467215,681.499828116905,2009.76937140906,2014.75054375937,,main,main,3.812594795517703,0.7654010998597386
213,214,2.83323635782151,111.241909858817,22.5205878512493,111.215753277344,22.4134587346192,686.567355319452,683.73411896163,2012.00366225379,2014.83689861161,,main,main,12.164731306107134,4.293581533543731
264,34,0.098771309122335,102.851575974604,24.8146380163828,102.779236519942,24.6949786995766,686.579771776337,686.481000467215,2014.75054375937,2014.84931506849,SC1_KY417151.1,main,main,15.14013263941061,153.28472178756405
159,160,9.77526620557423,101.422243062781,14.7885459319101,101.876065469617,20.3037964777126,686.613968404032,676.838702198458,2005.10824549061,2014.88351169619,,main,main,612.3025919333827,62.637945510294585
277,141,9.67521885543322,122.414104939389,29.8872020221247,122.190854714515,29.94427336307,687.264703283186,677.589484427753,2005.85902771991,2015.53424657534,SC1_MG772934.1,main,main,22.467829885663686,2.322203789017821
258,265,13.7131773820094,101.564621624007,25.1435135795656,101.211510524468,25.0701497120197,687.432015249076,673.718837867067,2001.98838115922,2015.70155854123,,main,main,36.53113180029714,2.6639436494289854
264,35,1.07685350090302,102.851575974604,24.8146380163828,102.917416274743,24.8315577370799,687.557853968118,686.481000467215,2014.75054375937,2015.82739726027,SC1_KY417152.1,main,main,6.914903405833846,6.421396596691376
203,204,4.06541345470676,116.519124804067,26.4120155195436,116.566210584528,26.4545526609202,687.728904914136,683.663491459429,2011.93303475158,2015.99844820629,,main,main,6.653588717552239,1.6366327291628855
150,14,3.3164716078712,124.088055619738,41.9484607434582,127.023566091906,35.4262682593537,688.061162599003,684.744690991132,2013.01423428329,2016.33070589116,SC1_KY938558.1,main,main,767.6175765602691,231.45609772097305
170,176,10.0255647215123,114.673848803769,29.3455625958927,114.721441292812,29.5069803405141,688.065715782308,678.040151060796,2006.30969435295,2016.33525907446,,main,main,18.478405048602465,1.8431285979285066
265,266,0.746745116445664,101.211510524468,25.0701497120197,101.217169919409,24.9528449593151,688.178760365522,687.432015249076,2015.70155854123,2016.44830365768,,main,main,13.006757258095305,17.417934140640245
266,267,0.0172501698618994,101.217169919409,24.9528449593151,101.277058320353,24.9467196661763,688.196010535384,688.178760365522,2016.44830365768,2016.46555382754,,main,main,6.086134565132946,352.81592087828915
207,110,6.16727716373597,112.983288115363,24.6682309846063,113.187841922045,24.6721236099639,688.26608063179,682.098803468054,2010.36834676021,2016.53562392395,SC1_OK017812.1,main,main,20.708995618899365,3.357883076938675
267,268,0.111747902180095,101.277058320353,24.9467196661763,101.348644976849,24.9508173589148,688.307758437564,688.196010535384,2016.46555382754,2016.57730172972,,main,main,7.243908267544667,64.8236622453122
266,269,0.142118339874927,101.217169919409,24.9528449593151,101.290312059274,24.9621260464496,688.320878705397,688.178760365522,2016.44830365768,2016.59042199755,,main,main,7.457450429183382,52.4735261877278
167,52,58.9154608093531,109.956477305714,29.6511623717862,104.920873106766,32.0727534186801,688.350780085342,629.435319275989,1957.70486256815,2016.6203233775,SC1_MK211374.1,main,main,551.2885565449444,9.357281585709414
226,121,57.6636209372906,111.097137982642,27.0913354351302,99.1768094283865,29.8293627078848,688.350780085342,630.687159148052,1958.95670244021,2016.6203233775,SC1_OK017846.1,main,main,1205.609275806124,20.90762349310718
267,27,0.154769549958529,101.277058320353,24.9467196661763,101.31637073552,24.9682436539592,688.350780085342,688.196010535384,2016.46555382754,2016.6203233775,SC1_OK017848.1,main,main,4.630901958595975,29.921273014212677
268,26,0.043021647778434,101.348644976849,24.9508173589148,101.430894507673,24.8511706003413,688.350780085342,688.307758437564,2016.57730172972,2016.6203233775,SC1_OK017847.1,main,main,13.816274626028044,321.147035027187
268,23,0.043021647778434,101.348644976849,24.9508173589148,101.384747555303,24.9969209570797,688.350780085342,688.307758437564,2016.57730172972,2016.6203233775,SC1_OK017851.1,main,main,6.274550221790425,145.84634819440242
269,25,0.0299013799455015,101.290312059274,24.9621260464496,101.292021353779,24.9405240762194,688.350780085342,688.320878705397,2016.59042199755,2016.6203233775,SC1_OK017849.1,main,main,2.399115235356565,80.23426476400796
269,24,0.0299013799455015,101.290312059274,24.9621260464496,101.287537178965,24.9649607946598,688.350780085342,688.320878705397,2016.59042199755,2016.6203233775,SC1_OK017850.1,main,main,0.4208554649335409,14.074784030054651
180,128,5.53142193703103,102.825471666169,24.9316389926685,102.815129701263,25.91727317499,688.435479538894,682.904057601863,2011.17360089402,2016.70502283105,SC1_MK211378.1,main,main,109.19278477393708,19.740454808360887
234,111,3.57454242759296,103.25530942524,24.8780656009695,103.240357659956,24.8667999512633,688.435479538894,684.860937111301,2013.13048040346,2016.70502283105,SC1_MK211375.1,main,main,1.959643385900113,0.5482221642616523
235,112,2.91483559247417,103.031045885677,24.7218545591081,103.142642688076,24.7565888723831,688.435479538894,685.52064394642,2013.79018723858,2016.70502283105,SC1_MK211377.1,main,main,11.926985724138433,4.091821080726743
265,28,1.00346428981814,101.211510524468,25.0701497120197,101.307882088888,25.1564106963738,688.435479538894,687.432015249076,2015.70155854123,2016.70502283105,SC1_MK211376.1,main,main,13.630191205865469,13.583135288586798
214,216,1.92800141763269,111.215753277344,22.4134587346192,111.192062431893,22.4367663369961,688.495356737084,686.567355319452,2014.83689861161,2016.76490002924,,main,main,3.5510963490007437,1.8418535985108258
216,218,0.0044556200555545,111.192062431893,22.4367663369961,111.19370050525,22.4451279515326,688.49981235714,688.495356737084,2016.76490002924,2016.7693556493,,main,main,0.9411628575886414,211.23050122179103
216,217,0.299033373218506,111.192062431893,22.4367663369961,110.993748456613,22.4048885234153,688.794390110303,688.495356737084,2016.76490002924,2017.06393340246,,main,main,20.720267134678707,69.29081831792149
277,142,11.2642599513235,122.414104939389,29.8872020221247,122.357514147912,29.7937634030309,688.853744379077,677.589484427753,2005.85902771991,2017.12328767123,SC1_MG772933.1,main,main,11.712823796641663,1.0398218655514477
212,222,11.0052480400926,113.817158590625,23.0898194948118,111.794945124403,22.9368992587937,688.952800664683,677.94755262459,2006.21709591675,2017.22234395684,,main,main,207.9908930266745,18.899246274954876
218,219,0.472983048333169,111.19370050525,22.4451279515326,111.252281589332,22.3410032261977,688.972795405473,688.49981235714,2016.7693556493,2017.24233869763,,main,main,13.012992293535126,27.512597627745805
219,220,0.325456893067046,111.252281589332,22.3410032261977,111.264490502779,22.5489417690845,689.29825229854,688.972795405473,2017.24233869763,2017.5677955907,,main,main,23.06062062134096,70.85614443136203
174,175,4.14419093612066,114.814815790709,27.3349969051743,113.220594205406,24.8774128651873,689.334256980598,685.190066044477,2013.45960933663,2017.60380027275,,main,main,315.5251287598726,76.13672575019741
218,221,0.848371312485137,111.19370050525,22.4451279515326,110.970157510883,22.2518262251045,689.348183669625,688.49981235714,2016.7693556493,2017.61772696178,,main,main,31.439050749730075,37.05812571341617
224,69,24.5621826010958,112.644319589165,24.86430586933,112.630172284241,24.8925502959611,689.349634790036,664.78745218894,1993.0569954811,2017.61917808219,SC1_OK017792.1,main,main,3.439800824259617,0.1400445913184505
207,109,7.33576282883072,112.983288115363,24.6682309846063,112.985445758277,24.6770657049391,689.434566296885,682.098803468054,2010.36834676021,2017.70410958904,SC1_OK017823.1,main,main,1.0026765308412235,0.13668333535819133
217,80,0.640176186582252,110.993748456613,22.4048885234153,110.990550610129,22.3744802429184,689.434566296885,688.794390110303,2017.06393340246,2017.70410958904,SC1_OK017820.1,main,main,3.3833423624308647,5.285017520713669
217,82,0.640176186582252,110.993748456613,22.4048885234153,110.936791926021,22.361096845967,689.434566296885,688.794390110303,2017.06393340246,2017.70410958904,SC1_OK017818.1,main,main,7.610524178998547,11.888171316757846
222,86,0.481765632202131,111.794945124403,22.9368992587937,111.800072029212,22.944271918302,689.434566296885,688.952800664683,2017.22234395684,2017.70410958904,SC1_OK017824.1,main,main,0.9711578437673809,2.015830476176265
222,85,0.481765632202131,111.794945124403,22.9368992587937,111.855671839383,22.9897334483395,689.434566296885,688.952800664683,2017.22234395684,2017.70410958904,SC1_OK017822.1,main,main,8.54499426266784,17.736828224149203
219,77,0.461770891412035,111.252281589332,22.3410032261977,111.00649429865,22.1175187998292,689.434566296885,688.972795405473,2017.24233869763,2017.70410958904,SC1_OK017816.1,main,main,35.41911131546901,76.70278047878246
220,78,0.13631399834499,111.264490502779,22.5489417690845,111.276740165898,22.5504319511279,689.434566296885,689.29825229854,2017.5677955907,2017.70410958904,SC1_OK017814.1,main,main,1.2707539756944124,9.322255902716076
220,81,0.13631399834499,111.264490502779,22.5489417690845,111.627801176312,22.6925722513631,689.434566296885,689.29825229854,2017.5677955907,2017.70410958904,SC1_OK017817.1,main,main,40.59633174315115,297.81484099973363
175,56,0.100309316287399,113.220594205406,24.8774128651873,113.180161738245,24.8731400843757,689.434566296885,689.334256980598,2017.60380027275,2017.70410958904,SC1_OK017819.1,main,main,4.113094384937981,41.00411145414889
175,55,0.100309316287399,113.220594205406,24.8774128651873,113.221961713701,24.8977215142703,689.434566296885,689.334256980598,2017.60380027275,2017.70410958904,SC1_OK017813.1,main,main,2.253853231356671,22.469031938161095
221,76,0.0863826272600674,110.970157510883,22.2518262251045,110.979399884216,22.2569862735546,689.434566296885,689.348183669625,2017.61772696178,2017.70410958904,SC1_OK017821.1,main,main,1.1108911072020389,12.860121791127519
221,79,0.0863826272600674,110.970157510883,22.2518262251045,111.01166578145,22.2276793715797,689.434566296885,689.348183669625,2017.61772696178,2017.70410958904,SC1_OK017815.1,main,main,5.045723395057482,58.41132129341935
279,136,6.68985486387909,103.217759965933,22.8782023449753,103.147393695679,23.4565563179917,690.349634790036,683.659779926157,2011.92932321831,2018.61917808219,SC1_MW703458.1,main,main,64.45458395181068,9.63467597777404
171,172,6.4512320161038,114.846602558586,27.2371922927546,114.745826007198,27.109893551979,690.703954198815,684.252722182711,2012.52226547487,2018.97349749097,,main,main,17.28318342599116,2.67905159554768
151,155,5.53778166254275,124.165186667049,41.9794530779908,123.396086927236,41.9002454415017,690.831403822113,685.29362215957,2013.56316545173,2019.10094711427,,main,main,64.38415861932621,11.626344724787023
151,152,5.55683822180313,124.165186667049,41.9794530779908,124.148421466528,42.0806471848175,690.850460381373,685.29362215957,2013.56316545173,2019.12000367353,,main,main,11.325440282648508,2.0381086924955563
152,153,0.0833512747976015,124.148421466528,42.0806471848175,124.167459673783,42.1105563190701,690.933811656171,690.850460381373,2019.12000367353,2019.20335494833,,main,main,3.6765848026317176,44.10952095885058
214,215,4.6315841819514,111.215753277344,22.4134587346192,111.177455743097,22.5775014767318,691.198939501403,686.567355319452,2014.83689861161,2019.46848279356,,main,main,18.58814333708454,4.013344593739609
160,16,4.63429652299021,101.876065469617,20.3037964777126,101.677826364023,21.4784220477981,691.248264927022,686.613968404032,2014.88351169619,2019.51780821918,SC1_EPI_ISL_412977,main,main,131.67482782589977,28.41312099315962
215,84,0.150695288632603,111.177455743097,22.5775014767318,111.1756894833,22.5665523400429,691.349634790036,691.198939501403,2019.46848279356,2019.61917808219,SC1_OK017825.1,main,main,1.2260174191063442,8.13573821870032
215,83,0.150695288632603,111.177455743097,22.5775014767318,111.105169990528,22.5466843106591,691.349634790036,691.198939501403,2019.46848279356,2019.61917808219,SC1_OK017826.1,main,main,8.180430486363113,54.28458023201445
248,251,14.054323319938,102.827948891011,24.1329285119256,102.978536045731,24.1431251189469,691.351493715978,677.29717039604,2005.5667136882,2019.62103700813,,main,main,15.347732309844769,1.0920292610653044
211,74,18.0360078252332,113.986798435823,23.0685361036405,113.677130746403,23.0900455266611,691.434566296885,673.398558471652,2001.66810176381,2019.70410958904,SC1_OK017828.1,main,main,31.818627095726058,1.764172393583149
213,75,7.70044733525495,111.241909858817,22.5205878512493,111.297489706579,22.6316103124894,691.434566296885,683.73411896163,2012.00366225379,2019.70410958904,SC1_OK017827.1,main,main,13.558148302098797,1.7606961922881468
157,3,5.63804108931299,110.99753811409,25.1266631348216,110.919168389015,24.993794139425,691.434566296885,685.796525207572,2014.06606849973,2019.70410958904,SC1_OK017859.1,main,main,16.70811036299724,2.9634601980229918
251,252,0.219039914297624,102.978536045731,24.1431251189469,103.221078493018,24.5222151944151,691.570533630276,691.351493715978,2019.62103700813,2019.84007692243,,main,main,48.67235809473668,222.20771155252703
252,253,0.163009160392356,103.221078493018,24.5222151944151,103.199368250855,24.5322992256749,691.733542790668,691.570533630276,2019.84007692243,2020.00308608282,,main,main,2.467275537197305,15.13580912421535
253,255,0.105526241276106,103.199368250855,24.5322992256749,102.866101640431,24.68433297718,691.839069031944,691.733542790668,2020.00308608282,2020.1086123241,,main,main,37.717388998335466,357.421893760521
153,154,1.01398633808638,124.167459673783,42.1105563190701,124.15203778989,42.1734336240654,691.947797994257,690.933811656171,2019.20335494833,2020.21734128641,,main,main,7.099564395648226,7.001637131567964
253,254,0.224507089583555,103.199368250855,24.5322992256749,103.14044110299,24.3486963517386,691.958049880252,691.733542790668,2020.00308608282,2020.22759317241,,main,main,21.19637564769551,94.41294565357963
155,156,1.21387887265406,123.396086927236,41.9002454415017,123.446450202493,41.8997269533582,692.045282694767,690.831403822113,2019.10094711427,2020.31482598692,,main,main,4.179559919176951,3.4431441335152657
278,137,8.97708291419577,103.104224719506,22.7831067123438,101.64488346717,21.4742136049199,692.164987735616,683.18790482142,2011.45744811358,2020.43453102777,SC1_MZ081381.1,main,main,208.98026558763303,23.279306606065244
263,33,10.6842853017703,102.869754520613,24.8447949911703,102.944825201118,24.6022800008149,692.184113418676,681.499828116905,2009.76937140906,2020.45365671083,SC1_OK017858.1,main,main,27.916187741956477,2.612826871754444
251,42,0.83261970269767,102.978536045731,24.1431251189469,102.029604878926,24.2491150718441,692.184113418676,691.351493715978,2019.62103700813,2020.45365671083,SC1_OK017853.1,main,main,97.1204605656521,116.64444193547652
252,43,0.613579788400046,103.221078493018,24.5222151944151,103.258268752527,24.5054270780805,692.184113418676,691.570533630276,2019.84007692243,2020.45365671083,SC1_OK017855.1,main,main,4.202768884908175,6.849588210633862
255,40,0.345044386731584,102.866101640431,24.68433297718,102.814234074539,24.6934845871869,692.184113418676,691.839069031944,2020.1086123241,2020.45365671083,SC1_OK017852.1,main,main,5.3461292324911565,15.494033342005945
255,41,0.345044386731584,102.866101640431,24.68433297718,103.063033836054,24.7305697913817,692.184113418676,691.839069031944,2020.1086123241,2020.45365671083,SC1_OK017856.1,main,main,20.57477408764051,59.62935459560448
254,39,0.226063538424135,103.14044110299,24.3486963517386,103.140957074198,24.3472557302362,692.184113418676,691.958049880252,2020.22759317241,2020.45365671083,SC1_OK017857.1,main,main,0.16793862080260993,0.7428823859579138
254,44,0.226063538424135,103.14044110299,24.3486963517386,103.037949104342,24.1222799744097,692.184113418676,691.958049880252,2020.22759317241,2020.45365671083,SC1_OK017854.1,main,main,27.152894468703643,120.11178210331306
160,161,5.6114521368635,101.876065469617,20.3037964777126,102.124968556369,18.6783262869102,692.225420540895,686.613968404032,2014.88351169619,2020.49496383305,,main,main,181.823554076391,32.40222845026717
159,15,15.3945915480868,101.422243062781,14.7885459319101,101.178939167705,13.5492134078915,692.233293746544,676.838702198458,2005.10824549061,2020.5028370387,SC1_MW251308.1,main,main,139.61369262336794,9.069009215818966
200,102,22.9754714250922,116.541372211461,27.0208235137472,113.771376803421,29.7700385858813,692.26608063179,669.290609206698,1997.56015249885,2020.53562392395,SC1_OK017802.1,main,main,408.0365426351642,17.759659207233298
176,60,4.20036484948253,114.721441292812,29.5069803405141,114.946520200258,29.6325493838614,692.26608063179,688.065715782308,2016.33525907446,2020.53562392395,SC1_OK017801.1,main,main,25.87296920060267,6.159695675910184
161,17,0.0570535335179712,102.124968556369,18.6783262869102,102.119851234705,18.6838691831207,692.282474074413,692.225420540895,2020.49496383305,2020.55201736657,SC1_MZ937002.1,main,main,0.8172155826581107,14.323662922660125
161,18,0.0652502548293497,102.124968556369,18.6783262869102,102.269754820432,18.5202726563911,692.290670795725,692.225420540895,2020.49496383305,2020.56021408788,SC1_MZ937004.1,main,main,23.228562193657847,355.9919000225819
172,173,1.62371828126147,114.745826007198,27.109893551979,114.930868508263,27.1647163227034,692.327672480077,690.703954198815,2018.97349749097,2020.59721577223,,main,main,19.32367476420113,11.900878980797412
204,205,4.65752720480075,116.566210584528,26.4545526609202,116.631796015837,26.6554040020567,692.386432118936,687.728904914136,2015.99844820629,2020.65597541109,,main,main,23.193358751017378,4.979758084313669
275,276,15.3846210355452,110.919589912272,26.9883590012934,110.142982465968,26.677870848534,692.407098334003,677.022477298458,2005.29202059061,2020.67664162616,,main,main,84.51408870473796,5.493413748019758
231,116,33.5170428889001,102.874763970486,24.8772165048171,101.646435782141,24.4202475732284,692.435479538894,658.918436649994,1987.18797994215,2020.70502283105,SC1_OK017793.1,main,main,134.25654657713295,4.005620275695471
155,11,1.60407571678159,123.396086927236,41.9002454415017,123.38406846826,41.8816617740468,692.435479538894,690.831403822113,2019.10094711427,2020.70502283105,SC1_OK017797.1,main,main,2.292472132551258,1.4291545645681012
152,7,1.58501915752122,124.148421466528,42.0806471848175,124.310565195496,42.161907026431,692.435479538894,690.850460381373,2019.12000367353,2020.70502283105,SC1_OK017795.1,main,main,16.16316678524015,10.19745831370102
153,8,1.50166788272362,124.167459673783,42.1105563190701,124.16611417508,42.1275013724039,692.435479538894,690.933811656171,2019.20335494833,2020.70502283105,SC1_OK017800.1,main,main,1.8854678841530061,1.2555824798844846
154,10,0.487681544637234,124.15203778989,42.1734336240654,124.241712523792,41.975555063938,692.435479538894,691.947797994257,2020.21734128641,2020.70502283105,SC1_OK017796.1,main,main,23.19828112416141,47.56850321538751
154,9,0.487681544637234,124.15203778989,42.1734336240654,123.970162172895,42.0580103153643,692.435479538894,691.947797994257,2020.21734128641,2020.70502283105,SC1_OK017798.1,main,main,19.763801752440163,40.526039932763155
156,12,0.390196844127531,123.446450202493,41.8997269533582,123.422944013274,41.9048018663195,692.435479538894,692.045282694767,2020.31482598692,2020.70502283105,SC1_OK017794.1,main,main,2.0302995181991346,5.203269961700553
156,13,0.390196844127531,123.446450202493,41.8997269533582,123.600754675205,41.8738621438742,692.435479538894,692.045282694767,2020.31482598692,2020.70502283105,SC1_OK017799.1,main,main,13.125136750000387,33.63721913063602
203,206,9.07053628037418,116.519124804067,26.4120155195436,115.579425412548,25.3818151983842,692.734027739803,683.663491459429,2011.93303475158,2021.00357103196,,main,main,147.96045841061704,16.312206228727344
237,122,9.12622425449086,114.156414182621,26.9985864608291,112.995188553365,25.9031276168384,692.853744379077,683.727520124586,2011.99706341674,2021.12328767123,SC1_OK017833.1,main,main,167.75752895773672,18.38192052701161
157,4,7.05721917150458,110.99753811409,25.1266631348216,110.993211224437,25.1383766411288,692.853744379077,685.796525207572,2014.06606849973,2021.12328767123,SC1_OK017832.1,main,main,1.3689599563258548,0.1939800823890235
276,138,0.446646045073919,110.142982465968,26.677870848534,110.112601964605,26.7197253439782,692.853744379077,692.407098334003,2020.67664162616,2021.12328767123,SC1_OK017803.1,main,main,5.535947817509169,12.394485249708147
276,139,0.446646045073919,110.142982465968,26.677870848534,110.145948263961,26.6744116773357,692.853744379077,692.407098334003,2020.67664162616,2021.12328767123,SC1_OK017804.1,main,main,0.4837815454271899,1.083143018421052
228,229,38.1822040337088,109.762729533936,26.0524544654177,107.238013548168,27.7647751811759,692.914312753635,654.732108719926,1983.00165201208,2021.18385604579,,main,main,314.45761388296194,8.235711422141739
167,53,63.4951374318547,109.956477305714,29.6511623717862,110.045841272673,29.7211474133453,692.930456707844,629.435319275989,1957.70486256815,2021.2,SC1_OK017834.1,main,main,11.618653586600882,0.1829849348553729
169,50,40.6173690774658,111.892062502082,31.3426619952633,107.497976989743,28.6457208729741,692.930456707844,652.313087630378,1980.58263092253,2021.2,SC1_OK017830.1,main,main,518.7107117996238,12.770662491958408
228,120,38.1983479879178,109.762729533936,26.0524544654177,109.715548594921,26.1678814186678,692.930456707844,654.732108719926,1983.00165201208,2021.2,SC1_OK017835.1,main,main,13.631105919616347,0.35685066600073617
275,140,15.9079794093863,110.919589912272,26.9883590012934,110.612501860841,27.0950986970246,692.930456707844,677.022477298458,2005.29202059061,2021.2,SC1_OK017805.1,main,main,32.683718552402205,2.054548708625911
229,118,0.0161439542090104,107.238013548168,27.7647751811759,107.229417734041,27.7346913277626,692.930456707844,692.914312753635,2021.18385604579,2021.2,SC1_OK017829.1,main,main,3.43978007685778,213.06924142153107
229,119,0.0161439542090104,107.238013548168,27.7647751811759,107.231186835342,27.7740964261936,692.930456707844,692.914312753635,2021.18385604579,2021.2,SC1_OK017831.1,main,main,1.2327923894038804,76.36248055732366
279,135,9.39560828853667,103.217759965933,22.8782023449753,103.432536669584,22.9400464053659,693.055388214693,683.659779926157,2011.92932321831,2021.32493150685,SC1_OK017806.1,main,main,23.074012896421028,2.4558295948302797
198,101,25.4071322744897,117.187481198734,26.9950894524523,116.74701199629,26.2948472018971,693.097579995515,667.690447721026,1995.95999101318,2021.36712328767,SC1_OK017808.1,main,main,89.12199591148503,3.5077550251890846
199,99,9.70055023868523,117.446275923341,27.637477881606,117.467312677914,27.4896133724404,693.097579995515,683.39702975683,2011.66657304899,2021.36712328767,SC1_OK017809.1,main,main,16.516406394381963,1.7026257261691708
205,108,0.711147876578676,116.631796015837,26.6554040020567,116.617218990338,26.4190615359853,693.097579995515,692.386432118936,2020.65597541109,2021.36712328767,SC1_OK017810.1,main,main,26.22613226912018,36.878591827193226
205,107,0.711147876578676,116.631796015837,26.6554040020567,116.617364008664,26.6257032132663,693.097579995515,692.386432118936,2020.65597541109,2021.36712328767,SC1_OK017811.1,main,main,3.5908435544671957,5.049362689153628
187,87,24.7289415445305,113.715772762777,22.9118455016477,114.14107263917,26.9941179304006,693.264703283186,668.535761738656,1996.80530503081,2021.53424657534,SC1_OK017837.1,main,main,454.23721224220606,18.368647579365295
211,73,19.8661448115345,113.986798435823,23.0685361036405,115.59639581914,25.0608383108864,693.264703283186,673.398558471652,2001.66810176381,2021.53424657534,SC1_OK017840.1,main,main,274.74654439338536,13.829887328409312
201,103,18.7073075236321,116.525689547153,27.0970972142395,116.63971028306,31.3564826574677,693.264703283186,674.557395759554,2002.82693905171,2021.53424657534,SC1_OK017807.1,main,main,472.2393962874324,25.24357905010508
237,123,9.53718315860061,114.156414182621,26.9985864608291,117.408596986664,28.9689979896137,693.264703283186,683.727520124586,2011.99706341674,2021.53424657534,SC1_OK017860.1,main,main,387.32019067393963,40.61159193788316
174,54,8.0746372387094,114.814815790709,27.3349969051743,115.645714235614,27.7610337488812,693.264703283186,685.190066044477,2013.45960933663,2021.53424657534,SC1_OK017842.1,main,main,94.67700178265383,11.725232847461816
204,106,5.53579836905073,116.566210584528,26.4545526609202,116.292967489947,26.062735950952,693.264703283186,687.728904914136,2015.99844820629,2021.53424657534,SC1_OK017838.1,main,main,51.27887446090659,9.26313984764944
176,61,5.19898750087862,114.721441292812,29.5069803405141,114.872013571244,29.3037725492126,693.264703283186,688.065715782308,2016.33525907446,2021.53424657534,SC1_OK017836.1,main,main,26.849604720154897,5.164391088768219
172,57,2.56074908437128,114.745826007198,27.109893551979,114.741385498942,26.9188744953392,693.264703283186,690.703954198815,2018.97349749097,2021.53424657534,SC1_OK017839.1,main,main,21.17021448846637,8.267195961397412
173,59,0.937030803109812,114.930868508263,27.1647163227034,114.866391069155,27.1265440957006,693.264703283186,692.327672480077,2020.59721577223,2021.53424657534,SC1_OK017845.1,main,main,7.664258572145945,8.179302693902752
173,58,0.937030803109812,114.930868508263,27.1647163227034,114.897794850299,27.2227081847882,693.264703283186,692.327672480077,2020.59721577223,2021.53424657534,SC1_OK017844.1,main,main,7.213263601431192,7.698000511287204
206,104,0.530675543383304,115.579425412548,25.3818151983842,116.071135879725,26.4857031263517,693.264703283186,692.734027739803,2021.00357103196,2021.53424657534,SC1_OK017841.1,main,main,131.84266934361713,248.4430853983936
206,105,0.530675543383304,115.579425412548,25.3818151983842,115.557457396218,25.4051986780686,693.264703283186,692.734027739803,2021.00357103196,2021.53424657534,SC1_OK017843.1,main,main,3.4053933084519454,6.417091103805115
257,38,0.646453441353221,107.390901648525,23.4302305154358,107.350878689017,23.4770959571535,691.768812872227,691.122359430874,2019.39190272303,2020.03835616438,Ghost2,,,6.607814518128184,10.22164025346674
257,37,0.646453441353221,107.390901648525,23.4302305154358,107.286953259332,23.3915304146501,691.768812872227,691.122359430874,2019.39190272303,2020.03835616438,Ghost1,,,11.456462172309973,17.722022096948173
247,256,23.5732603810565,102.785845385923,24.1081309920457,106.862448137284,24.0820113799209,673.520337725699,649.947077344643,1978.2166206368,2001.78988101785,sc_ghost_mrca,,,414.49177939667044,17.583133291555907
247,256,24.736804020730006,102.785845385923,24.1081309920457,109.69687752932518,21.653213622305277,673.520337725699,649.947077344643,1978.2166206368,2002.95342465753,ghostMRCAparent_to_SC1_AY394995.1,,,759.3447612578238,30.696963141296493
256,36,1.16354363967924,106.862448137284,24.0820113799209,109.69687752932518,21.653213622305277,674.683881365378,673.520337725699,2001.78988101785,2002.95342465753,SC1_AY394995.1,,,396.1461093178512,340.46519254495587
