node1,node2,length,startLon,startLat,endLon,endLat,endNodeL,startNodeL,startYear,endYear,tipLabel,startClade,endClade
210,211,4.57343155630959,108.765728241953,27.9628162163619,109.016634906615,27.6065597905696,114.909689219076,110.336257662766,1975.17802676698,1979.75145832329,NA,main,main
224,225,12.6426297051165,102.079296830315,24.3712283492818,102.193481558132,24.7918334298321,121.54690750622,108.904277801104,1973.74604690531,1986.38867661043,NA,main,main
211,212,9.30830337558542,109.016634906615,27.6065597905696,112.935739892457,29.9287368617876,124.217992594661,114.909689219076,1979.75145832329,1989.05976169887,NA,main,main
211,218,13.0124338023493,109.016634906615,27.6065597905696,110.048650763821,27.5258733346899,127.922123021425,114.909689219076,1979.75145832329,1992.76389212564,NA,main,main
225,241,7.32719823924196,102.193481558132,24.7918334298321,102.347342145629,24.715328284563,128.874105745462,121.54690750622,1986.38867661043,1993.71587484967,NA,main,main
241,243,0.713569861779511,102.347342145629,24.715328284563,102.37555669785,24.6131718312242,129.587675607242,128.874105745462,1993.71587484967,1994.42944471145,NA,main,main
243,269,0.384185058667775,102.37555669785,24.6131718312242,102.615478654139,24.5554721728822,129.971860665909,129.587675607242,1994.42944471145,1994.81362977012,NA,main,main
243,244,1.49165719320637,102.37555669785,24.6131718312242,103.002161621861,24.7825937086992,131.079332800448,129.587675607242,1994.42944471145,1995.92110190466,NA,main,main
225,226,9.82447155943992,102.193481558132,24.7918334298321,101.946210920752,24.8878847193842,131.37137906566,121.54690750622,1986.38867661043,1996.21314816987,NA,main,main
244,245,2.15627727211482,103.002161621861,24.7825937086992,102.760676726896,24.7524472067877,133.235610072563,131.079332800448,1995.92110190466,1998.07737917677,NA,main,main
212,213,9.03913894948568,112.935739892457,29.9287368617876,112.003539871157,29.8426369511932,133.257131544147,124.217992594661,1989.05976169887,1998.09890064836,NA,main,main
245,252,2.01167367076765,102.760676726896,24.7524472067877,102.68935865389,24.7903044575537,135.24728374333,133.235610072563,1998.07737917677,2000.08905284754,NA,main,main
226,228,4.06317917950403,101.946210920752,24.8878847193842,111.424391637161,30.8480017646454,135.434558245164,131.37137906566,1996.21314816987,2000.27632734937,NA,main,main
269,270,6.09497175274832,102.615478654139,24.5554721728822,102.575838520788,24.5493330025267,136.066832418658,129.971860665909,1994.81362977012,2000.90860152287,NA,main,main
153,154,8.62903244551964,103.555634468162,25.859268386395,111.334666614607,29.4204609466915,136.340989045978,127.711956600459,1992.55372570467,2001.18275815019,NA,main,main
161,162,29.7267376868657,100.427034075518,21.7806178503496,113.909753104475,22.4005186697834,136.647347385334,106.920609698468,1971.76237880268,2001.48911648954,NA,main,main
252,253,1.49256639285098,102.68935865389,24.7903044575537,102.630225616469,24.7826718597147,136.739850136181,135.24728374333,2000.08905284754,2001.58161924039,NA,main,main
162,163,0.100707113715981,113.909753104475,22.4005186697834,113.936141861128,22.3534499655312,136.74805449905,136.647347385334,2001.48911648954,2001.58982360326,NA,main,main
149,150,17.5616638199678,102.847414399526,22.9321493760214,101.861370991684,21.66600189617,138.299137334987,120.737473515019,1985.57924261923,2003.1409064392,NA,main,main
154,155,2.06222279229176,111.334666614607,29.4204609466915,122.295370939685,29.8550656311099,138.40321183827,136.340989045978,2001.18275815019,2003.24498094248,NA,main,main
210,221,28.0840405632799,108.765728241953,27.9628162163619,106.921349710284,30.6584737746336,138.420298226046,110.336257662766,1975.17802676698,2003.26206733026,NA,main,main
270,271,2.93577506080396,102.575838520788,24.5493330025267,102.823067737921,24.8016096953801,139.002607479462,136.066832418658,2000.90860152287,2003.84437658367,NA,main,main
241,242,10.1606923397767,102.347342145629,24.715328284563,102.386874310686,24.7758613883808,139.034798085239,128.874105745462,1993.71587484967,2003.87656718945,NA,main,main
213,214,5.80043763782072,112.003539871157,29.8426369511932,111.061569371301,30.2467686400031,139.057569181968,133.257131544147,1998.09890064836,2003.89933828618,NA,main,main
214,28,0.139017878205475,111.061569371301,30.2467686400031,111.109368541804,30.2102830375641,139.196587060173,139.057569181968,2003.89933828618,2004.03835616438,SC1_DQ648857.1,main,main
163,179,3.04714326793997,113.936141861128,22.3534499655312,114.033132708789,22.4434637216707,139.79519776699,136.74805449905,2001.58982360326,2004.6369668712,NA,main,main
162,189,3.21098931873752,113.909753104475,22.4005186697834,114.27013709742,26.1327128590266,139.858336704071,136.647347385334,2001.48911648954,2004.70010580828,NA,main,main
228,137,4.5953621483425,111.424391637161,30.8480017646454,111.229159195381,30.6951021243729,140.029920393507,135.434558245164,2000.27632734937,2004.87168949772,SC1_DQ412042.1,main,main
214,27,0.972351211538733,111.061569371301,30.2467686400031,111.482900284254,30.4448101988976,140.029920393507,139.057569181968,2003.89933828618,2004.87168949772,SC1_DQ412043.1,main,main
179,180,0.242591393963664,114.033132708789,22.4434637216707,114.330116540523,22.4813979569436,140.037789160954,139.79519776699,2004.6369668712,2004.87955826516,NA,main,main
270,278,4.03452210871679,102.575838520788,24.5493330025267,105.791124866401,25.6758802526368,140.101354527374,136.066832418658,2000.90860152287,2004.94312363158,NA,main,main
218,23,12.1897645851962,110.048650763821,27.5258733346899,108.475199610023,22.8500036668452,140.111887606621,127.922123021425,1992.76389212564,2004.95365671083,SC1_DQ071615.1,main,main
180,186,0.0975705402676716,114.330116540523,22.4813979569436,114.33276591909,22.4567775079414,140.135359701221,140.037789160954,2004.87955826516,2004.97712880543,NA,main,main
180,181,0.142801844930755,114.330116540523,22.4813979569436,114.317156741716,22.4725332226785,140.180591005884,140.037789160954,2004.87955826516,2005.02236011009,NA,main,main
181,182,0.083395863425217,114.317156741716,22.4725332226785,114.316472612047,22.4828882530224,140.26398686931,140.180591005884,2005.02236011009,2005.10575597352,NA,main,main
186,188,0.136793933114753,114.33276591909,22.4567775079414,114.241129991549,22.3485561483992,140.272153634336,140.135359701221,2004.97712880543,2005.11392273855,NA,main,main
186,187,0.189013046247617,114.33276591909,22.4567775079414,114.323830897746,22.4599707121967,140.324372747469,140.135359701221,2004.97712880543,2005.16614185168,NA,main,main
188,56,0.0532005491249059,114.241129991549,22.3485561483992,114.045152674801,22.216481886446,140.325354183461,140.272153634336,2005.11392273855,2005.16712328767,SC1_DQ022305.2,main,main
187,59,0.020159518183771,114.323830897746,22.4599707121967,114.341691598702,22.465496617992,140.344532265653,140.324372747469,2005.16614185168,2005.18630136986,SC1_DQ084199.1,main,main
187,58,0.0776937647591858,114.323830897746,22.4599707121967,114.337585626049,22.401193067561,140.402066512228,140.324372747469,2005.16614185168,2005.24383561644,SC1_DQ084200.1,main,main
163,164,3.67635996545348,113.936141861128,22.3534499655312,113.956551126977,22.2402753044714,140.424414464503,136.74805449905,2001.58982360326,2005.26618356871,NA,main,main
189,193,0.708249668284722,114.27013709742,26.1327128590266,114.541563751493,26.955235393239,140.566586372356,139.858336704071,2004.70010580828,2005.40835547657,NA,main,main
228,229,5.16416227770404,111.424391637161,30.8480017646454,112.35400672168,34.8784297571312,140.598720522868,135.434558245164,2000.27632734937,2005.44048962708,NA,main,main
181,183,0.694866517722007,114.317156741716,22.4725332226785,114.288562754662,22.4687326253853,140.875457523606,140.180591005884,2005.02236011009,2005.71722662782,NA,main,main
182,61,0.650408410041837,114.316472612047,22.4828882530224,114.160377682651,22.3856807502753,140.914395279351,140.26398686931,2005.10575597352,2005.75616438356,SC1_GQ153539.1,main,main
182,60,0.650408410041837,114.316472612047,22.4828882530224,114.209471072398,22.4699547978768,140.914395279351,140.26398686931,2005.10575597352,2005.75616438356,SC1_GQ153540.1,main,main
253,254,4.29431710454902,102.630225616469,24.7826718597147,102.603809725638,24.8080599619223,141.03416724073,136.739850136181,2001.58161924039,2005.87593634494,NA,main,main
183,184,0.160570747695612,114.288562754662,22.4687326253853,114.253394331921,22.4991562507807,141.036028271302,140.875457523606,2005.71722662782,2005.87779737551,NA,main,main
179,57,1.35755367674498,114.033132708789,22.4434637216707,113.942716253878,22.3927842400492,141.152751443735,139.79519776699,2004.6369668712,2005.99452054795,SC1_GQ153541.1,main,main
278,91,1.09523253279884,105.791124866401,25.6758802526368,106.011480719431,25.8246205604926,141.196587060173,140.101354527374,2004.94312363158,2006.03835616438,SC1_FJ588686.1,main,main
164,165,0.820015993446106,113.956551126977,22.2402753044714,114.06214350709,22.1402379859368,141.24443045795,140.424414464503,2005.26618356871,2006.08619956216,NA,main,main
165,79,0.0754442734566574,114.06214350709,22.1402379859368,114.213960689194,22.1404162485266,141.319874731406,141.24443045795,2006.08619956216,2006.16164383562,SC1_GQ153542.1,main,main
165,80,0.0754442734566574,114.06214350709,22.1402379859368,114.096615625929,22.1664442230624,141.319874731406,141.24443045795,2006.08619956216,2006.16164383562,SC1_GQ153543.1,main,main
218,219,13.6258993541597,110.048650763821,27.5258733346899,110.01520685608,27.6367650682017,141.548022375585,127.922123021425,1992.76389212564,2006.3897914798,NA,main,main
184,185,0.745616112222379,114.253394331921,22.4991562507807,114.203089017723,22.5099596907686,141.781644383524,141.036028271302,2005.87779737551,2006.62341348773,NA,main,main
188,54,1.57922794638526,114.241129991549,22.3485561483992,114.260962372616,22.2895562656162,141.851381580721,140.272153634336,2005.11392273855,2006.69315068493,SC1_GQ153544.1,main,main
185,63,0.0697371971969272,114.203089017723,22.5099596907686,113.961355764808,22.4778214606444,141.851381580721,141.781644383524,2006.62341348773,2006.69315068493,SC1_GQ153545.1,main,main
212,215,17.6558267695318,112.935739892457,29.9287368617876,112.792386006908,28.6686542238739,141.873819364193,124.217992594661,1989.05976169887,2006.7155884684,NA,main,main
185,55,0.593024868429692,114.203089017723,22.5099596907686,114.150651436464,22.4764314125032,142.374669251954,141.781644383524,2006.62341348773,2007.21643835616,SC1_GQ153546.1,main,main
271,274,3.47464471037327,102.823067737921,24.8016096953801,102.90339265956,24.8071617582548,142.477252189835,139.002607479462,2003.84437658367,2007.31902129405,NA,main,main
183,62,1.68825282423807,114.288562754662,22.4687326253853,114.074001659303,22.1359320635475,142.563710347844,140.875457523606,2005.71722662782,2007.40547945205,SC1_GQ153547.1,main,main
193,201,2.13979908577011,114.541563751493,26.955235393239,114.476338249521,27.1689494550717,142.706385458126,140.566586372356,2005.40835547657,2007.54815456234,NA,main,main
184,64,2.03179166558372,114.253394331921,22.4991562507807,114.118622759599,22.4567613435657,143.067819936886,141.036028271302,2005.87779737551,2007.9095890411,SC1_GQ153548.1,main,main
274,275,0.604130459676732,102.90339265956,24.8071617582548,102.927134488173,24.8548847590977,143.081382649512,142.477252189835,2007.31902129405,2007.92315175372,NA,main,main
275,277,0.0116270624678432,102.927134488173,24.8548847590977,102.926016408519,24.8567383140876,143.093009711979,143.081382649512,2007.92315175372,2007.93477881619,NA,main,main
164,166,3.21877710966703,113.956551126977,22.2402753044714,114.227262483596,22.2895825527197,143.64319157417,140.424414464503,2005.26618356871,2008.48496067838,NA,main,main
153,156,16.1077685292584,103.555634468162,25.859268386395,103.096709037345,26.0026255489452,143.819725129717,127.711956600459,1992.55372570467,2008.66149423393,NA,main,main
271,272,5.16508243841959,102.823067737921,24.8016096953801,102.760263406339,24.8844360636739,144.167689917881,139.002607479462,2003.84437658367,2009.00945902209,NA,main,main
229,230,3.74198032053962,112.35400672168,34.8784297571312,123.451628227797,41.2610096546911,144.340700843408,140.598720522868,2005.44048962708,2009.18246994762,NA,main,main
230,231,0.38697770737714,123.451628227797,41.2610096546911,123.524258533798,41.0687682736662,144.727678550785,144.340700843408,2009.18246994762,2009.56944765499,NA,main,main
189,190,5.12038512667641,114.27013709742,26.1327128590266,114.218883084204,25.7650268661387,144.978721830748,139.858336704071,2004.70010580828,2009.82049093496,NA,main,main
190,191,0.262442473725478,114.218883084204,25.7650268661387,114.028657841019,25.8195519342505,145.241164304473,144.978721830748,2009.82049093496,2010.08293340868,NA,main,main
166,167,1.6265179271566,114.227262483596,22.2895825527197,114.00334781791,22.9071842275579,145.269709501327,143.64319157417,2008.48496067838,2010.11147860554,NA,main,main
193,194,4.80539133861483,114.541563751493,26.955235393239,118.118038930451,28.4383397065976,145.371977710971,140.566586372356,2005.40835547657,2010.21374681518,NA,main,main
272,273,1.6085132829507,102.760263406339,24.8844360636739,102.689537341412,24.8521208464475,145.776203200832,144.167689917881,2009.00945902209,2010.61797230504,NA,main,main
201,208,3.10862791211298,114.476338249521,27.1689494550717,114.561596938417,26.9645846796601,145.815013370239,142.706385458126,2007.54815456234,2010.65678247445,NA,main,main
254,255,4.85945712098974,102.603809725638,24.8080599619223,102.824466515031,24.8490199504105,145.89362436172,141.03416724073,2005.87593634494,2010.73539346593,NA,main,main
194,198,0.550829826133286,118.118038930451,28.4383397065976,118.277082255034,28.3024136649956,145.922807537104,145.371977710971,2010.21374681518,2010.76457664131,NA,main,main
201,202,3.31074309451795,114.476338249521,27.1689494550717,114.687079254877,27.6032077090092,146.017128552644,142.706385458126,2007.54815456234,2010.85889765685,NA,main,main
255,263,0.259868182698437,102.824466515031,24.8490199504105,102.8029422825,24.8352051714394,146.153492544419,145.89362436172,2010.73539346593,2010.99526164863,NA,main,main
161,81,39.275977361705,100.427034075518,21.7806178503496,98.9020459289834,25.3445104695317,146.196587060173,106.920609698468,1971.76237880268,2011.03835616438,SC1_KF569996.1,main,main
269,88,16.2247263942639,102.615478654139,24.5554721728822,101.866463476393,24.4507380012666,146.196587060173,129.971860665909,1994.81362977012,2011.03835616438,SC1_JX993988.1,main,main
263,264,0.0837991407691003,102.8029422825,24.8352051714394,102.784926979446,24.8743797334437,146.237291685188,146.153492544419,2010.99526164863,2011.0790607894,NA,main,main
264,265,0.032090907135661,102.784926979446,24.8743797334437,102.774724918315,24.8758242028673,146.269382592323,146.237291685188,2011.0790607894,2011.11115169653,NA,main,main
229,239,5.67479657629569,112.35400672168,34.8784297571312,112.793488815019,35.3605520078673,146.273517099164,140.598720522868,2005.44048962708,2011.11528620337,NA,main,main
230,238,2.08235814236222,123.451628227797,41.2610096546911,125.65003126934,41.6101157965487,146.42305898577,144.340700843408,2009.18246994762,2011.26482808998,NA,main,main
265,123,0.217615426754145,102.774724918315,24.8758242028673,103.020176771495,24.7993575688946,146.486998019077,146.269382592323,2011.11115169653,2011.32876712329,SC1_KC881005.1,main,main
275,276,3.48246144825508,102.927134488173,24.8548847590977,102.834676262307,24.8528541412411,146.563844097767,143.081382649512,2007.92315175372,2011.40561320198,NA,main,main
264,266,0.388731117575679,102.784926979446,24.8743797334437,102.677843319026,24.7737959081989,146.626022802763,146.237291685188,2011.0790607894,2011.46779190697,NA,main,main
239,240,0.353295144100279,112.793488815019,35.3605520078673,112.849847790452,35.2564180036435,146.626812243264,146.273517099164,2011.11528620337,2011.46858134747,NA,main,main
221,30,8.44204225878456,106.921349710284,30.6584737746336,108.693621135996,34.2293674368433,146.862340484831,138.420298226046,2003.26206733026,2011.70410958904,SC1_JX993987.1,main,main
150,151,8.57249832924722,101.861370991684,21.66600189617,101.724842744467,21.5650857219104,146.871635664235,138.299137334987,2003.1409064392,2011.71340476844,NA,main,main
231,232,2.22413589146915,123.524258533798,41.0687682736662,123.510032512648,40.8463591165866,146.951814442254,144.727678550785,2009.56944765499,2011.79358354646,NA,main,main
266,267,0.441336043374124,102.677843319026,24.7737959081989,102.694678815632,24.7726558630188,147.067358846137,146.626022802763,2011.46779190697,2011.90912795035,NA,main,main
255,256,1.24539904275429,102.824466515031,24.8490199504105,102.834396832819,24.8066436691105,147.139023404474,145.89362436172,2010.73539346593,2011.98079250868,NA,main,main
224,84,38.2923092590697,102.079296830315,24.3712283492818,98.5779662931153,24.4433905506158,147.196587060173,108.904277801104,1973.74604690531,2012.03835616438,SC1_KU973692.1,main,main
198,32,1.27377952306896,118.277082255034,28.3024136649956,118.891786382047,28.0542938106885,147.196587060173,145.922807537104,2010.76457664131,2012.03835616438,SC1_KF294457.1,main,main
239,140,0.923069961009514,112.793488815019,35.3605520078673,112.686300104358,35.3073461437862,147.196587060173,146.273517099164,2011.11528620337,2012.03835616438,SC1_KY770860.1,main,main
238,129,0.773528074403361,125.65003126934,41.6101157965487,125.564855520495,41.6717285676446,147.196587060173,146.42305898577,2011.26482808998,2012.03835616438,SC1_KJ473811.1,main,main
267,120,0.342342968134142,102.694678815632,24.7726558630188,102.836597119557,24.8621598843796,147.409701814272,147.067358846137,2011.90912795035,2012.25147091848,SC1_KC881006.1,main,main
278,279,7.3672815227581,105.791124866401,25.6758802526368,105.803084164365,25.035919395906,147.468636050133,140.101354527374,2004.94312363158,2012.31040515434,NA,main,main
226,227,16.1560777099254,101.946210920752,24.8878847193842,102.129626437847,25.0595833276886,147.527456775585,131.37137906566,1996.21314816987,2012.3692258798,NA,main,main
267,268,0.492210740432709,102.694678815632,24.7726558630188,102.736393881184,24.8431905018908,147.55956958657,147.067358846137,2011.90912795035,2012.40133869078,NA,main,main
266,119,1.23723092407667,102.677843319026,24.7737959081989,102.681676594414,25.0719587803204,147.86325372684,146.626022802763,2011.46779190697,2012.70502283105,SC1_KF367457.1,main,main
273,97,2.13349861343973,102.689537341412,24.8521208464475,102.619099815223,24.8567503783798,147.909701814272,145.776203200832,2010.61797230504,2012.75147091848,SC1_KY417145.1,main,main
263,118,1.75620926985304,102.8029422825,24.8352051714394,102.806119191345,24.7549759846181,147.909701814272,146.153492544419,2010.99526164863,2012.75147091848,SC1_KY417144.1,main,main
276,94,1.34585771650494,102.834676262307,24.8528541412411,103.064137992196,24.7625012515525,147.909701814272,146.563844097767,2011.40561320198,2012.75147091848,SC1_KY417143.1,main,main
213,29,14.9394555160262,112.003539871157,29.8426369511932,113.893149362994,29.3885130268949,148.196587060173,133.257131544147,1998.09890064836,2013.03835616438,SC1_KJ473814.1,main,main
190,51,3.21786522942539,114.218883084204,25.7650268661387,111.673135819595,24.4945070678919,148.196587060173,144.978721830748,2009.82049093496,2013.03835616438,SC1_KJ473815.1,main,main
273,98,2.42038385934138,102.689537341412,24.8521208464475,102.869570684732,25.1082684930809,148.196587060173,145.776203200832,2010.61797230504,2013.03835616438,SC1_KJ473816.1,main,main
240,139,1.56977481690923,112.849847790452,35.2564180036435,112.908630836223,35.3275768705331,148.196587060173,146.626812243264,2011.46858134747,2013.03835616438,SC1_KJ473813.1,main,main
240,138,1.56977481690923,112.849847790452,35.2564180036435,114.455367731234,37.2513341697495,148.196587060173,146.626812243264,2011.46858134747,2013.03835616438,SC1_KJ473812.1,main,main
279,89,0.727951010040741,105.803084164365,25.035919395906,105.215487523574,25.2450341473842,148.196587060173,147.468636050133,2012.31040515434,2013.03835616438,SC1_KY770858.1,main,main
279,90,0.727951010040741,105.803084164365,25.035919395906,105.486830939313,24.9410896009749,148.196587060173,147.468636050133,2012.31040515434,2013.03835616438,SC1_KY770859.1,main,main
252,124,13.2397142757471,102.68935865389,24.7903044575537,102.606815617125,24.7264315289648,148.486998019077,135.24728374333,2000.08905284754,2013.32876712329,SC1_KY417146.1,main,main
254,100,7.45283077834709,102.603809725638,24.8080599619223,102.579172360671,24.9719627817278,148.486998019077,141.03416724073,2005.87593634494,2013.32876712329,SC1_KY417149.1,main,main
274,95,6.00974582924261,102.90339265956,24.8071617582548,102.871336889089,24.8233274028285,148.486998019077,142.477252189835,2007.31902129405,2013.32876712329,SC1_KY417147.1,main,main
276,93,1.9231539213108,102.834676262307,24.8528541412411,102.882729377687,24.851287403216,148.486998019077,146.563844097767,2011.40561320198,2013.32876712329,SC1_KY417148.1,main,main
227,125,1.05817138047834,102.129626437847,25.0595833276886,102.320523234982,25.2464827305775,148.585628156064,147.527456775585,2012.3692258798,2013.42739726027,SC1_KP886809.1,main,main
227,126,1.05817138047834,102.129626437847,25.0595833276886,102.138428386391,25.0625492240116,148.585628156064,147.527456775585,2012.3692258798,2013.42739726027,SC1_KP886808.1,main,main
215,216,6.78993433192891,112.792386006908,28.6686542238739,112.781450090281,28.3787148481372,148.663753696122,141.873819364193,2006.7155884684,2013.50552280033,NA,main,main
268,121,1.18770240510989,102.736393881184,24.8431905018908,102.899224717259,25.110791130732,148.74727199168,147.55956958657,2012.40133869078,2013.58904109589,SC1_KY417150.1,main,main
268,122,1.18770240510989,102.736393881184,24.8431905018908,102.654539270267,24.744929071392,148.74727199168,147.55956958657,2012.40133869078,2013.58904109589,SC1_KT444582.1,main,main
238,128,2.35434999221154,125.65003126934,41.6101157965487,125.789543149484,41.6443556272358,148.777408977981,146.42305898577,2011.26482808998,2013.61917808219,SC1_KU182964.1,main,main
156,157,5.46191308097293,103.096709037345,26.0026255489452,103.461715203496,26.1756730617587,149.28163821069,143.819725129717,2008.66149423393,2014.1234073149,NA,main,main
202,203,3.36423926618235,114.687079254877,27.6032077090092,113.354648335276,24.9463106868735,149.381367818827,146.017128552644,2010.85889765685,2014.22313692304,NA,main,main
167,171,4.1185491183731,114.00334781791,22.9071842275579,114.000423125408,22.8084882739572,149.3882586197,145.269709501327,2010.11147860554,2014.23002772391,NA,main,main
277,92,6.46248145778288,102.926016408519,24.8567383140876,102.908181526568,24.7840853786326,149.555491169762,143.093009711979,2007.93477881619,2014.39726027397,SC1_KY417142.1,main,main
167,168,4.608081116836,114.00334781791,22.9071842275579,114.009709863417,23.0484651491054,149.877790618163,145.269709501327,2010.11147860554,2014.71955972237,NA,main,main
256,109,2.86852255980846,102.834396832819,24.8066436691105,103.007866158249,24.9587585442728,150.007545964283,147.139023404474,2011.98079250868,2014.84931506849,SC1_KY417151.1,main,main
194,195,4.7066155994615,118.118038930451,28.4383397065976,117.592824332771,28.6728319164676,150.078593310433,145.371977710971,2010.21374681518,2014.92036241464,NA,main,main
168,170,0.516282373166058,114.009709863417,23.0484651491054,113.933789563064,23.0055409213009,150.394072991329,149.877790618163,2014.71955972237,2015.23584209554,NA,main,main
155,8,12.289265632862,122.295370939685,29.8550656311099,122.044514015547,30.1275589901526,150.692477471132,138.40321183827,2003.24498094248,2015.53424657534,SC1_MG772934.1,main,main
256,257,3.6730495697932,102.834396832819,24.8066436691105,101.917249426283,23.1797506757785,150.812072974268,147.139023404474,2011.98079250868,2015.65384207848,NA,main,main
265,117,4.71624556374024,102.774724918315,24.8758242028673,102.752328026611,24.8097633721868,150.985628156064,146.269382592323,2011.11115169653,2015.82739726027,SC1_KY417152.1,main,main
257,261,0.183790758813521,101.917249426283,23.1797506757785,101.907179911175,23.2277682781522,150.995863733081,150.812072974268,2015.65384207848,2015.83763283729,NA,main,main
203,204,1.88437176944606,113.354648335276,24.9463106868735,113.33449975775,24.8591394864747,151.265739588273,149.381367818827,2014.22313692304,2016.10750869248,NA,main,main
171,172,1.90144456512157,114.000423125408,22.8084882739572,113.959639335096,22.8440604736052,151.289703184822,149.3882586197,2014.23002772391,2016.13147228903,NA,main,main
172,173,0.0410936280118106,113.959639335096,22.8440604736052,113.975671180545,22.8654030021093,151.330796812834,151.289703184822,2016.13147228903,2016.17256591704,NA,main,main
204,205,0.0722654395620639,113.33449975775,24.8591394864747,113.305516666206,24.8475805263379,151.338005027835,151.265739588273,2016.10750869248,2016.17977413204,NA,main,main
257,258,0.571872931158253,101.917249426283,23.1797506757785,101.922622673578,23.154954597222,151.383945905426,150.812072974268,2015.65384207848,2016.22571500964,NA,main,main
173,175,0.0971541274964274,113.975671180545,22.8654030021093,113.970767467713,22.840011741309,151.42795094033,151.330796812834,2016.17256591704,2016.26972004454,NA,main,main
195,196,1.36445164791751,117.592824332771,28.6728319164676,117.661856702052,28.5901496722661,151.44304495835,150.078593310433,2014.92036241464,2016.28481406256,NA,main,main
232,127,4.5371223446952,123.510032512648,40.8463591165866,127.086489930362,35.5880156388258,151.488936786949,146.951814442254,2011.79358354646,2016.33070589116,SC1_KY938558.1,main,main
258,259,0.135216643887087,101.922622673578,23.154954597222,102.148421355889,23.3264169317862,151.519162549313,151.383945905426,2016.22571500964,2016.36093165352,NA,main,main
259,260,0.0632694545295651,102.148421355889,23.3264169317862,102.215652900772,23.441935615623,151.582432003843,151.519162549313,2016.36093165352,2016.42420110805,NA,main,main
261,262,0.680690018777204,101.907179911175,23.2277682781522,102.229766983817,23.1744391019814,151.676553751858,150.995863733081,2015.83763283729,2016.51832285607,NA,main,main
171,69,2.305596200036,114.000423125408,22.8084882739572,114.129508588292,22.9731150400881,151.693854819736,149.3882586197,2014.23002772391,2016.53562392395,SC1_OK017812.1,main,main
221,31,13.3582560472416,106.921349710284,30.6584737746336,106.742751772093,30.3189486355963,151.778554273288,138.420298226046,2003.26206733026,2016.6203233775,SC1_OK017846.1,main,main
277,96,8.68554456130853,102.926016408519,24.8567383140876,102.026749672227,26.1282013410184,151.778554273288,143.093009711979,2007.93477881619,2016.6203233775,SC1_MK211374.1,main,main
261,114,0.782690540206826,101.907179911175,23.2277682781522,101.931939255336,23.3136573247553,151.778554273288,150.995863733081,2015.83763283729,2016.6203233775,SC1_OK017848.1,main,main
258,115,0.394608367862094,101.922622673578,23.154954597222,101.895721439131,23.0928520495822,151.778554273288,151.383945905426,2016.22571500964,2016.6203233775,SC1_OK017851.1,main,main
260,113,0.196122269445443,102.215652900772,23.441935615623,101.806995238111,23.7670919442926,151.778554273288,151.582432003843,2016.42420110805,2016.6203233775,SC1_OK017849.1,main,main
260,112,0.196122269445443,102.215652900772,23.441935615623,102.193912180882,23.2458794467146,151.778554273288,151.582432003843,2016.42420110805,2016.6203233775,SC1_OK017850.1,main,main
262,116,0.102000521429622,102.229766983817,23.1744391019814,102.215492976389,23.110699852556,151.778554273288,151.676553751858,2016.51832285607,2016.6203233775,SC1_OK017847.1,main,main
244,87,20.7839209263921,103.002161621861,24.7825937086992,104.229795434743,26.0712618953327,151.86325372684,131.079332800448,1995.92110190466,2016.70502283105,SC1_MK211377.1,main,main
272,99,7.69556380895882,102.760263406339,24.8844360636739,102.769010969809,24.8892445357313,151.86325372684,144.167689917881,2009.00945902209,2016.70502283105,SC1_MK211375.1,main,main
259,111,0.344091177527056,102.148421355889,23.3264169317862,102.187902253221,23.0958533294468,151.86325372684,151.519162549313,2016.36093165352,2016.70502283105,SC1_MK211376.1,main,main
262,110,0.18669997498167,102.229766983817,23.1744391019814,102.355896004386,23.2308374018576,151.86325372684,151.676553751858,2016.51832285607,2016.70502283105,SC1_MK211378.1,main,main
155,9,13.8783067287523,122.295370939685,29.8550656311099,122.355458396171,29.7875266433741,152.281518567022,138.40321183827,2003.24498094248,2017.12328767123,SC1_MG772933.1,main,main
175,176,0.862415239623807,113.970767467713,22.840011741309,113.875073557533,22.839016032021,152.290366179954,151.42795094033,2016.26972004454,2017.13213528416,NA,main,main
205,206,0.959484638573597,113.305516666206,24.8475805263379,115.582500394441,25.4281456164595,152.297489666408,151.338005027835,2016.17977413204,2017.13925877062,NA,main,main
216,217,3.8509799586134,112.781450090281,28.3787148481372,112.673928252592,28.2036815989066,152.514733654735,148.663753696122,2013.50552280033,2017.35650275895,NA,main,main
168,169,2.80341937477688,114.009709863417,23.0484651491054,113.97924468124,23.2373165317096,152.68120999294,149.877790618163,2014.71955972237,2017.52297909715,NA,main,main
173,174,1.37441533970601,113.975671180545,22.8654030021093,113.792134845357,22.9366495443442,152.70521215254,151.330796812834,2016.17256591704,2017.54698125675,NA,main,main
175,177,1.30144367832973,113.970767467713,22.840011741309,113.401636867544,22.446052739049,152.72939461866,151.42795094033,2016.26972004454,2017.57116372287,NA,main,main
242,85,13.7426108927427,102.386874310686,24.7758613883808,114.705389362076,24.3139218636984,152.777408977981,139.034798085239,2003.87656718945,2017.61917808219,SC1_OK017792.1,main,main
170,67,2.46826749350179,113.933789563064,23.0055409213009,113.926654874134,22.6357027184498,152.862340484831,150.394072991329,2015.23584209554,2017.70410958904,SC1_OK017823.1,main,main
204,44,1.59660089655823,113.33449975775,24.8591394864747,113.484639002095,24.6743961003776,152.862340484831,151.265739588273,2016.10750869248,2017.70410958904,SC1_OK017822.1,main,main
172,71,1.57263730000918,113.959639335096,22.8440604736052,113.973757532313,22.8768830498717,152.862340484831,151.289703184822,2016.13147228903,2017.70410958904,SC1_OK017821.1,main,main
205,40,1.52433545699617,113.305516666206,24.8475805263379,113.414878710365,24.8986869833913,152.862340484831,151.338005027835,2016.17977413204,2017.70410958904,SC1_OK017824.1,main,main
176,70,0.571974304877136,113.875073557533,22.839016032021,114.02278144592,22.8860565007916,152.862340484831,152.290366179954,2017.13213528416,2017.70410958904,SC1_OK017820.1,main,main
176,72,0.571974304877136,113.875073557533,22.839016032021,113.975164657805,22.8975420695322,152.862340484831,152.290366179954,2017.13213528416,2017.70410958904,SC1_OK017817.1,main,main
169,77,0.181130491890974,113.97924468124,23.2373165317096,113.923652197053,23.1133039847642,152.862340484831,152.68120999294,2017.52297909715,2017.70410958904,SC1_OK017819.1,main,main
169,78,0.181130491890974,113.97924468124,23.2373165317096,114.256009941975,23.5303989988134,152.862340484831,152.68120999294,2017.52297909715,2017.70410958904,SC1_OK017813.1,main,main
174,75,0.157128332291358,113.792134845357,22.9366495443442,113.530244248368,22.4393537677873,152.862340484831,152.70521215254,2017.54698125675,2017.70410958904,SC1_OK017814.1,main,main
174,74,0.157128332291358,113.792134845357,22.9366495443442,113.702805811192,22.8371321572857,152.862340484831,152.70521215254,2017.54698125675,2017.70410958904,SC1_OK017815.1,main,main
177,73,0.132945866171213,113.401636867544,22.446052739049,113.410696353656,22.3305450065812,152.862340484831,152.72939461866,2017.57116372287,2017.70410958904,SC1_OK017818.1,main,main
177,76,0.132945866171213,113.401636867544,22.446052739049,113.3815460914,22.4382581681546,152.862340484831,152.72939461866,2017.57116372287,2017.70410958904,SC1_OK017816.1,main,main
231,236,8.22295458393719,123.524258533798,41.0687682736662,123.118114166594,41.4924296737481,152.950633134722,144.727678550785,2009.56944765499,2017.79240223893,NA,main,main
206,207,1.04157203308328,115.582500394441,25.4281456164595,115.660040527879,25.5311617509451,153.339061699492,152.297489666408,2017.13925877062,2018.1808308037,NA,main,main
245,246,20.3828442314003,102.760676726896,24.7524472067877,104.102106907708,25.1372374821202,153.618454303963,133.235610072563,1998.07737917677,2018.46022340817,NA,main,main
236,237,0.685321427361284,123.118114166594,41.4924296737481,122.896548511678,41.3998566716373,153.635954562083,152.950633134722,2017.79240223893,2018.47772366629,NA,main,main
157,12,4.49577076729125,103.461715203496,26.1756730617587,100.050797153309,23.4897536324962,153.777408977981,149.28163821069,2014.1234073149,2018.61917808219,SC1_MW703458.1,main,main
232,233,7.00113390556312,123.510032512648,40.8463591165866,123.431549468221,41.3588101758448,153.952948347817,146.951814442254,2011.79358354646,2018.79471745203,NA,main,main
246,247,0.920130851272087,104.102106907708,25.1372374821202,104.033774997201,25.0932091248406,154.538585155235,153.618454303963,2018.46022340817,2019.38035425945,NA,main,main
150,6,16.3769017799806,101.861370991684,21.66600189617,101.69608586454,21.6637699035886,154.676039114968,138.299137334987,2003.1409064392,2019.51780821918,SC1_EPI_ISL_412977,main,main
166,178,11.0464606170618,114.227262483596,22.2895825527197,114.726831657627,23.313465933767,154.689652191232,143.64319157417,2008.48496067838,2019.53142129544,NA,main,main
178,65,0.0877567867492335,114.726831657627,23.313465933767,114.961642959402,23.3989933644588,154.777408977981,154.689652191232,2019.53142129544,2019.61917808219,SC1_OK017826.1,main,main
178,66,0.0877567867492335,114.726831657627,23.313465933767,114.422329909377,22.8563659970796,154.777408977981,154.689652191232,2019.53142129544,2019.61917808219,SC1_OK017825.1,main,main
195,197,4.77963505187046,117.592824332771,28.6728319164676,117.609146386685,28.7122030022634,154.858228362303,150.078593310433,2014.92036241464,2019.69999746651,NA,main,main
223,82,13.298080632915,110.277065037673,24.6495630919853,110.391279399331,24.6441628532306,154.862340484831,141.564259851916,2006.40602895613,2019.70410958904,SC1_OK017859.1,main,main
202,46,8.84521193218665,114.687079254877,27.6032077090092,113.513325426897,24.972403880189,154.862340484831,146.017128552644,2010.85889765685,2019.70410958904,SC1_OK017827.1,main,main
203,45,5.48097266600429,113.354648335276,24.9463106868735,113.086992249822,24.9800722780279,154.862340484831,149.381367818827,2014.22313692304,2019.70410958904,SC1_OK017828.1,main,main
247,250,0.415237462324624,104.033774997201,25.0932091248406,104.35479972693,25.1105344098682,154.95382261756,154.538585155235,2019.38035425945,2019.79559172177,NA,main,main
247,248,0.499963781064398,104.033774997201,25.0932091248406,104.013145926923,25.057278189381,155.0385489363,154.538585155235,2019.38035425945,2019.88031804051,NA,main,main
208,209,9.38928930068335,114.561596938417,26.9645846796601,114.631204058315,29.466712513015,155.204302670923,145.815013370239,2010.65678247445,2020.04607177513,NA,main,main
151,152,8.46682826586598,101.724842744467,21.5650857219104,102.27608571271,18.8914126796591,155.3384639301,146.871635664235,2011.71340476844,2020.18023303431,NA,main,main
248,249,0.385548146752092,104.013145926923,25.057278189381,104.21338168254,24.5507348940056,155.424097083052,155.0385489363,2019.88031804051,2020.26586618726,NA,main,main
233,235,1.49410788420651,123.431549468221,41.3588101758448,123.24130292949,41.0227239991479,155.447056232024,153.952948347817,2018.79471745203,2020.28882533623,NA,main,main
198,199,9.5724587184706,118.277082255034,28.3024136649956,118.286911697661,28.2668204237373,155.495266255575,145.922807537104,2010.76457664131,2020.33703535979,NA,main,main
250,251,0.567514344728015,104.35479972693,25.1105344098682,104.312251896459,25.151877563804,155.521336962288,154.95382261756,2019.79559172177,2020.3631060665,NA,main,main
151,5,8.72112625932684,101.724842744467,21.5650857219104,101.735773946535,21.5671635989356,155.592761923561,146.871635664235,2011.71340476844,2020.43453102777,SC1_MZ081381.1,main,main
246,101,1.99343330265839,104.102106907708,25.1372374821202,104.190358914454,25.1856901650419,155.611887606621,153.618454303963,2018.46022340817,2020.45365671083,SC1_OK017858.1,main,main
250,105,0.658064989061682,104.35479972693,25.1105344098682,104.347798440659,25.0641448324706,155.611887606621,154.95382261756,2019.79559172177,2020.45365671083,SC1_OK017857.1,main,main
248,106,0.573338670321907,104.013145926923,25.057278189381,103.941756410586,25.0339107408235,155.611887606621,155.0385489363,2019.88031804051,2020.45365671083,SC1_OK017856.1,main,main
249,103,0.187790523569815,104.21338168254,24.5507348940056,104.092634824125,24.517192849248,155.611887606621,155.424097083052,2020.26586618726,2020.45365671083,SC1_OK017853.1,main,main
249,107,0.187790523569815,104.21338168254,24.5507348940056,104.409487000585,24.9379558577127,155.611887606621,155.424097083052,2020.26586618726,2020.45365671083,SC1_OK017855.1,main,main
251,104,0.090550644333667,104.312251896459,25.151877563804,104.300467099881,25.1181734831049,155.611887606621,155.521336962288,2020.3631060665,2020.45365671083,SC1_OK017854.1,main,main
251,102,0.090550644333667,104.312251896459,25.151877563804,104.204351786353,25.1580024629804,155.611887606621,155.521336962288,2020.3631060665,2020.45365671083,SC1_OK017852.1,main,main
156,158,11.8316110416881,103.096709037345,26.0026255489452,112.807440331826,29.5794472036937,155.651336171405,143.819725129717,2008.66149423393,2020.49310527562,NA,main,main
149,2,34.9235944194707,102.847414399526,22.9321493760214,101.280297187389,13.8801777279896,155.66106793449,120.737473515019,1985.57924261923,2020.5028370387,SC1_MW251308.1,main,main
191,192,10.423121541797,114.028657841019,25.8195519342505,115.474023237099,25.1036442336749,155.66428584627,145.241164304473,2010.08293340868,2020.50605495048,NA,main,main
209,47,0.489552148813514,114.631204058315,29.466712513015,114.655847487398,29.4681612452512,155.693854819736,155.204302670923,2020.04607177513,2020.53562392395,SC1_OK017802.1,main,main
209,48,0.489552148813514,114.631204058315,29.466712513015,114.752445421338,29.6310455709371,155.693854819736,155.204302670923,2020.04607177513,2020.53562392395,SC1_OK017801.1,main,main
152,4,0.371784332258651,102.27608571271,18.8914126796591,102.073059388116,18.7712617908055,155.710248262359,155.3384639301,2020.18023303431,2020.55201736657,SC1_MZ937002.1,main,main
152,3,0.379981053570029,102.27608571271,18.8914126796591,102.208095100531,18.8749511795943,155.718444983671,155.3384639301,2020.18023303431,2020.56021408788,SC1_MZ937004.1,main,main
233,234,1.89871405090766,123.431549468221,41.3588101758448,123.409033651311,41.4401128056151,155.851662398725,153.952948347817,2018.79471745203,2020.69343150294,NA,main,main
242,86,16.8284556416012,102.386874310686,24.7758613883808,102.694340604193,24.8210472977117,155.86325372684,139.034798085239,2003.87656718945,2020.70502283105,SC1_OK017793.1,main,main
236,136,2.912620592118,123.118114166594,41.4924296737481,123.147676102609,41.8572406757584,155.86325372684,152.950633134722,2017.79240223893,2020.70502283105,SC1_OK017800.1,main,main
237,134,2.22729916475671,122.896548511678,41.3998566716373,122.853301603711,41.7173686716373,155.86325372684,153.635954562083,2018.47772366629,2020.70502283105,SC1_OK017796.1,main,main
237,135,2.22729916475671,122.896548511678,41.3998566716373,122.947094830285,41.4086302628782,155.86325372684,153.635954562083,2018.47772366629,2020.70502283105,SC1_OK017798.1,main,main
235,130,0.416197494816403,123.24130292949,41.0227239991479,123.353019008115,41.0553852792457,155.86325372684,155.447056232024,2020.28882533623,2020.70502283105,SC1_OK017797.1,main,main
235,131,0.416197494816403,123.24130292949,41.0227239991479,122.781972411465,40.8552432987001,155.86325372684,155.447056232024,2020.28882533623,2020.70502283105,SC1_OK017795.1,main,main
234,133,0.0115913281152464,123.409033651311,41.4401128056151,123.265605721742,41.3525753000002,155.86325372684,155.851662398725,2020.69343150294,2020.70502283105,SC1_OK017794.1,main,main
234,132,0.0115913281152464,123.409033651311,41.4401128056151,123.408921501462,41.4413719157647,155.86325372684,155.851662398725,2020.69343150294,2020.70502283105,SC1_OK017799.1,main,main
199,200,0.739201057951831,118.286911697661,28.2668204237373,118.34902659388,28.2879887215415,156.234467313527,155.495266255575,2020.33703535979,2021.07623641774,NA,main,main
223,83,14.7172587151066,110.277065037673,24.6495630919853,111.045757626463,27.473461578889,156.281518567022,141.564259851916,2006.40602895613,2021.12328767123,SC1_OK017832.1,main,main
216,22,7.61776487090039,112.781450090281,28.3787148481372,113.361932558471,28.7829417355973,156.281518567022,148.663753696122,2013.50552280033,2021.12328767123,SC1_OK017833.1,main,main
158,10,0.630182395617101,112.807440331826,29.5794472036937,112.803581860391,29.5954993148038,156.281518567022,155.651336171405,2020.49310527562,2021.12328767123,SC1_OK017803.1,main,main
158,11,0.630182395617101,112.807440331826,29.5794472036937,112.809305547136,29.575308540534,156.281518567022,155.651336171405,2020.49310527562,2021.12328767123,SC1_OK017804.1,main,main
219,220,14.7592599601196,110.01520685608,27.6367650682017,109.3506587858,27.0004062109056,156.307282335705,141.548022375585,2006.3897914798,2021.14905143991,NA,main,main
154,7,20.0172418498112,111.334666614607,29.4204609466915,110.972691835059,29.558662385632,156.35823089579,136.340989045978,2001.18275815019,2021.2,SC1_OK017805.1,main,main
219,26,14.8102085202046,110.01520685608,27.6367650682017,108.920417567569,27.9790060484721,156.35823089579,141.548022375585,2006.3897914798,2021.2,SC1_OK017829.1,main,main
215,19,14.4844115315964,112.792386006908,28.6686542238739,113.277226381941,29.3121051291864,156.35823089579,141.873819364193,2006.7155884684,2021.2,SC1_OK017835.1,main,main
217,20,3.84349724105413,112.673928252592,28.2036815989066,112.000540112766,27.2535277703856,156.35823089579,152.514733654735,2017.35650275895,2021.2,SC1_OK017834.1,main,main
220,24,0.0509485600850507,109.3506587858,27.0004062109056,109.505812121332,27.0042218342576,156.35823089579,156.307282335705,2021.14905143991,2021.2,SC1_OK017830.1,main,main
220,25,0.0509485600850507,109.3506587858,27.0004062109056,109.349260693293,27.0008388017475,156.35823089579,156.307282335705,2021.14905143991,2021.2,SC1_OK017831.1,main,main
157,13,7.20152419194884,103.461715203496,26.1756730617587,103.492207711251,26.3719255003048,156.483162402639,149.28163821069,2014.1234073149,2021.32493150685,SC1_OK017806.1,main,main
170,68,6.13128119213183,113.933789563064,23.0055409213009,117.127369973222,26.7422648513454,156.525354183461,150.394072991329,2015.23584209554,2021.36712328767,SC1_OK017808.1,main,main
199,33,1.03008792788602,118.286911697661,28.2668204237373,118.382634190939,28.2329529174897,156.525354183461,155.495266255575,2020.33703535979,2021.36712328767,SC1_OK017811.1,main,main
200,34,0.29088686993419,118.34902659388,28.2879887215415,118.389310380062,28.2782908667049,156.525354183461,156.234467313527,2021.07623641774,2021.36712328767,SC1_OK017809.1,main,main
200,35,0.29088686993419,118.34902659388,28.2879887215415,118.366490375873,28.2357647132514,156.525354183461,156.234467313527,2021.07623641774,2021.36712328767,SC1_OK017810.1,main,main
191,50,11.4513131666589,114.028657841019,25.8195519342505,114.004914466462,25.8505455760304,156.692477471132,145.241164304473,2010.08293340868,2021.53424657534,SC1_OK017838.1,main,main
208,49,10.877464100893,114.561596938417,26.9645846796601,114.525838390242,26.8936434538291,156.692477471132,145.815013370239,2010.65678247445,2021.53424657534,SC1_OK017837.1,main,main
196,36,5.2494325127822,117.661856702052,28.5901496722661,116.876416569484,32.0242537369859,156.692477471132,151.44304495835,2016.28481406256,2021.53424657534,SC1_OK017807.1,main,main
196,37,5.2494325127822,117.661856702052,28.5901496722661,117.593295436,28.6015396431191,156.692477471132,151.44304495835,2016.28481406256,2021.53424657534,SC1_OK017836.1,main,main
206,41,4.39498780472391,115.582500394441,25.4281456164595,115.206401232794,25.2726955751366,156.692477471132,152.297489666408,2017.13925877062,2021.53424657534,SC1_OK017841.1,main,main
217,21,4.17774381639673,112.673928252592,28.2036815989066,116.795898671445,29.414342931567,156.692477471132,152.514733654735,2017.35650275895,2021.53424657534,SC1_OK017860.1,main,main
207,42,3.35341577164063,115.660040527879,25.5311617509451,115.837025616927,25.9901400510349,156.692477471132,153.339061699492,2018.1808308037,2021.53424657534,SC1_OK017843.1,main,main
207,43,3.35341577164063,115.660040527879,25.5311617509451,115.461147744364,25.3070165417055,156.692477471132,153.339061699492,2018.1808308037,2021.53424657534,SC1_OK017842.1,main,main
197,39,1.83424910882925,117.609146386685,28.7122030022634,117.243404285754,28.1411912585495,156.692477471132,154.858228362303,2019.69999746651,2021.53424657534,SC1_OK017840.1,main,main
197,38,1.83424910882925,117.609146386685,28.7122030022634,117.475993514788,28.5447239334899,156.692477471132,154.858228362303,2019.69999746651,2021.53424657534,SC1_OK017839.1,main,main
192,52,1.02819162486184,115.474023237099,25.1036442336749,115.496903403395,25.2304736721829,156.692477471132,155.66428584627,2020.50605495048,2021.53424657534,SC1_OK017845.1,main,main
192,53,1.02819162486184,115.474023237099,25.1036442336749,115.482305490531,25.362742298345,156.692477471132,155.66428584627,2020.50605495048,2021.53424657534,SC1_OK017844.1,main,main
