node1,node2,length,startLon,startLat,endLon,endLat,endNodeL,startNodeL,startYear,endYear,tipLabel,startClade,endClade
141,130,123.895321204071,111.068054577435,18.2244110297643,141.374918388186,39.4801342485261,123.895321204071,0,1889.14303496031,2013.03835616438,SC1_LC556375.1,main,main
141,142,8.94071049686885,111.068054577435,18.2244110297643,110.737045458986,18.7127859485234,8.94071049686885,0,1889.14303496031,1898.08374545718,NA,main,main
142,271,25.3133149500392,110.737045458986,18.7127859485234,106.001569728848,23.4259131408015,34.254025446908,8.94071049686885,1898.08374545718,1923.39706040722,NA,main,main
142,143,41.5700278191342,110.737045458986,18.7127859485234,112.01235552513,24.9449414070929,50.510738316003,8.94071049686885,1898.08374545718,1939.65377327632,NA,main,main
143,144,8.61067564421734,112.01235552513,24.9449414070929,112.044129077962,24.9500456577553,59.1214139602204,50.510738316003,1939.65377327632,1948.26444892053,NA,main,main
143,196,18.7834605655129,112.01235552513,24.9449414070929,111.869818559929,24.8661522657561,69.2941988815159,50.510738316003,1939.65377327632,1958.43723384183,NA,main,main
144,145,11.3885206700089,112.044129077962,24.9500456577553,112.598321776988,31.0830510384316,70.5099346302293,59.1214139602204,1948.26444892053,1959.65296959054,NA,main,main
145,146,10.5483868120476,112.598321776988,31.0830510384316,112.713180336563,30.3960621700801,81.0583214422768,70.5099346302293,1959.65296959054,1970.20135640259,NA,main,main
196,197,16.0762457008772,111.869818559929,24.8661522657561,112.616679134377,25.6794852722469,85.3704445823931,69.2941988815159,1958.43723384183,1974.51347954271,NA,main,main
145,157,14.9354755068291,112.598321776988,31.0830510384316,107.197766675081,31.2360512947846,85.4454101370584,70.5099346302293,1959.65296959054,1974.58844509737,NA,main,main
144,172,27.7577272809072,112.044129077962,24.9500456577553,113.698790130673,24.7922769645499,86.8791412411276,59.1214139602204,1948.26444892053,1976.02217620144,NA,main,main
197,198,3.96309366176871,112.616679134377,25.6794852722469,113.015512108062,25.8039819490934,89.3335382441618,85.3704445823931,1974.51347954271,1978.47657320447,NA,main,main
146,147,8.96357736648012,112.713180336563,30.3960621700801,112.666655768305,30.3631522989086,90.021898808757,81.0583214422768,1970.20135640259,1979.16493376907,NA,main,main
147,151,3.32353366655017,112.666655768305,30.3631522989086,112.100759044213,29.4856674779234,93.3454324753071,90.021898808757,1979.16493376907,1982.48846743562,NA,main,main
157,158,8.57503910979776,107.197766675081,31.2360512947846,107.559091565977,31.0945954975274,94.0204492468561,85.4454101370584,1974.58844509737,1983.16348420717,NA,main,main
147,148,6.11568763451218,112.666655768305,30.3631522989086,111.734101702123,30.3636409225743,96.1375864432692,90.021898808757,1979.16493376907,1985.28062140358,NA,main,main
198,205,7.08160462507876,113.015512108062,25.8039819490934,112.999840725134,25.8171111199371,96.4151428692405,89.3335382441618,1978.47657320447,1985.55817782955,NA,main,main
205,221,5.0005067339674,112.999840725134,25.8171111199371,101.970560413251,24.6890197116857,101.415649603208,96.4151428692405,1985.55817782955,1990.55868456352,NA,main,main
151,152,8.90560602498659,112.100759044213,29.4856674779234,115.137688111494,28.1591575633643,102.251038500294,93.3454324753071,1982.48846743562,1991.39407346061,NA,main,main
221,222,1.49530333227679,101.970560413251,24.6890197116857,101.918692964174,24.6377108630941,102.910952935485,101.415649603208,1990.55868456352,1992.0539878958,NA,main,main
221,229,1.68408779640653,101.970560413251,24.6890197116857,102.01352373477,24.6936216332888,103.099737399614,101.415649603208,1990.55868456352,1992.24277235993,NA,main,main
172,173,17.5792330334369,113.698790130673,24.7922769645499,113.831796809085,24.0438529795775,104.458374274564,86.8791412411276,1976.02217620144,1993.60140923488,NA,main,main
222,225,2.18797881548833,101.918692964174,24.6377108630941,101.821128208428,24.6200868877944,105.098931750973,102.910952935485,1992.0539878958,1994.24196671129,NA,main,main
229,230,2.15598179956754,102.01352373477,24.6936216332888,102.053972135456,24.6141260493152,105.255719199182,103.099737399614,1992.24277235993,1994.39875415949,NA,main,main
225,226,1.71049365224324,101.821128208428,24.6200868877944,101.880387883738,24.6420926592087,106.809425403216,105.098931750973,1994.24196671129,1995.95246036353,NA,main,main
196,270,37.5835776126293,111.869818559929,24.8661522657561,100.249169719755,26.1195002286883,106.877776494145,69.2941988815159,1958.43723384183,1996.02081145446,NA,main,main
229,249,3.8539365919786,102.01352373477,24.6936216332888,103.535503766703,25.5584448361176,106.953673991593,103.099737399614,1992.24277235993,1996.09670895191,NA,main,main
173,174,2.79641638490183,113.831796809085,24.0438529795775,114.458640745347,22.9720748355642,107.254790659466,104.458374274564,1993.60140923488,1996.39782561978,NA,main,main
230,231,3.52513385497296,102.053972135456,24.6141260493152,102.211612768795,24.4946105233494,108.780853054155,105.255719199182,1994.39875415949,1997.92388801447,NA,main,main
271,272,74.9220760855044,106.001569728848,23.4259131408015,101.468198692601,21.544317883509,109.176101532412,34.254025446908,1923.39706040722,1998.31913649272,NA,main,main
222,223,6.36047125438045,101.918692964174,24.6377108630941,101.939632703758,24.6665897121953,109.271424189865,102.910952935485,1992.0539878958,1998.41445915018,NA,main,main
174,175,2.11667291510119,114.458640745347,22.9720748355642,114.132559591014,22.2055824197799,109.371463574568,107.254790659466,1996.39782561978,1998.51449853488,NA,main,main
226,227,3.88890041792051,101.880387883738,24.6420926592087,98.5145860775658,23.9239150193201,110.698325821137,106.809425403216,1995.95246036353,1999.84136078145,NA,main,main
173,187,6.34274587422734,113.831796809085,24.0438529795775,114.263526416264,25.6994774470634,110.801120148792,104.458374274564,1993.60140923488,1999.9441551091,NA,main,main
249,250,3.8734903480441,103.535503766703,25.5584448361176,103.71174202575,25.1682436657373,110.827164339637,106.953673991593,1996.09670895191,1999.97019929995,NA,main,main
175,177,1.94648727270389,114.132559591014,22.2055824197799,114.06677111552,22.4378059784797,111.317950847271,109.371463574568,1998.51449853488,2000.46098580758,NA,main,main
205,206,15.158287994348,112.999840725134,25.8171111199371,113.088201804556,25.2158973480782,111.573430863589,96.4151428692405,1985.55817782955,2000.7164658239,NA,main,main
158,159,18.5179157372184,107.559091565977,31.0945954975274,111.642148298528,30.3859036183916,112.538364984075,94.0204492468561,1983.16348420717,2001.68139994439,NA,main,main
250,253,1.94005306600444,103.71174202575,25.1682436657373,103.23507477844,24.9771309294855,112.767217405642,110.827164339637,1999.97019929995,2001.91025236595,NA,main,main
206,207,2.06639770484397,113.088201804556,25.2158973480782,110.941968609647,24.4117704792723,113.639828568432,111.573430863589,2000.7164658239,2002.78286352874,NA,main,main
159,169,1.65166035124792,111.642148298528,30.3859036183916,111.641214250382,30.5820875585994,114.190025335322,112.538364984075,2001.68139994439,2003.33306029563,NA,main,main
231,234,5.53576379746718,102.211612768795,24.4946105233494,102.770588453696,24.8394510545363,114.316616851622,108.780853054155,1997.92388801447,2003.45965181193,NA,main,main
253,254,1.94844460203226,103.23507477844,24.9771309294855,103.240678956147,24.9800576810631,114.715662007674,112.767217405642,2001.91025236595,2003.85869696799,NA,main,main
272,273,5.59993609246011,101.468198692601,21.544317883509,102.151552673668,21.4909150330841,114.776037624873,109.176101532412,1998.31913649272,2003.91907258518,NA,main,main
187,189,3.99444373559528,114.263526416264,25.6994774470634,117.825031034216,27.9346901025524,114.795563884387,110.801120148792,1999.9441551091,2003.9385988447,NA,main,main
148,150,18.6823988894886,111.734101702123,30.3636409225743,111.402269568748,30.5019775232629,114.819985332758,96.1375864432692,1985.28062140358,2003.96302029307,NA,main,main
177,178,3.5341461145092,114.06677111552,22.4378059784797,114.055498714447,22.4239312322933,114.852096961781,111.317950847271,2000.46098580758,2003.99513192209,NA,main,main
150,4,0.0753358713134382,111.402269568748,30.5019775232629,111.412201699736,30.9555072686012,114.895321204071,114.819985332758,2003.96302029307,2004.03835616438,SC1_DQ648857.1,main,main
234,240,0.947324600410361,102.770588453696,24.8394510545363,102.731093759718,24.7921503587833,115.263941452033,114.316616851622,2003.45965181193,2004.40697641234,NA,main,main
169,17,1.53862920208198,111.641214250382,30.5820875585994,111.406789570657,30.4611290460283,115.728654537404,114.190025335322,2003.33306029563,2004.87168949772,SC1_DQ412042.1,main,main
150,5,0.908669204646696,111.402269568748,30.5019775232629,111.409033192761,30.5199464807105,115.728654537404,114.819985332758,2003.96302029307,2004.87168949772,SC1_DQ412043.1,main,main
206,219,4.19140546706072,113.088201804556,25.2158973480782,113.929024826547,26.9399180161146,115.764836330649,111.573430863589,2000.7164658239,2004.90787129096,NA,main,main
230,70,10.5549025513373,102.053972135456,24.6141260493152,108.462794070549,22.7735818487874,115.810621750519,105.255719199182,1994.39875415949,2004.95365671083,SC1_DQ071615.1,main,main
178,186,0.964287747714032,114.055498714447,22.4239312322933,114.058804487367,22.4133118555676,115.816384709495,114.852096961781,2003.99513192209,2004.95941966981,NA,main,main
178,179,1.0003639201614,114.055498714447,22.4239312322933,114.135249123017,22.348965719856,115.852460881942,114.852096961781,2003.99513192209,2004.99549584225,NA,main,main
179,182,0.0871671509628307,114.135249123017,22.348965719856,114.123713065696,22.4279002467307,115.939628032905,115.852460881942,2004.99549584225,2005.08266299322,NA,main,main
182,183,0.0530580138692542,114.123713065696,22.4279002467307,114.118084127493,22.4363938077623,115.992686046774,115.939628032905,2005.08266299322,2005.13572100709,NA,main,main
179,180,0.166233866383724,114.135249123017,22.348965719856,114.154864537501,22.3444132874205,116.018694748326,115.852460881942,2004.99549584225,2005.16172970864,NA,main,main
186,44,0.207703617864151,114.058804487367,22.4133118555676,114.14795352466,22.4915512888748,116.024088327359,115.816384709495,2004.95941966981,2005.16712328767,SC1_DQ022305.2,main,main
182,45,0.103638376645677,114.123713065696,22.4279002467307,114.163412135817,22.4952278550542,116.043266409551,115.939628032905,2005.08266299322,2005.18630136986,SC1_DQ084199.1,main,main
186,43,0.284415946631295,114.058804487367,22.4133118555676,114.263570216448,22.3520997141242,116.100800656126,115.816384709495,2004.95941966981,2005.24383561644,SC1_DQ084200.1,main,main
175,176,6.77090909903843,114.132559591014,22.2055824197799,114.263720665455,22.3518214183566,116.142372673606,109.371463574568,1998.51449853488,2005.28540763392,NA,main,main
183,185,0.448302724329119,114.118084127493,22.4363938077623,114.102206976382,22.4194355813809,116.440988771103,115.992686046774,2005.13572100709,2005.58402373142,NA,main,main
183,184,0.565973162104561,114.118084127493,22.4363938077623,114.097377881162,22.4029641622081,116.558659208879,115.992686046774,2005.13572100709,2005.70169416919,NA,main,main
185,52,0.172140652146053,114.102206976382,22.4194355813809,114.254117936371,22.5020494254846,116.613129423249,116.440988771103,2005.58402373142,2005.75616438356,SC1_GQ153540.1,main,main
184,51,0.0544702143706122,114.097377881162,22.4029641622081,114.022687108811,22.3951134822199,116.613129423249,116.558659208879,2005.70169416919,2005.75616438356,SC1_GQ153539.1,main,main
185,48,0.410496816529557,114.102206976382,22.4194355813809,114.059058547739,22.4801520982187,116.851485587633,116.440988771103,2005.58402373142,2005.99452054795,SC1_GQ153541.1,main,main
249,109,9.9416472124781,103.535503766703,25.5584448361176,107.349219071334,26.717540766297,116.895321204071,106.953673991593,1996.09670895191,2006.03835616438,SC1_FJ588686.1,main,main
176,40,0.876236201698134,114.263720665455,22.3518214183566,114.382969310078,22.5288170191854,117.018608875304,116.142372673606,2005.28540763392,2006.16164383562,SC1_GQ153543.1,main,main
176,41,0.876236201698134,114.263720665455,22.3518214183566,114.300623365768,22.2704664152724,117.018608875304,116.142372673606,2005.28540763392,2006.16164383562,SC1_GQ153542.1,main,main
189,190,2.25405591536818,117.825031034216,27.9346901025524,117.954491552275,28.1483729069528,117.049619799755,114.795563884387,2003.9385988447,2006.19265476007,NA,main,main
250,251,6.46705140608942,103.71174202575,25.1682436657373,103.849084864398,25.2752607695102,117.294215745727,110.827164339637,1999.97019929995,2006.43725070604,NA,main,main
231,232,8.57354276071079,102.211612768795,24.4946105233494,111.871300290855,28.7943091129312,117.354395814866,108.780853054155,1997.92388801447,2006.49743077518,NA,main,main
180,181,1.39795860177577,114.154864537501,22.3444132874205,114.102181879176,22.2808344176918,117.416653350101,116.018694748326,2005.16172970864,2006.55968831041,NA,main,main
181,46,0.133462374517638,114.102181879176,22.2808344176918,114.097263532052,22.2926319933102,117.550115724619,117.416653350101,2006.55968831041,2006.69315068493,SC1_GQ153544.1,main,main
181,47,0.133462374517638,114.102181879176,22.2808344176918,114.334501778668,22.125310870236,117.550115724619,117.416653350101,2006.55968831041,2006.69315068493,SC1_GQ153545.1,main,main
190,191,0.562459202673306,117.954491552275,28.1483729069528,118.475155635911,28.5181224492045,117.612079002429,117.049619799755,2006.19265476007,2006.75511396274,NA,main,main
240,241,2.38358224453669,102.731093759718,24.7921503587833,102.705201328645,24.708573599944,117.647523696569,115.263941452033,2004.40697641234,2006.79055865688,NA,main,main
187,188,7.20372117048498,114.263526416264,25.6994774470634,114.849565035038,26.1798935296675,118.004841319277,110.801120148792,1999.9441551091,2007.14787627959,NA,main,main
184,49,1.51474418697325,114.097377881162,22.4029641622081,114.123835236946,22.4442732295968,118.073403395852,116.558659208879,2005.70169416919,2007.21643835616,SC1_GQ153546.1,main,main
177,42,6.94449364447089,114.06677111552,22.4378059784797,113.992970509643,22.4900298728204,118.262444491742,111.317950847271,2000.46098580758,2007.40547945205,SC1_GQ153547.1,main,main
254,255,3.56759854367443,103.240678956147,24.9800576810631,103.268578138227,24.8776823282606,118.283260551348,114.715662007674,2003.85869696799,2007.42629551166,NA,main,main
180,50,2.74785933245782,114.154864537501,22.3444132874205,114.254880147676,22.2084306151464,118.766554080784,116.018694748326,2005.16172970864,2007.9095890411,SC1_GQ153548.1,main,main
190,195,2.39167993267602,117.954491552275,28.1483729069528,118.237858747781,27.9611144176625,119.441299732431,117.049619799755,2006.19265476007,2008.58433469274,NA,main,main
198,199,30.1515071017296,113.015512108062,25.8039819490934,112.494069560076,23.5675060946282,119.485045345891,89.3335382441618,1978.47657320447,2008.6280803062,NA,main,main
273,274,5.24766656302141,102.151552673668,21.4909150330841,102.065547189574,21.6303966048453,120.023704187894,114.776037624873,2003.91907258518,2009.16673914821,NA,main,main
191,192,2.43796717064851,118.475155635911,28.5181224492045,118.91977357786,28.1599316302821,120.050046173077,117.612079002429,2006.75511396274,2009.19308113339,NA,main,main
254,261,5.35984526920615,103.240678956147,24.9800576810631,103.071574004037,24.9130732079185,120.07550727688,114.715662007674,2003.85869696799,2009.21854223719,NA,main,main
241,246,2.73472106143011,102.705201328645,24.708573599944,102.990667085836,24.9371425794888,120.382244757999,117.647523696569,2006.79055865688,2009.52527971831,NA,main,main
152,153,18.5792517333735,115.137688111494,28.1591575633643,114.234610644974,28.8389255854871,120.830290233667,102.251038500294,1991.39407346061,2009.97332519398,NA,main,main
255,256,2.86159071199029,103.268578138227,24.8776823282606,103.062407996697,24.6965020641512,121.144851263339,118.283260551348,2007.42629551166,2010.28788622365,NA,main,main
152,155,18.9950759726487,115.137688111494,28.1591575633643,114.631959419068,28.0193400901001,121.246114472942,102.251038500294,1991.39407346061,2010.38914943325,NA,main,main
246,247,1.26200345684147,102.990667085836,24.9371425794888,102.959460508976,25.0306338345984,121.644248214841,120.382244757999,2009.52527971831,2010.78728317515,NA,main,main
192,193,1.64295128840465,118.91977357786,28.1599316302821,118.960447247043,28.2372267420752,121.692997461482,120.050046173077,2009.19308113339,2010.83603242179,NA,main,main
169,170,7.57010214784757,111.641214250382,30.5820875585994,112.851738785418,34.8866939721149,121.76012748317,114.190025335322,2003.33306029563,2010.90316244348,NA,main,main
270,128,15.017544709926,100.249169719755,26.1195002286883,100.658204023644,26.6057872556391,121.895321204071,106.877776494145,1996.02081145446,2011.03835616438,SC1_JX993988.1,main,main
270,129,15.017544709926,100.249169719755,26.1195002286883,99.0083495987276,25.1010354643887,121.895321204071,106.877776494145,1996.02081145446,2011.03835616438,SC1_KF569996.1,main,main
170,171,0.396419066128868,112.851738785418,34.8866939721149,112.787618869582,34.8450035207044,122.156546549299,121.76012748317,2010.90316244348,2011.29958150961,NA,main,main
247,85,0.541483948134578,102.959460508976,25.0306338345984,102.959038715863,25.0544869838046,122.185732162975,121.644248214841,2010.78728317515,2011.32876712329,SC1_KC881005.1,main,main
159,160,9.9554492237697,111.642148298528,30.3859036183916,126.227720402314,41.8986341688928,122.493814207844,112.538364984075,2001.68139994439,2011.63684916816,NA,main,main
158,28,28.5406253818726,107.559091565977,31.0945954975274,107.849970222601,32.2152780352012,122.561074628729,94.0204492468561,1983.16348420717,2011.70410958904,SC1_JX993987.1,main,main
256,257,1.47208494123718,103.062407996697,24.6965020641512,102.975239691372,24.6774726780072,122.616936204576,121.144851263339,2010.28788622365,2011.75997116489,NA,main,main
257,258,0.152700584695433,102.975239691372,24.6774726780072,102.958238088685,24.7075515056028,122.769636789271,122.616936204576,2011.75997116489,2011.91267174958,NA,main,main
160,161,0.354407480102774,126.227720402314,41.8986341688928,126.135177228752,41.8937759731002,122.848221687947,122.493814207844,2011.63684916816,2011.99125664826,NA,main,main
227,112,12.1969953829344,98.5145860775658,23.9239150193201,98.6045218243286,24.2882412380955,122.895321204071,110.698325821137,1999.84136078145,2012.03835616438,SC1_KU973692.1,main,main
192,29,2.84527503099406,118.91977357786,28.1599316302821,118.894064626773,28.0706397427622,122.895321204071,120.050046173077,2009.19308113339,2012.03835616438,SC1_KF294457.1,main,main
170,14,1.13519372090116,112.851738785418,34.8866939721149,112.50335120232,34.9540444248069,122.895321204071,121.76012748317,2010.90316244348,2012.03835616438,SC1_KY770860.1,main,main
161,18,0.0470995161241721,126.135177228752,41.8937759731002,126.03177658098,41.9139024283508,122.895321204071,122.848221687947,2011.99125664826,2012.03835616438,SC1_KJ473811.1,main,main
207,208,9.34449108371177,110.941968609647,24.4117704792723,114.123131376453,24.6817911442006,122.984319652144,113.639828568432,2002.78286352874,2012.12735461246,NA,main,main
247,248,1.34067785480653,102.959460508976,25.0306338345984,102.946805639351,24.9352275901091,122.984926069647,121.644248214841,2010.78728317515,2012.12796102996,NA,main,main
248,84,0.123509888522182,102.946805639351,24.9352275901091,102.978199180337,24.8212717411242,123.10843595817,122.984926069647,2012.12796102996,2012.25147091848,SC1_KC881006.1,main,main
256,259,1.97760616243966,103.062407996697,24.6965020641512,102.964736385873,24.6644904835979,123.122457425778,121.144851263339,2010.28788622365,2012.26549238609,NA,main,main
248,83,0.577061801090583,102.946805639351,24.9352275901091,102.73878166329,24.7716709412308,123.561987870738,122.984926069647,2012.12796102996,2012.70502283105,SC1_KF367457.1,main,main
240,71,8.34449450613699,102.731093759718,24.7921503587833,102.584321195457,25.0578820868992,123.60843595817,115.263941452033,2004.40697641234,2012.75147091848,SC1_KY417145.1,main,main
246,86,3.22619120017019,102.990667085836,24.9371425794888,102.9111726369,24.7897942854987,123.60843595817,120.382244757999,2009.52527971831,2012.75147091848,SC1_KY417144.1,main,main
259,102,0.485978532391254,102.964736385873,24.6644904835979,102.959449379734,24.6767358574985,123.60843595817,123.122457425778,2012.26549238609,2012.75147091848,SC1_KY417143.1,main,main
241,242,5.99675534375356,102.705201328645,24.708573599944,102.784513451982,24.8807870305816,123.644279040323,117.647523696569,2006.79055865688,2012.78731400063,NA,main,main
226,228,17.013674197983,101.880387883738,24.6420926592087,102.133568079179,25.3886058891513,123.823099601199,106.809425403216,1995.95246036353,2012.96613456151,NA,main,main
251,252,6.55661406724709,103.849084864398,25.2752607695102,105.230817622979,25.2780601538158,123.850829812974,117.294215745727,2006.43725070604,2012.99386477329,NA,main,main
146,1,42.8369997617943,112.713180336563,30.3960621700801,112.693962783965,30.2042906483184,123.895321204071,81.0583214422768,1970.20135640259,2013.03835616438,SC1_KJ473814.1,main,main
207,66,10.2554926356387,110.941968609647,24.4117704792723,111.35624579619,24.6310754532945,123.895321204071,113.639828568432,2002.78286352874,2013.03835616438,SC1_KJ473815.1,main,main
171,15,1.73877465477229,112.787618869582,34.8450035207044,112.661470684214,35.5722024513947,123.895321204071,122.156546549299,2011.29958150961,2013.03835616438,SC1_KJ473813.1,main,main
171,16,1.73877465477229,112.787618869582,34.8450035207044,114.399909005518,36.3549883294923,123.895321204071,122.156546549299,2011.29958150961,2013.03835616438,SC1_KJ473812.1,main,main
242,82,0.251042163748401,102.784513451982,24.8807870305816,102.791567006524,24.8769316092547,123.895321204071,123.644279040323,2012.78731400063,2013.03835616438,SC1_KJ473816.1,main,main
252,107,0.0444913910974769,105.230817622979,25.2780601538158,105.256054097498,25.1940299070455,123.895321204071,123.850829812974,2012.99386477329,2013.03835616438,SC1_KY770859.1,main,main
252,108,0.0444913910974769,105.230817622979,25.2780601538158,105.642264982342,25.2685659856838,123.895321204071,123.850829812974,2012.99386477329,2013.03835616438,SC1_KY770858.1,main,main
259,260,1.0179184313107,102.964736385873,24.6644904835979,102.564362687842,25.0160166713244,124.140375857089,123.122457425778,2012.26549238609,2013.2834108174,NA,main,main
223,115,14.9143079731102,101.939632703758,24.6665897121953,102.660461862857,25.0075070089972,124.185732162975,109.271424189865,1998.41445915018,2013.32876712329,SC1_KY417147.1,main,main
257,99,1.56879595839959,102.975239691372,24.6774726780072,103.016229440977,24.7170028957722,124.185732162975,122.616936204576,2011.75997116489,2013.32876712329,SC1_KY417149.1,main,main
258,101,1.41609537370416,102.958238088685,24.7075515056028,102.871856450237,24.7450978749154,124.185732162975,122.769636789271,2011.91267174958,2013.32876712329,SC1_KY417148.1,main,main
258,100,1.41609537370416,102.958238088685,24.7075515056028,102.812329033977,24.8636575156746,124.185732162975,122.769636789271,2011.91267174958,2013.32876712329,SC1_KY417146.1,main,main
228,113,0.461262698762287,102.133568079179,25.3886058891513,102.121042678229,25.384716448372,124.284362299962,123.823099601199,2012.96613456151,2013.42739726027,SC1_KP886809.1,main,main
228,114,0.461262698762287,102.133568079179,25.3886058891513,102.155143224771,25.3525592921284,124.284362299962,123.823099601199,2012.96613456151,2013.42739726027,SC1_KP886808.1,main,main
242,243,0.678771688820545,102.784513451982,24.8807870305816,102.836908797689,24.9386785403147,124.323050729143,123.644279040323,2012.78731400063,2013.46608568946,NA,main,main
161,162,1.4844866871642,126.135177228752,41.8937759731002,125.746573790276,41.6053036360235,124.332708375111,122.848221687947,2011.99125664826,2013.47574333542,NA,main,main
260,103,0.305630278489001,102.564362687842,25.0160166713244,102.575619286731,25.0441000000808,124.446006135578,124.140375857089,2013.2834108174,2013.58904109589,SC1_KT444582.1,main,main
260,104,0.305630278489001,102.564362687842,25.0160166713244,102.583567471215,24.8510590139142,124.446006135578,124.140375857089,2013.2834108174,2013.58904109589,SC1_KY417150.1,main,main
162,26,0.143434746768149,125.746573790276,41.6053036360235,125.705520455428,41.5384610965077,124.476143121879,124.332708375111,2013.47574333542,2013.61917808219,SC1_KU182964.1,main,main
261,262,4.69599890023963,103.071574004037,24.9130732079185,101.913650060373,23.6323304633065,124.77150617712,120.07550727688,2009.21854223719,2013.91454113743,NA,main,main
223,224,15.8553909066569,101.939632703758,24.6665897121953,101.803446527025,25.2547078970133,125.126815096522,109.271424189865,1998.41445915018,2014.26985005683,NA,main,main
243,81,0.931174584516905,102.836908797689,24.9386785403147,102.897622279612,24.8923500090551,125.25422531366,124.323050729143,2013.46608568946,2014.39726027397,SC1_KY417142.1,main,main
234,235,10.9750717906084,102.770588453696,24.8394510545363,102.50442031459,24.5913483184627,125.291688642231,114.316616851622,2003.45965181193,2014.43472360254,NA,main,main
199,200,5.81153199298039,112.494069560076,23.5675060946282,112.543913354865,23.6798376495101,125.296577338872,119.485045345891,2008.6280803062,2014.43961229918,NA,main,main
243,244,0.980803336774005,102.836908797689,24.9386785403147,102.954696430772,24.9408235208767,125.303854065917,124.323050729143,2013.46608568946,2014.44688902623,NA,main,main
244,80,0.402426042263463,102.954696430772,24.9408235208767,103.014872484748,24.9393311719995,125.706280108181,125.303854065917,2014.44688902623,2014.84931506849,SC1_KY417151.1,main,main
195,34,6.94991188259882,118.237858747781,27.9611144176625,122.370137728304,30.2369967996641,126.39121161503,119.441299732431,2008.58433469274,2015.53424657534,SC1_MG772934.1,main,main
162,163,2.26754692595771,125.746573790276,41.6053036360235,125.718572423601,41.547868396562,126.600255301069,124.332708375111,2013.47574333542,2015.74329026138,NA,main,main
235,236,1.31975012733281,102.50442031459,24.5913483184627,102.381866721021,24.4456990766889,126.611438769563,125.291688642231,2014.43472360254,2015.75447372988,NA,main,main
244,245,1.31131039458598,102.954696430772,24.9408235208767,102.911078012254,24.9818578884432,126.615164460503,125.303854065917,2014.44688902623,2015.75819942082,NA,main,main
245,79,0.0691978394581731,102.911078012254,24.9818578884432,102.693847898108,24.7872745115873,126.684362299961,126.615164460503,2015.75819942082,2015.82739726027,SC1_KY417152.1,main,main
200,201,1.52911861199663,112.543913354865,23.6798376495101,112.491128420748,23.6886084885609,126.825695950868,125.296577338872,2014.43961229918,2015.96873091118,NA,main,main
160,27,4.69385672300286,126.227720402314,41.8986341688928,126.899703846882,35.6551498446735,127.187670930847,122.493814207844,2011.63684916816,2016.33070589116,SC1_KY938558.1,main,main
236,237,0.622638926465676,102.381866721021,24.4456990766889,102.237646864656,24.3728267530544,127.234077696029,126.611438769563,2015.75447372988,2016.37711265634,NA,main,main
237,238,0.0811156303617642,102.237646864656,24.3728267530544,102.245146431258,24.3751234566581,127.315193326391,127.234077696029,2016.37711265634,2016.4582282867,NA,main,main
238,239,0.0487887018715938,102.245146431258,24.3751234566581,102.100032545316,24.2643762690193,127.363982028262,127.315193326391,2016.4582282867,2016.50701698857,NA,main,main
174,39,20.1377983041677,114.458640745347,22.9720748355642,114.901330959786,23.0723940322631,127.392588963634,107.254790659466,1996.39782561978,2016.53562392395,SC1_OK017812.1,main,main
201,202,0.57392876508445,112.491128420748,23.6886084885609,112.469793101379,23.7432863937829,127.399624715953,126.825695950868,2015.96873091118,2016.54265967627,NA,main,main
157,13,42.0318782801275,107.197766675081,31.2360512947846,107.711250543423,32.1940195183046,127.477288417186,85.4454101370584,1974.58844509737,2016.6203233775,SC1_OK017846.1,main,main
225,110,22.3783566662128,101.821128208428,24.6200868877944,105.129011879368,32.5101803845782,127.477288417186,105.098931750973,1994.24196671129,2016.6203233775,SC1_MK211374.1,main,main
236,76,0.865849647622514,102.381866721021,24.4456990766889,102.166212776446,24.411196181477,127.477288417186,126.611438769563,2015.75447372988,2016.6203233775,SC1_OK017849.1,main,main
237,75,0.243210721156838,102.237646864656,24.3728267530544,101.95897316772,24.4123602601797,127.477288417186,127.234077696029,2016.37711265634,2016.6203233775,SC1_OK017847.1,main,main
238,74,0.162095090795074,102.245146431258,24.3751234566581,102.146325604943,25.0342149388571,127.477288417186,127.315193326391,2016.4582282867,2016.6203233775,SC1_OK017850.1,main,main
239,73,0.11330638892348,102.100032545316,24.2643762690193,102.267237110583,24.3524627862075,127.477288417186,127.363982028262,2016.50701698857,2016.6203233775,SC1_OK017848.1,main,main
239,72,0.11330638892348,102.100032545316,24.2643762690193,102.125064259954,24.2679144016549,127.477288417186,127.363982028262,2016.50701698857,2016.6203233775,SC1_OK017851.1,main,main
251,106,10.2677721250113,103.849084864398,25.2752607695102,102.679576169044,24.4247677187538,127.561987870738,117.294215745727,2006.43725070604,2016.70502283105,SC1_MK211375.1,main,main
255,105,9.2787273193896,103.268578138227,24.8776823282606,102.259723614233,23.432445935143,127.561987870738,118.283260551348,2007.42629551166,2016.70502283105,SC1_MK211378.1,main,main
235,77,2.27029922850737,102.50442031459,24.5913483184627,102.479314659802,24.5839468139117,127.561987870738,125.291688642231,2014.43472360254,2016.70502283105,SC1_MK211376.1,main,main
245,78,0.946823410234618,102.911078012254,24.9818578884432,103.0153695129,25.0088171340677,127.561987870738,126.615164460503,2015.75819942082,2016.70502283105,SC1_MK211377.1,main,main
208,209,4.75255846597624,114.123131376453,24.6817911442006,114.132015923889,24.6664118456652,127.736878118121,122.984319652144,2012.12735461246,2016.87991307843,NA,main,main
209,210,0.163143432606859,114.132015923889,24.6664118456652,114.00953879407,24.9091589128793,127.900021550727,127.736878118121,2016.87991307843,2017.04305651104,NA,main,main
193,30,6.28725524943862,118.960447247043,28.2372267420752,122.143882476902,29.9895764656517,127.98025271092,121.692997461482,2010.83603242179,2017.12328767123,SC1_MG772933.1,main,main
210,211,0.260146863374885,114.00953879407,24.9091589128793,114.156548207266,25.0845977768441,128.160168414102,127.900021550727,2017.04305651104,2017.30320337441,NA,main,main
211,212,0.175512176305468,114.156548207266,25.0845977768441,114.127321041153,24.8319052680233,128.335680590408,128.160168414102,2017.30320337441,2017.47871555072,NA,main,main
200,204,3.07245879186194,112.543913354865,23.6798376495101,112.723753921984,23.380484671842,128.369036130734,125.296577338872,2014.43961229918,2017.51207109105,NA,main,main
210,213,0.479963029024069,114.00953879407,24.9091589128793,114.049272775923,24.8989068603549,128.379984579751,127.900021550727,2017.04305651104,2017.52301954006,NA,main,main
209,216,0.705205040085307,114.132015923889,24.6664118456652,113.865195212733,24.6955606257796,128.442083158206,127.736878118121,2016.87991307843,2017.58511811852,NA,main,main
262,91,3.70463694475968,101.913650060373,23.6323304633065,113.040881268886,24.6145704759699,128.476143121879,124.77150617712,2013.91454113743,2017.61917808219,SC1_OK017792.1,main,main
155,156,7.23059607203508,114.631959419068,28.0193400901001,111.941740155121,27.0257871373607,128.476710544977,121.246114472942,2010.38914943325,2017.61974550529,NA,main,main
213,214,0.106357631402076,114.049272775923,24.8989068603549,114.006495307238,24.9665358871107,128.486342211153,128.379984579751,2017.52301954006,2017.62937717147,NA,main,main
214,215,0.00731347455023013,114.006495307238,24.9665358871107,113.929266821861,25.0307078115726,128.493655685704,128.486342211153,2017.62937717147,2017.63669064602,NA,main,main
172,53,41.6819333876012,113.698790130673,24.7922769645499,113.715191525476,25.0745037082501,128.561074628729,86.8791412411276,1976.02217620144,2017.70410958904,SC1_OK017823.1,main,main
211,59,0.400906214626546,114.156548207266,25.0845977768441,114.121533088019,25.0720961195692,128.561074628729,128.160168414102,2017.30320337441,2017.70410958904,SC1_OK017820.1,main,main
212,58,0.225394038321078,114.127321041153,24.8319052680233,114.060169996793,25.0284277339808,128.561074628729,128.335680590408,2017.47871555072,2017.70410958904,SC1_OK017816.1,main,main
212,55,0.225394038321078,114.127321041153,24.8319052680233,114.132153645249,24.8378100970694,128.561074628729,128.335680590408,2017.47871555072,2017.70410958904,SC1_OK017814.1,main,main
204,122,0.192038497995052,112.723753921984,23.380484671842,112.53899673418,23.5929002400196,128.561074628729,128.369036130734,2017.51207109105,2017.70410958904,SC1_OK017824.1,main,main
204,123,0.192038497995052,112.723753921984,23.380484671842,112.751030239278,23.3419067896806,128.561074628729,128.369036130734,2017.51207109105,2017.70410958904,SC1_OK017822.1,main,main
213,57,0.181090048977362,114.049272775923,24.8989068603549,114.045683863144,24.8966531592473,128.561074628729,128.379984579751,2017.52301954006,2017.70410958904,SC1_OK017815.1,main,main
216,61,0.118991470522984,113.865195212733,24.6955606257796,113.766785357635,24.5381343936454,128.561074628729,128.442083158206,2017.58511811852,2017.70410958904,SC1_OK017813.1,main,main
216,62,0.118991470522984,113.865195212733,24.6955606257796,113.663730272382,24.6623323167755,128.561074628729,128.442083158206,2017.58511811852,2017.70410958904,SC1_OK017819.1,main,main
214,60,0.0747324175752855,114.006495307238,24.9665358871107,114.072831330371,25.0203901407586,128.561074628729,128.486342211153,2017.62937717147,2017.70410958904,SC1_OK017818.1,main,main
215,54,0.0674189430250554,113.929266821861,25.0307078115726,113.880333394997,25.0290411876469,128.561074628729,128.493655685704,2017.63669064602,2017.70410958904,SC1_OK017821.1,main,main
215,56,0.0674189430250554,113.929266821861,25.0307078115726,113.843674499965,25.0584173357963,128.561074628729,128.493655685704,2017.63669064602,2017.70410958904,SC1_OK017817.1,main,main
208,217,5.77078828900203,114.123131376453,24.6817911442006,114.309866412155,25.721142027657,128.755107941146,122.984319652144,2012.12735461246,2017.89814290146,NA,main,main
262,263,4.26398449524988,101.913650060373,23.6323304633065,103.473649180825,23.3602889380236,129.03549067237,124.77150617712,2013.91454113743,2018.17852563268,NA,main,main
263,264,0.125670102486752,103.473649180825,23.3602889380236,103.475652494181,23.467556778132,129.161160774856,129.03549067237,2018.17852563268,2018.30419573517,NA,main,main
217,218,0.499641543276082,114.309866412155,25.721142027657,114.436227316555,25.7513628716116,129.254749484422,128.755107941146,2017.89814290146,2018.39778444473,NA,main,main
224,116,4.34932802535724,101.803446527025,25.2547078970133,103.206636668984,26.6066452038446,129.476143121879,125.126815096522,2014.26985005683,2018.61917808219,SC1_MW703458.1,main,main
163,164,3.12704811164734,125.718572423601,41.547868396562,125.378526447881,41.3263215067981,129.727303412716,126.600255301069,2015.74329026138,2018.87033837303,NA,main,main
274,275,9.72016422488986,102.065547189574,21.6303966048453,102.225884988022,18.543296452504,129.743868412784,120.023704187894,2009.16673914821,2018.8869033731,NA,main,main
273,131,15.5987356339932,102.151552673668,21.4909150330841,101.503511796317,21.6042048925296,130.374773258866,114.776037624873,2003.91907258518,2019.51780821918,SC1_EPI_ISL_412977,main,main
202,203,2.9861169151417,112.469793101379,23.7432863937829,112.379165982617,23.8880463539015,130.385741631095,127.399624715953,2016.54265967627,2019.52877659141,NA,main,main
148,149,34.2853595040138,111.734101702123,30.3636409225743,112.064155704384,27.4748338778251,130.422945947283,96.1375864432692,1985.28062140358,2019.5659809076,NA,main,main
203,126,0.0904014907847706,112.379165982617,23.8880463539015,112.060772621173,23.9944082962452,130.476143121879,130.385741631095,2019.52877659141,2019.61917808219,SC1_OK017826.1,main,main
203,127,0.0904014907847706,112.379165982617,23.8880463539015,112.358394962607,23.9093929878886,130.476143121879,130.385741631095,2019.52877659141,2019.61917808219,SC1_OK017825.1,main,main
163,168,3.9422934912276,125.718572423601,41.547868396562,124.971987298534,40.8365645234424,130.542548792297,126.600255301069,2015.74329026138,2019.68558375261,NA,main,main
199,121,11.0760292828374,112.494069560076,23.5675060946282,112.396402831298,23.8314731603876,130.561074628729,119.485045345891,2008.6280803062,2019.70410958904,SC1_OK017827.1,main,main
201,124,3.73537867786036,112.491128420748,23.6886084885609,111.853726020683,24.0068425462404,130.561074628729,126.825695950868,2015.96873091118,2019.70410958904,SC1_OK017859.1,main,main
202,125,3.16144991277591,112.469793101379,23.7432863937829,112.517329774571,23.8459940571878,130.561074628729,127.399624715953,2016.54265967627,2019.70410958904,SC1_OK017828.1,main,main
264,265,1.43148834450035,103.475652494181,23.467556778132,102.959805940252,23.8282811280899,130.592649119357,129.161160774856,2018.30419573517,2019.73568407967,NA,main,main
164,165,0.983405933441531,125.378526447881,41.3263215067981,125.521392006188,41.3523841764135,130.710709346158,129.727303412716,2018.87033837303,2019.85374430647,NA,main,main
265,266,0.170346322800598,102.959805940252,23.8282811280899,102.938614754164,23.8138221553038,130.762995442157,130.592649119357,2019.73568407967,2019.90603040247,NA,main,main
264,267,1.69646100357508,103.475652494181,23.467556778132,103.485789455278,23.4391518425997,130.857621778431,129.161160774856,2018.30419573517,2020.00065673874,NA,main,main
153,154,10.1281296794604,114.234610644974,28.8389255854871,114.901699875553,29.8682523630538,130.958419913128,120.830290233667,2009.97332519398,2020.10145487344,NA,main,main
197,268,45.7062455563789,112.616679134377,25.6794852722469,108.616963079592,26.3435926884013,131.076690138772,85.3704445823931,1974.51347954271,2020.21972509908,NA,main,main
164,166,1.48069585010394,125.378526447881,41.3263215067981,125.005712737618,41.0325768602952,131.20799926282,129.727303412716,2018.87033837303,2020.35103422313,NA,main,main
166,167,0.0479811197059705,125.005712737618,41.0325768602952,125.010541910901,40.9896632117006,131.255980382526,131.20799926282,2020.35103422313,2020.39901534284,NA,main,main
272,135,22.1153945350468,101.468198692601,21.544317883509,101.372260383267,21.5455099656301,131.291496067459,109.176101532412,1998.31913649272,2020.43453102777,SC1_MZ081381.1,main,main
253,90,18.5434043448777,103.23507477844,24.9771309294855,102.546939320138,23.4450871580259,131.310621750519,112.767217405642,2001.91025236595,2020.45365671083,SC1_OK017858.1,main,main
263,94,2.2751310781498,103.473649180825,23.3602889380236,103.500588109758,23.4760306428337,131.310621750519,129.03549067237,2018.17852563268,2020.45365671083,SC1_OK017854.1,main,main
265,93,0.717972631162698,102.959805940252,23.8282811280899,102.802155952487,23.5964607874119,131.310621750519,130.592649119357,2019.73568407967,2020.45365671083,SC1_OK017852.1,main,main
266,95,0.5476263083621,102.938614754164,23.8138221553038,102.957464294843,23.8022566044449,131.310621750519,130.762995442157,2019.90603040247,2020.45365671083,SC1_OK017855.1,main,main
266,92,0.5476263083621,102.938614754164,23.8138221553038,102.781915628298,23.4966918529362,131.310621750519,130.762995442157,2019.90603040247,2020.45365671083,SC1_OK017853.1,main,main
267,96,0.452999972087972,103.485789455278,23.4391518425997,103.511256550716,23.4675687476364,131.310621750519,130.857621778431,2020.00065673874,2020.45365671083,SC1_OK017857.1,main,main
267,97,0.452999972087972,103.485789455278,23.4391518425997,103.448285563777,23.5199054473721,131.310621750519,130.857621778431,2020.00065673874,2020.45365671083,SC1_OK017856.1,main,main
193,194,9.6385790451148,118.960447247043,28.2372267420752,117.471625527993,25.7079695806759,131.331576506597,121.692997461482,2010.83603242179,2020.47461146691,NA,main,main
274,132,11.3360978904941,102.065547189574,21.6303966048453,101.228762858481,13.5262483009764,131.359802078388,120.023704187894,2009.16673914821,2020.5028370387,SC1_MW251308.1,main,main
154,6,0.434169050506407,114.901699875553,29.8682523630538,115.078990305221,30.0159729285158,131.392588963634,130.958419913128,2020.10145487344,2020.53562392395,SC1_OK017801.1,main,main
154,7,0.434169050506407,114.901699875553,29.8682523630538,114.909639524839,29.9066915527258,131.392588963634,130.958419913128,2020.10145487344,2020.53562392395,SC1_OK017802.1,main,main
275,133,1.66511399347323,102.225884988022,18.543296452504,101.996265353933,18.6112301008262,131.408982406257,129.743868412784,2018.8869033731,2020.55201736657,SC1_MZ937002.1,main,main
275,134,1.67331071478461,102.225884988022,18.543296452504,102.364282344967,18.5946110053522,131.417179127568,129.743868412784,2018.8869033731,2020.56021408788,SC1_MZ937004.1,main,main
261,98,11.4864805938579,103.071574004037,24.9130732079185,103.027050000223,24.7970015048027,131.561987870738,120.07550727688,2009.21854223719,2020.70502283105,SC1_OK017793.1,main,main
168,19,1.0194390784414,124.971987298534,40.8365645234424,125.443161524357,41.5625615589558,131.561987870738,130.542548792297,2019.68558375261,2020.70502283105,SC1_OK017799.1,main,main
168,20,1.0194390784414,124.971987298534,40.8365645234424,125.043291802708,40.904837820297,131.561987870738,130.542548792297,2019.68558375261,2020.70502283105,SC1_OK017794.1,main,main
165,24,0.851278524580128,125.521392006188,41.3523841764135,125.265816043875,41.4056428887082,131.561987870738,130.710709346158,2019.85374430647,2020.70502283105,SC1_OK017796.1,main,main
165,25,0.851278524580128,125.521392006188,41.3523841764135,125.512629429367,41.3537713081254,131.561987870738,130.710709346158,2019.85374430647,2020.70502283105,SC1_OK017797.1,main,main
166,22,0.353988607917719,125.005712737618,41.0325768602952,125.206042809615,41.270363909806,131.561987870738,131.20799926282,2020.35103422313,2020.70502283105,SC1_OK017800.1,main,main
167,21,0.306007488211749,125.010541910901,40.9896632117006,124.977500189062,40.9699904173555,131.561987870738,131.255980382526,2020.39901534284,2020.70502283105,SC1_OK017795.1,main,main
167,23,0.306007488211749,125.010541910901,40.9896632117006,125.010815260746,41.2116931997513,131.561987870738,131.255980382526,2020.39901534284,2020.70502283105,SC1_OK017798.1,main,main
232,233,14.4121419536408,111.871300290855,28.7943091129312,112.382566937534,29.211367741058,131.766537768507,117.354395814866,2006.49743077518,2020.90957272882,NA,main,main
156,10,3.5035421659429,111.941740155121,27.0257871373607,111.923686279046,27.0271693166666,131.98025271092,128.476710544977,2017.61974550529,2021.12328767123,SC1_OK017832.1,main,main
156,11,3.5035421659429,111.941740155121,27.0257871373607,111.998690683601,27.0968756423028,131.98025271092,128.476710544977,2017.61974550529,2021.12328767123,SC1_OK017833.1,main,main
233,87,0.213714942413819,112.382566937534,29.211367741058,112.413863514657,29.3572447620179,131.98025271092,131.766537768507,2020.90957272882,2021.12328767123,SC1_OK017804.1,main,main
233,88,0.213714942413819,112.382566937534,29.211367741058,112.365513620687,29.2186107306777,131.98025271092,131.766537768507,2020.90957272882,2021.12328767123,SC1_OK017803.1,main,main
268,269,0.931172278733336,108.616963079592,26.3435926884013,108.853112266973,26.4270281501446,132.007862417505,131.076690138772,2020.21972509908,2021.15089737782,NA,main,main
232,89,14.7025692248218,111.871300290855,28.7943091129312,111.443105367858,28.4889799562567,132.056965039688,117.354395814866,2006.49743077518,2021.2,SC1_OK017805.1,main,main
149,2,1.63401909240453,112.064155704384,27.4748338778251,112.349666409727,27.0605461299099,132.056965039688,130.422945947283,2019.5659809076,2021.2,SC1_OK017835.1,main,main
149,3,1.63401909240453,112.064155704384,27.4748338778251,112.414903305102,27.2892650342096,132.056965039688,130.422945947283,2019.5659809076,2021.2,SC1_OK017834.1,main,main
268,120,0.980274900915587,108.616963079592,26.3435926884013,108.638857410077,26.3844653417574,132.056965039688,131.076690138772,2020.21972509908,2021.2,SC1_OK017829.1,main,main
269,118,0.0491026221822516,108.853112266973,26.4270281501446,108.831704446928,26.3657856965503,132.056965039688,132.007862417505,2021.15089737782,2021.2,SC1_OK017831.1,main,main
269,119,0.0491026221822516,108.853112266973,26.4270281501446,108.834590819609,26.4375418912838,132.056965039688,132.007862417505,2021.15089737782,2021.2,SC1_OK017830.1,main,main
224,117,7.05508145001483,101.803446527025,25.2547078970133,99.1007577888167,25.5170099966318,132.181896546537,125.126815096522,2014.26985005683,2021.32493150685,SC1_OK017806.1,main,main
191,35,14.6120093249302,118.475155635911,28.5181224492045,118.784713677507,27.5448401183491,132.224088327359,117.612079002429,2006.75511396274,2021.36712328767,SC1_OK017809.1,main,main
188,38,14.219247008082,114.849565035038,26.1798935296675,116.180094925436,25.7106655363753,132.224088327359,118.004841319277,2007.14787627959,2021.36712328767,SC1_OK017808.1,main,main
194,31,0.892511820762263,117.471625527993,25.7079695806759,117.63774088701,24.5551462111036,132.224088327359,131.331576506597,2020.47461146691,2021.36712328767,SC1_OK017810.1,main,main
194,32,0.892511820762263,117.471625527993,25.7079695806759,117.466155983468,25.6904869751905,132.224088327359,131.331576506597,2020.47461146691,2021.36712328767,SC1_OK017811.1,main,main
219,220,16.5605301070396,113.929024826547,26.9399180161146,115.093972544846,27.5817488744155,132.325366437689,115.764836330649,2004.90787129096,2021.468401398,NA,main,main
151,12,39.045779139723,112.100759044213,29.4856674779234,116.740825811426,29.8219758399216,132.39121161503,93.3454324753071,1982.48846743562,2021.53424657534,SC1_OK017860.1,main,main
189,36,17.595647730643,117.825031034216,27.9346901025524,116.979291515342,27.3746882370294,132.39121161503,114.795563884387,2003.9385988447,2021.53424657534,SC1_OK017845.1,main,main
219,69,16.6263752843809,113.929024826547,26.9399180161146,113.991732232022,26.8777882452199,132.39121161503,115.764836330649,2004.90787129096,2021.53424657534,SC1_OK017839.1,main,main
188,37,14.3863702957533,114.849565035038,26.1798935296675,115.149320134391,26.2039547879359,132.39121161503,118.004841319277,2007.14787627959,2021.53424657534,SC1_OK017844.1,main,main
195,33,12.9499118825988,118.237858747781,27.9611144176625,117.141205838508,30.4396869215287,132.39121161503,119.441299732431,2008.58433469274,2021.53424657534,SC1_OK017807.1,main,main
153,8,11.5609213813629,114.234610644974,28.8389255854871,114.323996063025,28.9143303282941,132.39121161503,120.830290233667,2009.97332519398,2021.53424657534,SC1_OK017836.1,main,main
155,9,11.1450971420877,114.631959419068,28.0193400901001,114.654466095511,27.6727783770398,132.39121161503,121.246114472942,2010.38914943325,2021.53424657534,SC1_OK017837.1,main,main
217,63,3.63610367388384,114.309866412155,25.721142027657,114.284648133125,25.7994264914614,132.39121161503,128.755107941146,2017.89814290146,2021.53424657534,SC1_OK017841.1,main,main
218,64,3.13646213060775,114.436227316555,25.7513628716116,114.608048227201,25.8694753805582,132.39121161503,129.254749484422,2018.39778444473,2021.53424657534,SC1_OK017842.1,main,main
218,65,3.13646213060775,114.436227316555,25.7513628716116,114.700238732388,26.0980040227701,132.39121161503,129.254749484422,2018.39778444473,2021.53424657534,SC1_OK017843.1,main,main
220,67,0.0658451773413101,115.093972544846,27.5817488744155,115.099725339713,27.5813957088309,132.39121161503,132.325366437689,2021.468401398,2021.53424657534,SC1_OK017838.1,main,main
220,68,0.0658451773413101,115.093972544846,27.5817488744155,115.070943986252,27.5042934532841,132.39121161503,132.325366437689,2021.468401398,2021.53424657534,SC1_OK017840.1,main,main
