node1,node2,length,startLon,startLat,endLon,endLat,endNodeL,startNodeL,startYear,endYear,tipLabel
188,193,1.2809877130346,106.755961769218,27.4188267348458,106.735334594266,27.4246154434036,70.1644973913394,68.8835096783048,1974.9569734261,1976.23796113914,NA
193,194,2.90948292645636,106.735334594266,27.4246154434036,104.233323837946,24.6259099506298,73.0739803177958,70.1644973913394,1976.23796113914,1979.14744406559,NA
188,189,5.98084538115464,106.755961769218,27.4188267348458,106.621649705114,27.5780864581442,74.8643550594595,68.8835096783048,1974.9569734261,1980.93781880726,NA
189,190,3.17243392382296,106.621649705114,27.5780864581442,106.776476230671,27.4356433967211,78.0367889832824,74.8643550594595,1980.93781880726,1984.11025273108,NA
194,195,6.60538462646137,104.233323837946,24.6259099506298,114.651845005411,24.2569256734829,79.6793649442571,73.0739803177958,1979.14744406559,1985.75282869205,NA
190,191,2.65518185973006,106.776476230671,27.4356433967211,108.730224169938,28.4160487489824,80.6919708430125,78.0367889832824,1984.11025273108,1986.76543459081,NA
174,175,7.44201338485582,109.958916110059,31.9980352828221,110.349235216355,28.6426250360628,81.4086904362856,73.9666770514297,1980.04014079923,1987.48215418408,NA
148,149,8.89289758694503,103.096550335238,24.7903254871486,103.928490588177,24.8240891238161,83.0292771094727,74.1363795225277,1980.20984327032,1989.10274085727,NA
175,176,2.74828868397671,110.349235216355,28.6426250360628,111.241288416066,28.8256794756544,84.1569791202623,81.4086904362856,1987.48215418408,1990.23044286806,NA
195,228,5.49595382126632,114.651845005411,24.2569256734829,114.877918470488,24.1851917866439,85.1753187655235,79.6793649442571,1985.75282869205,1991.24878251332,NA
149,150,2.29904842630354,103.928490588177,24.8240891238161,102.523097956993,24.4903778593418,85.3283255357763,83.0292771094727,1989.10274085727,1991.40178928357,NA
180,181,20.2662700337736,102.48192141553,24.748321595176,102.885411471942,24.954358349676,88.4761910372788,68.2099210035052,1974.2833847513,1994.54965478508,NA
176,177,5.05239802335985,111.241288416066,28.8256794756544,111.619677925135,30.0738068133266,89.2093771436221,84.1569791202623,1990.23044286806,1995.28284089142,NA
195,196,10.4863290952376,114.651845005411,24.2569256734829,114.336555116581,24.5027375640064,90.1656940394948,79.6793649442571,1985.75282869205,1996.23915778729,NA
228,229,5.34373117961021,114.877918470488,24.1851917866439,114.455111228272,24.070527283891,90.5190499451337,85.1753187655235,1991.24878251332,1996.59251369293,NA
194,244,18.8960648702401,104.233323837946,24.6259099506298,102.762736153679,24.4619463229148,91.9700451880359,73.0739803177958,1979.14744406559,1998.04350893583,NA
150,151,7.31666216119741,102.523097956993,24.4903778593418,102.606817910852,24.674897928006,92.6449876969737,85.3283255357763,1991.40178928357,1998.71845144477,NA
196,202,2.52968806128301,114.336555116581,24.5027375640064,114.414024216232,23.8662377387447,92.6953821007778,90.1656940394948,1996.23915778729,1998.76884584857,NA
202,217,1.01761178883149,114.414024216232,23.8662377387447,114.111737914156,24.0090982201409,93.7129938896093,92.6953821007778,1998.76884584857,1999.78645763741,NA
202,203,1.40877254811924,114.414024216232,23.8662377387447,113.92261471522,22.4197258306183,94.1041546488971,92.6953821007778,1998.76884584857,2000.17761839669,NA
259,260,7.32222780482293,101.120725137034,23.805571837835,102.256953607969,24.1019877210906,94.1665910739195,86.8443632690966,1992.91782701689,2000.24005482172,NA
196,197,4.20649991903277,114.336555116581,24.5027375640064,114.319353885745,24.8220612916186,94.3721939585276,90.1656940394948,1996.23915778729,2000.44565770632,NA
149,7,13.8506838002652,103.928490588177,24.8240891238161,112.974539346361,23.0418628010865,96.8799609097379,83.0292771094727,1989.10274085727,2002.95342465753,SC1_AY394995.1
203,204,3.07187939590782,113.92261471522,22.4197258306183,114.389539311221,22.4475493611751,97.1760340448049,94.1041546488971,2000.17761839669,2003.2494977926,NA
177,179,8.44120919954165,111.619677925135,30.0738068133266,111.34330172457,30.6643648720021,97.6505863431638,89.2093771436221,1995.28284089142,2003.72405009096,NA
181,182,9.33237770535045,102.885411471942,24.954358349676,102.696333325008,25.0085819868804,97.8085687426292,88.4761910372788,1994.54965478508,2003.88203249043,NA
179,101,0.314306073423367,111.34330172457,30.6643648720021,111.374297363608,30.6720712302383,97.9648924165871,97.6505863431638,2003.72405009096,2004.03835616438,SC1_DQ648857.1
204,205,1.05844102607141,114.389539311221,22.4475493611751,114.34481128766,22.4030053165813,98.2344750708763,97.1760340448049,2003.2494977926,2004.30793881867,NA
260,261,4.31400395047871,102.256953607969,24.1019877210906,111.024575931925,30.3258390593928,98.4805950243983,94.1665910739195,2000.24005482172,2004.55405877219,NA
217,218,4.87127831515731,114.111737914156,24.0090982201409,113.078751638219,25.2760405045961,98.5842722047666,93.7129938896093,1999.78645763741,2004.65773595256,NA
182,183,0.791089176962391,102.696333325008,25.0085819868804,102.598281304938,24.8308889477074,98.5996579195916,97.8085687426292,2003.88203249043,2004.67312166739,NA
205,206,0.375910763920157,114.34481128766,22.4030053165813,114.349875911474,22.3735651740465,98.6103858347964,98.2344750708763,2004.30793881867,2004.68384958259,NA
182,186,0.906845084350731,102.696333325008,25.0085819868804,102.899621970561,25.0980629500692,98.71541382698,97.8085687426292,2003.88203249043,2004.78887757478,NA
252,253,4.17601964319751,101.134846523952,23.8480206823415,100.656217280363,23.9497647112026,98.7438397793593,94.5678201361618,2000.64128388396,2004.81730352716,NA
179,102,1.14763940675662,111.34330172457,30.6643648720021,111.236456870231,30.6212106479428,98.7982257499204,97.6505863431638,2003.72405009096,2004.87168949772,SC1_DQ412043.1
261,116,0.317630725522129,111.024575931925,30.3258390593928,111.233514444312,30.5867837717954,98.7982257499204,98.4805950243983,2004.55405877219,2004.87168949772,SC1_DQ412042.1
206,207,0.369745323834742,114.349875911474,22.3735651740465,114.306862425056,22.3729714498031,98.9801311586312,98.6103858347964,2004.68384958259,2005.05359490643,NA
207,211,0.00302379866781166,114.306862425056,22.3729714498031,114.265210732981,22.3624505564004,98.983154957299,98.9801311586312,2005.05359490643,2005.0566187051,NA
207,208,0.0328212116672049,114.306862425056,22.3729714498031,114.277766887697,22.3607251960532,99.0129523702984,98.9801311586312,2005.05359490643,2005.08641611809,NA
197,198,4.66598700971749,114.319353885745,24.8220612916186,117.840876820905,27.0265088021954,99.0381809682451,94.3721939585276,2000.44565770632,2005.11164471604,NA
206,58,0.483273705078311,114.349875911474,22.3735651740465,114.322345900477,22.1511455272712,99.0936595398747,98.6103858347964,2004.68384958259,2005.16712328767,SC1_DQ022305.2
208,68,0.099885251768093,114.277766887697,22.3607251960532,114.380985811997,22.1446140863379,99.1128376220665,99.0129523702984,2005.08641611809,2005.18630136986,SC1_DQ084199.1
205,59,0.935896797765611,114.34481128766,22.4030053165813,113.993647470784,22.2164779227847,99.1703718686419,98.2344750708763,2004.30793881867,2005.24383561644,SC1_DQ084200.1
211,212,0.466089215995318,114.265210732981,22.3624505564004,114.244090039244,22.3691413017965,99.4492441732943,98.983154957299,2005.0566187051,2005.52270792109,NA
212,213,0.0773090870430426,114.244090039244,22.3691413017965,114.187222737427,22.477616920268,99.5265532603374,99.4492441732943,2005.52270792109,2005.60001700813,NA
208,209,0.574962393934058,114.277766887697,22.3607251960532,114.121117195772,22.5114034837238,99.5879147642324,99.0129523702984,2005.08641611809,2005.66137851203,NA
218,219,1.05765510814746,113.078751638219,25.2760405045961,113.332395946956,24.9928814095892,99.6419273129141,98.5842722047666,2004.65773595256,2005.71539106071,NA
212,65,0.233456462470919,114.244090039244,22.3691413017965,114.179461522913,22.223219400557,99.6827006357652,99.4492441732943,2005.52270792109,2005.75616438356,SC1_GQ153539.1
209,63,0.0947858715327854,114.121117195772,22.5114034837238,114.150599556077,22.5036731094651,99.6827006357652,99.5879147642324,2005.66137851203,2005.75616438356,SC1_GQ153540.1
197,200,5.42937606984717,114.319353885745,24.8220612916186,114.508859582854,24.4817880435395,99.8015700283747,94.3721939585276,2000.44565770632,2005.87503377617,NA
203,216,5.79824871226961,113.92261471522,22.4197258306183,114.358124377546,22.3605719157135,99.9024033611667,94.1041546488971,2000.17761839669,2005.97586710896,NA
213,62,0.39450353981138,114.187222737427,22.477616920268,114.242485158785,22.4855638411683,99.9210568001487,99.5265532603374,2005.60001700813,2005.99452054795,SC1_GQ153541.1
186,94,1.24947858960716,102.899621970561,25.0980629500692,105.914228384015,26.4986913185985,99.9648924165871,98.71541382698,2004.78887757478,2006.03835616438,SC1_FJ588686.1
216,54,0.185776726653373,114.358124377546,22.3605719157135,114.409594760574,22.3999995675577,100.08818008782,99.9024033611667,2005.97586710896,2006.16164383562,SC1_GQ153542.1
216,55,0.185776726653373,114.358124377546,22.3605719157135,114.080243785889,22.4166851821847,100.08818008782,99.9024033611667,2005.97586710896,2006.16164383562,SC1_GQ153543.1
148,162,26.1164297598296,103.096550335238,24.7903254871486,102.897204843283,24.8973060119024,100.252809282357,74.1363795225277,1980.20984327032,2006.32627303015,NA
211,214,1.28354313598504,114.265210732981,22.3624505564004,114.272793167414,22.3256528772786,100.266698093284,98.983154957299,2005.0566187051,2006.34016184108,NA
213,66,1.09313367679775,114.187222737427,22.477616920268,114.186081358791,22.5053041610689,100.619686937135,99.5265532603374,2005.60001700813,2006.69315068493,SC1_GQ153544.1
214,67,0.352988843851065,114.272793167414,22.3256528772786,114.029864430009,22.2146180052246,100.619686937135,100.266698093284,2006.34016184108,2006.69315068493,SC1_GQ153545.1
209,210,1.4402296632393,114.121117195772,22.5114034837238,114.15454203082,22.5468534191273,101.028144427472,99.5879147642324,2005.66137851203,2007.10160817527,NA
198,199,2.10443415870864,117.840876820905,27.0265088021954,118.81926369542,27.7527241750945,101.142615126954,99.0381809682451,2005.11164471604,2007.21607887475,NA
210,61,0.114830180896126,114.15454203082,22.5468534191273,114.152564838564,22.5534706546769,101.142974608368,101.028144427472,2007.10160817527,2007.21643835616,SC1_GQ153546.1
253,254,2.5731930163677,100.656217280363,23.9497647112026,121.797931421648,29.8589785230228,101.317032795727,98.7438397793593,2004.81730352716,2007.39049654352,NA
214,60,1.06531761097422,114.272793167414,22.3256528772786,114.156636029022,22.1572023533881,101.332015704258,100.266698093284,2006.34016184108,2007.40547945205,SC1_GQ153547.1
210,64,0.807980865827778,114.15454203082,22.5468534191273,114.26507175916,22.2051752899456,101.8361252933,101.028144427472,2007.10160817527,2007.9095890411,SC1_GQ153548.1
183,185,3.91308378925193,102.598281304938,24.8308889477074,102.982349589116,24.7642542157968,102.512741708844,98.5996579195916,2004.67312166739,2008.58620545664,NA
228,240,17.8752216783374,114.877918470488,24.1851917866439,114.933468654682,24.2409044588763,103.050540443861,85.1753187655235,1991.24878251332,2009.12400419166,NA
252,258,8.51862268418096,101.134846523952,23.8480206823415,100.650273764411,21.7257071248943,103.086442820343,94.5678201361618,2000.64128388396,2009.15990656814,NA
200,201,3.39636506401723,114.508859582854,24.4817880435395,111.828354092416,23.3320797659638,103.197935092392,99.8015700283747,2005.87503377617,2009.27139884019,NA
162,169,3.59427868106146,102.897204843283,24.8973060119024,102.890468606816,24.8144852212243,103.847087963419,100.252809282357,2006.32627303015,2009.92055171122,NA
275,277,17.3849102699561,102.319965637798,24.4709290214534,102.607565593353,24.6755329140762,104.036625339286,86.65171506933,1992.72517881713,2010.11008908708,NA
244,245,12.6500110774749,102.762736153679,24.4619463229148,102.841531722994,24.9300176426731,104.620056265511,91.9700451880359,1998.04350893583,2010.69352001331,NA
260,264,10.5911759815541,102.256953607969,24.1019877210906,125.824355893499,41.7837566085748,104.757767055474,94.1665910739195,2000.24005482172,2010.83123080327,NA
180,91,36.754971413082,102.48192141553,24.748321595176,101.70536612804,25.975056651197,104.964892416587,68.2099210035052,1974.2833847513,2011.03835616438,SC1_JX993988.1
150,20,19.6365668808109,102.523097956993,24.4903778593418,99.2521881113759,25.0631157430337,104.964892416587,85.3283255357763,1991.40178928357,2011.03835616438,SC1_KF569996.1
169,170,1.36773019517509,102.890468606816,24.8144852212243,102.783338155147,24.8535657058708,105.214818158594,103.847087963419,2009.92055171122,2011.28828190639,NA
170,21,0.0404852168974656,102.783338155147,24.8535657058708,102.884095581407,24.9627431611423,105.255303375491,105.214818158594,2011.28828190639,2011.32876712329,SC1_KC881005.1
254,255,4.12019634467514,121.797931421648,29.8589785230228,121.854455094125,29.9071154508068,105.437229140402,101.317032795727,2007.39049654352,2011.5106928882,NA
151,159,12.8153116786796,102.606817910852,24.674897928006,102.796206382459,24.7508322394525,105.460299375653,92.6449876969737,1998.71845144477,2011.53376312345,NA
174,105,31.663968789815,109.958916110059,31.9980352828221,108.055310342232,34.1593971694903,105.630645841245,73.9666770514297,1980.04014079923,2011.70410958904,SC1_JX993987.1
261,262,7.15987801977198,111.024575931925,30.3258390593928,112.671763306494,35.3693648746836,105.64047304417,98.4805950243983,2004.55405877219,2011.71393679197,NA
264,265,0.964467838726373,125.824355893499,41.7837566085748,125.466341915539,42.0389162708026,105.7222348942,104.757767055474,2010.83123080327,2011.795698642,NA
265,266,0.143866395599503,125.466341915539,42.0389162708026,125.492162756036,42.1375295719578,105.8661012898,105.7222348942,2011.795698642,2011.9395650376,NA
159,160,0.489944419586321,102.796206382459,24.7508322394525,102.612218881086,25.0483108121384,105.95024379524,105.460299375653,2011.53376312345,2012.02370754304,NA
199,78,4.82227728963344,118.81926369542,27.7527241750945,118.985526051818,27.95988685778,105.964892416587,101.142615126954,2007.21607887475,2012.03835616438,SC1_KF294457.1
277,109,1.92826707730106,102.607565593353,24.6755329140762,98.4436488609901,24.4368263302999,105.964892416587,104.036625339286,2010.11008908708,2012.03835616438,SC1_KU973692.1
262,115,0.324419372416887,112.671763306494,35.3693648746836,112.560173094008,35.2897473342591,105.964892416587,105.64047304417,2011.71393679197,2012.03835616438,SC1_KY770860.1
266,124,0.0987911267875941,125.492162756036,42.1375295719578,125.582312912052,42.2741177007576,105.964892416587,105.8661012898,2011.9395650376,2012.03835616438,SC1_KJ473811.1
262,263,0.457625260688364,112.671763306494,35.3693648746836,112.627011138285,35.4157588553321,106.098098304859,105.64047304417,2011.71393679197,2012.17156205265,NA
229,237,15.6380933326798,114.455111228272,24.070527283891,115.189706860226,24.933636415822,106.157143277813,90.5190499451337,1996.59251369293,2012.23060702561,NA
160,17,0.227763375445843,102.612218881086,25.0483108121384,102.621072323878,25.0665315326837,106.178007170685,105.95024379524,2012.02370754304,2012.25147091848,SC1_KC881006.1
160,16,0.681315288014243,102.612218881086,25.0483108121384,102.571714361025,24.736586811671,106.631559083254,105.95024379524,2012.02370754304,2012.70502283105,SC1_KF367457.1
186,93,7.96259334370551,102.899621970561,25.0980629500692,102.588025664441,24.8581286746925,106.678007170685,98.71541382698,2004.78887757478,2012.75147091848,SC1_KY417143.1
277,108,2.6413818313994,102.607565593353,24.6755329140762,102.95213526834,24.7253141664106,106.678007170685,104.036625339286,2010.11008908708,2012.75147091848,SC1_KY417145.1
170,22,1.4631890120916,102.783338155147,24.8535657058708,102.727305205323,24.7710906064348,106.678007170685,105.214818158594,2011.28828190639,2012.75147091848,SC1_KY417144.1
278,279,1.38409994339767,103.276217061232,24.843140668947,105.082947788148,25.3590176535283,106.860975509147,105.47687556575,2011.55033931355,2012.93443925694,NA
259,273,20.0656151576945,101.120725137034,23.805571837835,101.960296248153,24.9303353042137,106.909978426791,86.8443632690966,1992.91782701689,2012.98344217459,NA
191,34,26.2729215735746,108.730224169938,28.4160487489824,111.266674138331,31.3403095820196,106.964892416587,80.6919708430125,1986.76543459081,2013.03835616438,SC1_KJ473814.1
201,82,3.76695732419516,111.828354092416,23.3320797659638,111.60699028436,24.3386643440196,106.964892416587,103.197935092392,2009.27139884019,2013.03835616438,SC1_KJ473815.1
278,110,1.48801685083738,103.276217061232,24.843140668947,103.004934598854,24.6991509757664,106.964892416587,105.47687556575,2011.55033931355,2013.03835616438,SC1_KJ473816.1
263,113,0.866794111728524,112.627011138285,35.4157588553321,112.516508166132,35.3129406859717,106.964892416587,106.098098304859,2012.17156205265,2013.03835616438,SC1_KJ473813.1
263,114,0.866794111728524,112.627011138285,35.4157588553321,114.022618465201,37.0084045139396,106.964892416587,106.098098304859,2012.17156205265,2013.03835616438,SC1_KJ473812.1
279,111,0.103916907439711,105.082947788148,25.3590176535283,105.20791281184,25.2263138499784,106.964892416587,106.860975509147,2012.93443925694,2013.03835616438,SC1_KY770859.1
279,112,0.103916907439711,105.082947788148,25.3590176535283,105.50653281937,25.1136128499421,106.964892416587,106.860975509147,2012.93443925694,2013.03835616438,SC1_KY770858.1
159,161,1.60246840280795,102.796206382459,24.7508322394525,102.850523707765,24.8808956441738,107.062767778461,105.460299375653,2011.53376312345,2013.13623152626,NA
185,96,4.74256166664778,102.982349589116,24.7642542157968,103.062679435074,24.7231231407067,107.255303375491,102.512741708844,2008.58620545664,2013.32876712329,SC1_KY417147.1
185,95,4.74256166664778,102.982349589116,24.7642542157968,102.844413693311,24.7910649048523,107.255303375491,102.512741708844,2008.58620545664,2013.32876712329,SC1_KY417149.1
169,23,3.40821541207256,102.890468606816,24.8144852212243,102.812279000604,24.8132117466398,107.255303375491,103.847087963419,2009.92055171122,2013.32876712329,SC1_KY417146.1
245,38,2.63524710998049,102.841531722994,24.9300176426731,102.694941391713,24.7858662708201,107.255303375491,104.620056265511,2010.69352001331,2013.32876712329,SC1_KY417148.1
273,127,0.443955085686442,101.960296248153,24.9303353042137,101.89468557718,25.2094356314635,107.353933512478,106.909978426791,2012.98344217459,2013.42739726027,SC1_KP886809.1
273,128,0.443955085686442,101.960296248153,24.9303353042137,101.950982616054,24.963969778063,107.353933512478,106.909978426791,2012.98344217459,2013.42739726027,SC1_KP886808.1
161,18,0.452809569632668,102.850523707765,24.8808956441738,102.770644895727,25.0264457385813,107.515577348094,107.062767778461,2013.13623152626,2013.58904109589,SC1_KY417150.1
161,19,0.452809569632668,102.850523707765,24.8808956441738,102.861936310738,24.8708266363826,107.515577348094,107.062767778461,2013.13623152626,2013.58904109589,SC1_KT444582.1
265,125,1.82347944019528,125.466341915539,42.0389162708026,126.105776114757,41.710499481846,107.545714334395,105.7222348942,2011.795698642,2013.61917808219,SC1_KU182964.1
229,230,17.1015342873972,114.455111228272,24.070527283891,114.227121261121,23.2733903936689,107.620584232531,90.5190499451337,1996.59251369293,2013.69404798033,NA
151,152,15.022623657134,102.606817910852,24.674897928006,102.731581693863,24.6739265581577,107.667611354108,92.6449876969737,1998.71845144477,2013.7410751019,NA
183,184,9.29333327612224,102.598281304938,24.8308889477074,102.682607888509,24.8556800342629,107.892991195714,98.5996579195916,2004.67312166739,2013.96645494351,NA
184,97,0.430805330462309,102.682607888509,24.8556800342629,102.623540068384,24.7706129901251,108.323796526176,107.892991195714,2013.96645494351,2014.39726027397,SC1_KY417142.1
240,241,5.5865634304852,114.933468654682,24.2409044588763,114.931670517707,24.2572198147835,108.637103874346,103.050540443861,2009.12400419166,2014.71056762214,NA
152,153,1.00047815751259,102.731581693863,24.6739265581577,102.812916773586,24.9125938542066,108.66808951162,107.667611354108,2013.7410751019,2014.74155325942,NA
153,9,0.107761809076467,102.812916773586,24.9125938542066,102.652394628117,24.8354023482474,108.775851320697,108.66808951162,2014.74155325942,2014.84931506849,SC1_KY417151.1
230,233,1.21641741335717,114.227121261121,23.2733903936689,114.334770297959,23.3455546988577,108.837001645888,107.620584232531,2013.69404798033,2014.91046539368,NA
266,267,3.54284903426222,125.492162756036,42.1375295719578,124.282322474058,40.6816406316328,109.408950324062,105.8661012898,2011.9395650376,2015.48241407186,NA
255,133,4.02355368714399,121.854455094125,29.9071154508068,122.021213978574,29.756913719159,109.460782827546,105.437229140402,2011.5106928882,2015.53424657534,SC1_MG772934.1
255,256,4.25591085104573,121.854455094125,29.9071154508068,113.404717063638,28.7937723044891,109.693139991448,105.437229140402,2011.5106928882,2015.76660373924,NA
153,8,1.08584400085715,102.812916773586,24.9125938542066,102.885991435355,24.9901992769062,109.753933512477,108.66808951162,2014.74155325942,2015.82739726027,SC1_KY417152.1
152,154,2.24753475280174,102.731581693863,24.6739265581577,103.025543234131,25.0680866591859,109.915146106909,107.667611354108,2013.7410751019,2015.98860985471,NA
230,231,2.36291362639314,114.227121261121,23.2733903936689,114.103052936776,23.3939868469467,109.983497858924,107.620584232531,2013.69404798033,2016.05696160672,NA
237,238,3.92712009987997,115.189706860226,24.933636415822,115.229594145986,24.9408782450555,110.084263377693,106.157143277813,2012.23060702561,2016.15772712549,NA
217,221,16.3911266803169,114.111737914156,24.0090982201409,114.213204283318,24.0242363020782,110.104120569926,93.7129938896093,1999.78645763741,2016.17758431772,NA
154,155,0.302985211681925,103.025543234131,25.0680866591859,103.066168803738,25.0217573789433,110.218131318591,109.915146106909,2015.98860985471,2016.29159506639,NA
264,126,5.49947508788938,125.824355893499,41.7837566085748,127.37429355664,35.2813498557149,110.257242143363,104.757767055474,2010.83123080327,2016.33070589116,SC1_KY938558.1
154,158,0.35873686722935,103.025543234131,25.0680866591859,102.994068384163,25.0608374389952,110.273882974139,109.915146106909,2015.98860985471,2016.34734672194,NA
155,156,0.0818256822024015,103.066168803738,25.0217573789433,103.130766488327,25.0543169680036,110.299957000794,110.218131318591,2016.29159506639,2016.37342074859,NA
249,250,4.70007248645748,100.374664475939,21.5472299300433,101.10609396837,21.6709277129487,110.346013603468,105.64594111701,2011.71940486481,2016.41947735126,NA
156,157,0.128306643622969,103.130766488327,25.0543169680036,103.170028542255,25.0189104632433,110.428263644417,110.299957000794,2016.37342074859,2016.50172739221,NA
218,220,11.8747967085656,113.078751638219,25.2760405045961,112.929742756586,25.1447967267387,110.459068913332,98.5842722047666,2004.65773595256,2016.53253266113,NA
221,76,0.35803960622381,114.213204283318,24.0242363020782,114.653330168828,24.1321443273171,110.46216017615,110.104120569926,2016.17758431772,2016.53562392395,SC1_OK017812.1
193,31,40.3823622383624,106.735334594266,27.4246154434036,107.87015759807,30.8934943984916,110.546859629702,70.1644973913394,1976.23796113914,2016.6203233775,SC1_OK017846.1
190,36,32.5100706464194,106.776476230671,27.4356433967211,105.358671692671,29.0161620659129,110.546859629702,78.0367889832824,1984.11025273108,2016.6203233775,SC1_MK211374.1
155,11,0.328728311110479,103.066168803738,25.0217573789433,103.008425765303,25.0147153780361,110.546859629702,110.218131318591,2016.29159506639,2016.6203233775,SC1_OK017847.1
158,10,0.272976655563054,102.994068384163,25.0608374389952,103.041994490533,25.070636594354,110.546859629702,110.273882974139,2016.34734672194,2016.6203233775,SC1_OK017850.1
158,15,0.272976655563054,102.994068384163,25.0608374389952,103.119934279624,25.0004382615856,110.546859629702,110.273882974139,2016.34734672194,2016.6203233775,SC1_OK017851.1
156,12,0.246902628908077,103.130766488327,25.0543169680036,103.180565460206,25.0207551638214,110.546859629702,110.299957000794,2016.37342074859,2016.6203233775,SC1_OK017849.1
157,14,0.118595985285109,103.170028542255,25.0189104632433,103.223433650587,25.071090521695,110.546859629702,110.428263644417,2016.50172739221,2016.6203233775,SC1_OK017848.1
181,92,22.1553680459751,102.885411471942,24.954358349676,102.613613724623,25.3993134407013,110.631559083254,88.4761910372788,1994.54965478508,2016.70502283105,SC1_MK211378.1
245,39,6.01150281774303,102.841531722994,24.9300176426731,103.258240047004,25.2155233347633,110.631559083254,104.620056265511,2010.69352001331,2016.70502283105,SC1_MK211375.1
184,98,2.73856788754,102.682607888509,24.8556800342629,102.558926752667,24.6935605764523,110.631559083254,107.892991195714,2013.96645494351,2016.70502283105,SC1_MK211377.1
157,13,0.203295438837157,103.170028542255,25.0189104632433,103.067071706073,25.013015601503,110.631559083254,110.428263644417,2016.50172739221,2016.70502283105,SC1_MK211376.1
144,145,0.0937140167717123,107.75095094509,24.0129165447001,107.787030612384,23.5034816339054,110.703137263072,110.609423246301,2016.6828869941,2016.77660101087,NA
144,147,0.116031542722004,107.75095094509,24.0129165447001,107.696886604069,23.9553417453227,110.725454789023,110.609423246301,2016.6828869941,2016.79891853682,NA
145,146,0.0300157310212219,107.787030612384,23.5034816339054,107.819580762358,23.4891272438721,110.733152994094,110.703137263072,2016.77660101087,2016.80661674189,NA
145,4,0.261755153514741,107.787030612384,23.5034816339054,107.703210990225,23.8400238507313,110.964892416587,110.703137263072,2016.77660101087,2017.03835616438,SC1_MT040336.1
147,6,0.23943762756445,107.696886604069,23.9553417453227,107.701243903587,23.8514711744113,110.964892416587,110.725454789023,2016.79891853682,2017.03835616438,SC1_MT040333.1
146,5,0.231739422493519,107.819580762358,23.4891272438721,107.67446226343,23.3778989541513,110.964892416587,110.733152994094,2016.80661674189,2017.03835616438,SC1_MT040334.1
146,2,0.231739422493519,107.819580762358,23.4891272438721,107.799862552124,23.4895469387947,110.964892416587,110.733152994094,2016.80661674189,2017.03835616438,SC1_MT040335.1
162,163,10.7156417809675,102.897204843283,24.8973060119024,102.919714216454,24.6937316945806,110.968451063325,100.252809282357,2006.32627303015,2017.04191481112,NA
221,222,0.912320171103252,114.213204283318,24.0242363020782,114.38149903269,23.4138268515108,111.016440741029,110.104120569926,2016.17758431772,2017.08990448883,NA
254,129,9.73279112770937,121.797931421648,29.8589785230228,122.020605118808,29.8453829375754,111.049823923436,101.317032795727,2007.39049654352,2017.12328767123,SC1_MG772933.1
222,223,0.128502714700958,114.38149903269,23.4138268515108,114.406085818977,23.4570420665784,111.14494345573,111.016440741029,2017.08990448883,2017.21840720353,NA
222,225,0.129647609884878,114.38149903269,23.4138268515108,114.42065275901,23.3909968128733,111.146088350914,111.016440741029,2017.08990448883,2017.21955209871,NA
225,226,0.0675410732841355,114.42065275901,23.3909968128733,114.374745610111,23.3802256829711,111.213629424198,111.146088350914,2017.21955209871,2017.28709317199,NA
223,224,0.264567501644746,114.406085818977,23.4570420665784,114.470984900706,23.516498882921,111.409510957375,111.14494345573,2017.21840720353,2017.48297470517,NA
226,227,0.278245940691987,114.374745610111,23.3802256829711,114.398564415688,23.3547146886971,111.49187536489,111.213629424198,2017.28709317199,2017.56533911269,NA
231,232,1.51647491593348,114.103052936776,23.3939868469467,114.043135191146,23.2491180126718,111.499972774858,109.983497858924,2016.05696160672,2017.57343652265,NA
219,83,11.9037870214813,113.332395946956,24.9928814095892,113.508489166798,24.7085993406217,111.545714334395,99.6419273129141,2005.71539106071,2017.61917808219,SC1_OK017792.1
241,242,2.99228536084092,114.931670517707,24.2572198147835,115.400683578804,24.3870487281697,111.629389235187,108.637103874346,2014.71056762214,2017.70285298298,NA
240,89,8.58010539738384,114.933468654682,24.2409044588763,115.043518970084,24.1031889419075,111.630645841245,103.050540443861,2009.12400419166,2017.70410958904,SC1_OK017823.1
223,75,0.48570238551435,114.406085818977,23.4570420665784,114.5454819499,23.4595083033106,111.630645841245,111.14494345573,2017.21840720353,2017.70410958904,SC1_OK017815.1
225,71,0.48455749033043,114.42065275901,23.3909968128733,114.471506986664,23.3780644595635,111.630645841245,111.146088350914,2017.21955209871,2017.70410958904,SC1_OK017816.1
226,72,0.417016417046295,114.374745610111,23.3802256829711,114.341878071504,23.3728527497592,111.630645841245,111.213629424198,2017.28709317199,2017.70410958904,SC1_OK017814.1
224,74,0.221134883869604,114.470984900706,23.516498882921,114.465022798543,23.3466511775822,111.630645841245,111.409510957375,2017.48297470517,2017.70410958904,SC1_OK017820.1
224,69,0.221134883869604,114.470984900706,23.516498882921,114.507799501956,23.6232296611504,111.630645841245,111.409510957375,2017.48297470517,2017.70410958904,SC1_OK017821.1
227,70,0.138770476354308,114.398564415688,23.3547146886971,114.27845242384,23.2005853432276,111.630645841245,111.49187536489,2017.56533911269,2017.70410958904,SC1_OK017817.1
227,73,0.138770476354308,114.398564415688,23.3547146886971,114.133825497774,23.4762980585492,111.630645841245,111.49187536489,2017.56533911269,2017.70410958904,SC1_OK017818.1
232,42,0.130673066387206,114.043135191146,23.2491180126718,114.005435867303,23.244296399027,111.630645841245,111.499972774858,2017.57343652265,2017.70410958904,SC1_OK017819.1
232,43,0.130673066387206,114.043135191146,23.2491180126718,113.945132226762,23.2943991038233,111.630645841245,111.499972774858,2017.57343652265,2017.70410958904,SC1_OK017813.1
242,86,0.00125660605771749,115.400683578804,24.3870487281697,115.401546988246,24.3889593032403,111.630645841245,111.629389235187,2017.70285298298,2017.70410958904,SC1_OK017822.1
242,85,0.00125660605771749,115.400683578804,24.3870487281697,115.395515699663,24.3743915248803,111.630645841245,111.629389235187,2017.70285298298,2017.70410958904,SC1_OK017824.1
147,3,1.23943762756445,107.696886604069,23.9553417453227,107.353319910955,23.898655127836,111.964892416587,110.725454789023,2016.79891853682,2018.03835616438,SC1_MT072864.1
253,134,13.801874555036,100.656217280363,23.9497647112026,100.480528840601,23.7999271676047,112.545714334395,98.7438397793593,2004.81730352716,2018.61917808219,SC1_MW703458.1
204,215,15.4233147093261,114.389539311221,22.4475493611751,114.481633745238,22.5624227660157,112.599348754131,97.1760340448049,2003.2494977926,2018.67281250193,NA
233,235,3.86619893555123,114.334770297959,23.3455546988577,117.554216020652,28.7322176171644,112.703200581439,108.837001645888,2014.91046539368,2018.77666432924,NA
275,276,26.0800421781514,102.319965637798,24.4709290214534,109.513984498303,26.0038432083739,112.731757247481,86.65171506933,1992.72517881713,2018.80522099528,NA
233,234,4.42866107410844,114.334770297959,23.3455546988577,116.99318616058,27.3210510124423,113.265662719997,108.837001645888,2014.91046539368,2019.33912646779,NA
177,178,24.0887032209471,111.619677925135,30.0738068133266,111.124457816961,29.1386607186007,113.298080364569,89.2093771436221,1995.28284089142,2019.37154411237,NA
250,140,3.09833086791376,101.10609396837,21.6709277129487,101.319929501872,21.6823561071318,113.444344471382,110.346013603468,2016.41947735126,2019.51780821918,SC1_EPI_ISL_412977
215,56,0.94636558026436,114.481633745238,22.5624227660157,114.76114436188,22.6728751501736,113.545714334395,112.599348754131,2018.67281250193,2019.61917808219,SC1_OK017825.1
215,57,0.94636558026436,114.481633745238,22.5624227660157,114.52675122707,22.5530373659983,113.545714334395,112.599348754131,2018.67281250193,2019.61917808219,SC1_OK017826.1
163,164,2.58210897680035,102.919714216454,24.6937316945806,102.4075573659,24.8287783788017,113.550560040125,110.968451063325,2017.04191481112,2019.62402378792,NA
200,80,13.82907581287,114.508859582854,24.4817880435395,114.632568429466,24.3764463962566,113.630645841245,99.8015700283747,2005.87503377617,2019.70410958904,SC1_OK017828.1
201,81,10.4327107488528,111.828354092416,23.3320797659638,112.89497340943,22.6664282448691,113.630645841245,103.197935092392,2009.27139884019,2019.70410958904,SC1_OK017827.1
276,107,0.898888593763321,109.513984498303,26.0038432083739,109.49893026068,25.3855501615455,113.630645841245,112.731757247481,2018.80522099528,2019.70410958904,SC1_OK017859.1
267,268,4.26047151344066,124.282322474058,40.6816406316328,124.271666487818,40.6933980732834,113.669421837502,109.408950324062,2015.48241407186,2019.7428855853,NA
164,165,0.289049075621282,102.4075573659,24.8287783788017,102.431164507137,24.7937469127186,113.839609115746,113.550560040125,2019.62402378792,2019.91307286354,NA
268,269,0.185122795594057,124.271666487818,40.6933980732834,123.240372497687,41.056485442933,113.854544633096,113.669421837502,2019.7428855853,2019.92800838089,NA
269,270,0.0822318142427514,123.240372497687,41.056485442933,123.246022835308,41.0703120597511,113.936776447339,113.854544633096,2019.92800838089,2020.01024019514,NA
165,166,0.128461082565801,102.431164507137,24.7937469127186,102.527444121932,24.8364347493597,113.968070198312,113.839609115746,2019.91307286354,2020.04153394611,NA
165,167,0.291550414948019,102.431164507137,24.7937469127186,102.41812986288,24.8004920409535,114.131159530694,113.839609115746,2019.91307286354,2020.20462327849,NA
164,168,0.732148146124011,102.4075573659,24.8287783788017,102.912687031509,25.2168503083706,114.282708186249,113.550560040125,2019.62402378792,2020.35617193405,NA
250,251,4.01413079176862,101.10609396837,21.6709277129487,101.952422216814,18.6179665785198,114.360144395237,110.346013603468,2016.41947735126,2020.43360814303,NA
258,135,11.2746244596325,100.650273764411,21.7257071248943,101.467845482095,21.4695059458226,114.361067279975,103.086442820343,2009.15990656814,2020.43453102777,SC1_MZ081381.1
163,24,3.41174189971052,102.919714216454,24.6937316945806,102.873871147523,24.6430486585746,114.380192963035,110.968451063325,2017.04191481112,2020.45365671083,SC1_OK017858.1
166,28,0.412122764723087,102.527444121932,24.8364347493597,102.504357087168,24.8517613253343,114.380192963035,113.968070198312,2020.04153394611,2020.45365671083,SC1_OK017852.1
166,26,0.412122764723087,102.527444121932,24.8364347493597,100.991371803849,24.1938325325875,114.380192963035,113.968070198312,2020.04153394611,2020.45365671083,SC1_OK017854.1
167,29,0.249033432340868,102.41812986288,24.8004920409535,102.411583520863,24.8005210397938,114.380192963035,114.131159530694,2020.20462327849,2020.45365671083,SC1_OK017857.1
167,25,0.249033432340868,102.41812986288,24.8004920409535,102.5310465577,24.5948691589392,114.380192963035,114.131159530694,2020.20462327849,2020.45365671083,SC1_OK017855.1
168,27,0.0974847767861577,102.912687031509,25.2168503083706,102.928785846801,25.2557624653649,114.380192963035,114.282708186249,2020.35617193405,2020.45365671083,SC1_OK017856.1
168,30,0.0974847767861577,102.912687031509,25.2168503083706,102.899391962933,25.197314904971,114.380192963035,114.282708186249,2020.35617193405,2020.45365671083,SC1_OK017853.1
249,137,8.78343217389356,100.374664475939,21.5472299300433,101.095431218555,13.4544743085209,114.429373290904,105.64594111701,2011.71940486481,2020.5028370387,SC1_MW251308.1
220,53,4.00309126281776,112.929742756586,25.1447967267387,113.704292039346,31.7501691147339,114.46216017615,110.459068913332,2016.53253266113,2020.53562392395,SC1_OK017802.1
234,40,1.19649745615347,116.99318616058,27.3210510124423,113.429801870456,30.559319186147,114.46216017615,113.265662719997,2019.33912646779,2020.53562392395,SC1_OK017801.1
251,139,0.118409223536404,101.952422216814,18.6179665785198,101.939347413558,18.5501390444145,114.478553618773,114.360144395237,2020.43360814303,2020.55201736657,SC1_MZ937002.1
251,138,0.126605944847783,101.952422216814,18.6179665785198,101.972095135597,18.9113578635309,114.486750340084,114.360144395237,2020.43360814303,2020.56021408788,SC1_MZ937004.1
268,272,0.885796205257411,124.271666487818,40.6933980732834,124.265269045449,40.3014501192367,114.55521804276,113.669421837502,2019.7428855853,2020.62868179056,NA
270,271,0.647751929162688,123.246022835308,41.0703120597511,122.594836612751,40.5401219337823,114.584528376502,113.936776447339,2020.01024019514,2020.6579921243,NA
244,37,22.661513895218,102.762736153679,24.4619463229148,100.588131884049,24.0140003320671,114.631559083254,91.9700451880359,1998.04350893583,2020.70502283105,SC1_OK017793.1
267,117,5.22260875919212,124.282322474058,40.6816406316328,123.957443112534,40.5741182515064,114.631559083254,109.408950324062,2015.48241407186,2020.70502283105,SC1_OK017797.1
269,119,0.7770144501574,123.240372497687,41.056485442933,123.224790202905,41.080218540467,114.631559083254,113.854544633096,2019.92800838089,2020.70502283105,SC1_OK017800.1
270,118,0.694782635914649,123.246022835308,41.0703120597511,123.169846741121,41.1136598165142,114.631559083254,113.936776447339,2020.01024019514,2020.70502283105,SC1_OK017795.1
272,122,0.076341040494046,124.265269045449,40.3014501192367,124.275019673928,40.3106791393034,114.631559083254,114.55521804276,2020.62868179056,2020.70502283105,SC1_OK017796.1
272,123,0.076341040494046,124.265269045449,40.3014501192367,124.251803741738,40.2990907328125,114.631559083254,114.55521804276,2020.62868179056,2020.70502283105,SC1_OK017798.1
271,120,0.0470307067519601,122.594836612751,40.5401219337823,122.562171728298,40.5549033124211,114.631559083254,114.584528376502,2020.6579921243,2020.70502283105,SC1_OK017794.1
271,121,0.0470307067519601,122.594836612751,40.5401219337823,122.608555325376,40.6680798221155,114.631559083254,114.584528376502,2020.6579921243,2020.70502283105,SC1_OK017799.1
189,192,39.8965906957277,106.621649705114,27.5780864581442,106.111294887235,26.8606443211046,114.760945755187,74.8643550594595,1980.93781880726,2020.83440950298,NA
256,257,5.19776786415314,113.404717063638,28.7937723044891,112.863650189635,28.5707294144341,114.890907855601,109.693139991448,2015.76660373924,2020.9643716034,NA
238,239,4.93251757308217,115.229594145986,24.9408782450555,115.688775071788,25.0030840564943,115.016780950776,110.084263377693,2016.15772712549,2021.09024469857,NA
276,106,2.31806667595491,109.513984498303,26.0038432083739,109.707509194587,26.1193502286377,115.049823923436,112.731757247481,2018.80522099528,2021.12328767123,SC1_OK017832.1
178,99,1.75174355886716,111.124457816961,29.1386607186007,110.968125028806,29.8859480048771,115.049823923436,113.298080364569,2019.37154411237,2021.12328767123,SC1_OK017833.1
257,130,0.158916067835371,112.863650189635,28.5707294144341,112.68608230454,28.4594029052723,115.049823923436,114.890907855601,2020.9643716034,2021.12328767123,SC1_OK017804.1
257,131,0.158916067835371,112.863650189635,28.5707294144341,113.170146478891,28.7730960410791,115.049823923436,114.890907855601,2020.9643716034,2021.12328767123,SC1_OK017803.1
191,35,34.434565409191,108.730224169938,28.4160487489824,111.723349285714,28.1485770906912,115.126536252203,80.6919708430125,1986.76543459081,2021.2,SC1_OK017834.1
175,104,33.7178458159179,110.349235216355,28.6426250360628,108.492108612917,27.0740474942775,115.126536252203,81.4086904362856,1987.48215418408,2021.2,SC1_OK017830.1
176,103,30.9695571319412,111.241288416066,28.8256794756544,111.014439505886,29.2782221481764,115.126536252203,84.1569791202623,1990.23044286806,2021.2,SC1_OK017835.1
256,132,5.43339626075565,113.404717063638,28.7937723044891,113.50961839023,28.8277799014349,115.126536252203,109.693139991448,2015.76660373924,2021.2,SC1_OK017805.1
192,32,0.365590497016292,106.111294887235,26.8606443211046,105.768742923399,26.5955672447556,115.126536252203,114.760945755187,2020.83440950298,2021.2,SC1_OK017831.1
192,33,0.365590497016292,106.111294887235,26.8606443211046,106.867237973888,26.8781562864089,115.126536252203,114.760945755187,2020.83440950298,2021.2,SC1_OK017829.1
235,236,2.51089419677738,117.554216020652,28.7322176171644,116.22001376038,28.5918808098374,115.214094778217,112.703200581439,2018.77666432924,2021.28755852601,NA
258,136,12.1650249387102,100.650273764411,21.7257071248943,100.828688239855,21.8777843096689,115.251467759053,103.086442820343,2009.15990656814,2021.32493150685,SC1_OK017806.1
198,77,16.2554785716297,117.840876820905,27.0265088021954,118.109738943934,27.3343485531398,115.293659539875,99.0381809682451,2005.11164471604,2021.36712328767,SC1_OK017809.1
237,48,9.13651626206135,115.189706860226,24.933636415822,116.534965021297,26.0263752643592,115.293659539875,106.157143277813,2012.23060702561,2021.36712328767,SC1_OK017808.1
239,49,0.276878589099215,115.688775071788,25.0030840564943,115.899246359466,25.1945225287381,115.293659539875,115.016780950776,2021.09024469857,2021.36712328767,SC1_OK017811.1
239,50,0.276878589099215,115.688775071788,25.0030840564943,115.894813121981,25.0092832540071,115.293659539875,115.016780950776,2021.09024469857,2021.36712328767,SC1_OK017810.1
241,243,6.77613081242379,114.931670517707,24.2572198147835,115.000481037274,24.891950520486,115.41323468677,108.637103874346,2014.71056762214,2021.48669843457,NA
219,84,15.818855514632,113.332395946956,24.9928814095892,116.542837417712,34.4263414219457,115.460782827546,99.6419273129141,2005.71539106071,2021.53424657534,SC1_OK017807.1
199,79,14.3181677005924,118.81926369542,27.7527241750945,114.92267327225,24.6724917798678,115.460782827546,101.142615126954,2007.21607887475,2021.53424657534,SC1_OK017840.1
231,44,5.47728496862203,114.103052936776,23.3939868469467,115.103210470082,28.4175893666875,115.460782827546,109.983497858924,2016.05696160672,2021.53424657534,SC1_OK017842.1
238,51,5.37651944985269,115.229594145986,24.9408782450555,115.269192982409,25.6588415023048,115.460782827546,110.084263377693,2016.15772712549,2021.53424657534,SC1_OK017838.1
220,52,5.00171391421385,112.929742756586,25.1447967267387,114.038674398316,25.7413222225804,115.460782827546,110.459068913332,2016.53253266113,2021.53424657534,SC1_OK017837.1
235,45,2.75758224610677,117.554216020652,28.7322176171644,117.615103727947,28.892237648578,115.460782827546,112.703200581439,2018.77666432924,2021.53424657534,SC1_OK017839.1
234,41,2.19512010754956,116.99318616058,27.3210510124423,116.976923970068,27.2055389712957,115.460782827546,113.265662719997,2019.33912646779,2021.53424657534,SC1_OK017836.1
178,100,2.16270246297691,111.124457816961,29.1386607186007,114.369712609721,28.177238372633,115.460782827546,113.298080364569,2019.37154411237,2021.53424657534,SC1_OK017860.1
236,46,0.246688049329385,116.22001376038,28.5918808098374,116.074932779557,28.5523301127729,115.460782827546,115.214094778217,2021.28755852601,2021.53424657534,SC1_OK017844.1
236,47,0.246688049329385,116.22001376038,28.5918808098374,116.253550454388,28.5362919144501,115.460782827546,115.214094778217,2021.28755852601,2021.53424657534,SC1_OK017845.1
243,87,0.0475481407761968,115.000481037274,24.891950520486,114.991726359621,24.9064723458803,115.460782827546,115.41323468677,2021.48669843457,2021.53424657534,SC1_OK017841.1
243,88,0.0475481407761968,115.000481037274,24.891950520486,114.997540123216,24.9895233103356,115.460782827546,115.41323468677,2021.48669843457,2021.53424657534,SC1_OK017843.1
