node1,node2,length,startLon,startLat,endLon,endLat,endNodeL,startNodeL,startYear,endYear,tipLabel,startClade,endClade
143,145,10.1730325369011,99.663150870113,25.5076745299847,110.323630778089,30.2030101383569,97.6564816260984,87.4834490891973,1966.03859035757,1976.21162289447,NA,main,main
145,146,2.88191912326696,110.323630778089,30.2030101383569,109.900474750513,30.8091562387691,100.538400749365,97.6564816260984,1976.21162289447,1979.09354201774,NA,main,main
145,197,4.24334718075699,110.323630778089,30.2030101383569,110.14420719703,30.034328002104,101.899828806855,97.6564816260984,1976.21162289447,1980.45497007523,NA,main,main
197,201,1.38562522402539,110.14420719703,30.034328002104,110.198387477999,30.0633719927346,103.285454030881,101.899828806855,1980.45497007523,1981.84059529926,NA,main,main
197,198,6.6292087594003,110.14420719703,30.034328002104,101.105139447275,25.0536029069596,108.529037566256,101.899828806855,1980.45497007523,1987.08417883463,NA,main,main
201,245,5.3636668684846,110.198387477999,30.0633719927346,111.057636981415,30.5437821376971,108.649120899365,103.285454030881,1981.84059529926,1987.20426216774,NA,main,main
265,271,17.4634788475485,99.0479222346202,24.0843872436665,99.0359576813506,24.1681812361363,113.780110642391,96.316631794843,1974.87177306322,1992.33525191077,NA,main,main
245,259,5.83168196276933,111.057636981415,30.5437821376971,111.693300390746,30.9549023165924,114.480802862135,108.649120899365,1987.20426216774,1993.03594413051,NA,main,main
265,266,18.2737477314324,99.0479222346202,24.0843872436665,107.70695551776,30.5280996440347,114.590379526275,96.316631794843,1974.87177306322,1993.14552079465,NA,main,main
146,147,14.6373225660506,109.900474750513,30.8091562387691,114.178206605815,22.4346459828945,115.175723315416,100.538400749365,1979.09354201774,1993.73086458379,NA,main,main
143,144,27.9396471647256,99.663150870113,25.5076745299847,99.1714542865639,25.1520357582474,115.423096253923,87.4834490891973,1966.03859035757,1993.9782375223,NA,main,main
201,202,13.9225178920296,110.198387477999,30.0633719927346,109.546455175642,28.097853013021,117.20797192291,103.285454030881,1981.84059529926,1995.76311319129,NA,main,main
266,268,3.41468897326924,107.70695551776,30.5280996440347,105.21972873095,24.9962819958342,118.005068499545,114.590379526275,1993.14552079465,1996.56020976792,NA,main,main
198,199,10.1781388856549,101.105139447275,25.0536029069596,101.585035143726,24.9323767021143,118.707176451911,108.529037566256,1987.08417883463,1997.26231772029,NA,main,main
245,246,10.5458380677723,111.057636981415,30.5437821376971,110.958531399871,30.5798123497978,119.194958967138,108.649120899365,1987.20426216774,1997.75010023551,NA,main,main
146,196,18.7899298957543,109.900474750513,30.8091562387691,105.69000263517,32.6571040377101,119.32833064512,100.538400749365,1979.09354201774,1997.8834719135,NA,main,main
202,203,2.37890390551904,109.546455175642,28.097853013021,109.612211707516,28.1202431511688,119.586875828429,117.20797192291,1995.76311319129,1998.14201709681,NA,main,main
259,260,5.47132172634313,111.693300390746,30.9549023165924,111.692814699459,31.0842943268379,119.952124588478,114.480802862135,1993.03594413051,1998.50726585685,NA,main,main
268,269,2.64731308954188,105.21972873095,24.9962819958342,111.414584996576,27.1642707146242,120.652381589087,118.005068499545,1996.56020976792,1999.20752285746,NA,main,main
202,205,5.49723447803441,109.546455175642,28.097853013021,102.97653700675,24.9823293827575,122.705206400945,117.20797192291,1995.76311319129,2001.26034766932,NA,main,main
147,148,7.69371389044034,114.178206605815,22.4346459828945,114.279250274504,22.1411293980949,122.869437205856,115.175723315416,1993.73086458379,2001.42457847423,NA,main,main
205,206,0.710680892115743,102.97653700675,24.9823293827575,103.048631837868,24.9587459081303,123.415887293061,122.705206400945,2001.26034766932,2001.97102856144,NA,main,main
206,227,1.28647838362114,103.048631837868,24.9587459081303,102.913662920258,25.0045335843245,124.702365676682,123.415887293061,2001.97102856144,2003.25750694506,NA,main,main
206,207,1.28817339512795,103.048631837868,24.9587459081303,103.057026775417,24.9828098240497,124.704060688189,123.415887293061,2001.97102856144,2003.25920195656,NA,main,main
260,261,5.37356283786958,111.692814699459,31.0842943268379,111.288068219297,30.7306319501616,125.325687426347,119.952124588478,1998.50726585685,2003.88082869472,NA,main,main
147,186,10.150889346904,114.178206605815,22.4346459828945,113.823410020839,22.452066731167,125.32661266232,115.175723315416,1993.73086458379,2003.8817539307,NA,main,main
261,115,0.157527469660135,111.288068219297,30.7306319501616,111.269451698143,30.7042604230197,125.483214896008,125.325687426347,2003.88082869472,2004.03835616438,SC1_DQ648857.1,main,main
186,187,0.195356475899949,113.823410020839,22.452066731167,114.10345669974,22.1954924973809,125.52196913822,125.32661266232,2003.8817539307,2004.0771104066,NA,main,main
227,228,1.03244098465327,102.913662920258,25.0045335843245,102.967286442845,25.4490534473445,125.734806661335,124.702365676682,2003.25750694506,2004.28994792971,NA,main,main
246,247,6.57142523958056,110.958531399871,30.5798123497978,113.133355903942,35.6786993586949,125.766384206718,119.194958967138,1997.75010023551,2004.32152547509,NA,main,main
148,150,3.07709627803953,114.279250274504,22.1411293980949,114.776011517178,25.1894194275063,125.946533483896,122.869437205856,2001.42457847423,2004.50167475227,NA,main,main
187,195,0.48405081958321,114.10345669974,22.1954924973809,114.016399563418,22.1584891670731,126.006019957803,125.52196913822,2004.0771104066,2004.56116122618,NA,main,main
246,97,7.12158926220315,110.958531399871,30.5798123497978,111.050353944616,30.6899108271725,126.316548229341,119.194958967138,1997.75010023551,2004.87168949772,SC1_DQ412042.1,main,main
261,116,0.990860802993392,111.288068219297,30.7306319501616,111.26331235855,30.7793414158459,126.316548229341,125.325687426347,2003.88082869472,2004.87168949772,SC1_DQ412043.1,main,main
203,55,6.81163961402629,109.612211707516,28.1202431511688,108.236662812034,22.8209830044474,126.398515442456,119.586875828429,1998.14201709681,2004.95365671083,SC1_DQ071615.1,main,main
271,272,12.7880928954407,99.0359576813506,24.1681812361363,101.509899856425,21.4511998511611,126.568203537832,113.780110642391,1992.33525191077,2005.12334480621,NA,main,main
195,45,0.605962061492082,114.016399563418,22.1584891670731,114.133509808258,22.1729319222736,126.611982019295,126.006019957803,2004.56116122618,2005.16712328767,SC1_DQ022305.2,main,main
187,188,1.09743679089829,114.10345669974,22.1954924973809,114.151639334615,22.3542947799077,126.619405929118,125.52196913822,2004.0771104066,2005.17454719749,NA,main,main
148,149,3.75002873939047,114.279250274504,22.1411293980949,114.20452765479,22.2047623826013,126.619465945247,122.869437205856,2001.42457847423,2005.17460721362,NA,main,main
195,44,0.625140143683812,114.016399563418,22.1584891670731,114.0198381232,22.1851175958313,126.631160101487,126.006019957803,2004.56116122618,2005.18630136986,SC1_DQ084199.1,main,main
186,46,1.36208168574239,113.823410020839,22.452066731167,114.374847384934,22.5040443425232,126.688694348062,125.32661266232,2003.8817539307,2005.24383561644,SC1_DQ084200.1,main,main
150,153,0.74404983325644,114.776011517178,25.1894194275063,114.7926356177,25.0771334309016,126.690583317152,125.946533483896,2004.50167475227,2005.24572458553,NA,main,main
188,189,0.184264211470325,114.151639334615,22.3542947799077,114.155513465853,22.3711530958896,126.803670140589,126.619405929118,2005.17454719749,2005.35881140896,NA,main,main
188,190,0.314777199823418,114.151639334615,22.3542947799077,114.085294830953,22.3374544775428,126.934183128942,126.619405929118,2005.17454719749,2005.48932439732,NA,main,main
189,53,0.397352974597155,114.155513465853,22.3711530958896,114.117830711955,22.243788340697,127.201023115186,126.803670140589,2005.35881140896,2005.75616438356,SC1_GQ153539.1,main,main
190,52,0.266839986244062,114.085294830953,22.3374544775428,114.081045269415,22.3045179493854,127.201023115186,126.934183128942,2005.48932439732,2005.75616438356,SC1_GQ153540.1,main,main
190,191,0.345592847381436,114.085294830953,22.3374544775428,114.103339291944,22.3590204404308,127.279775976323,126.934183128942,2005.48932439732,2005.8349172447,NA,main,main
189,54,0.635709138980658,114.155513465853,22.3711530958896,113.927805558301,22.5371843829447,127.439379279569,126.803670140589,2005.35881140896,2005.99452054795,SC1_GQ153541.1,main,main
247,248,1.69900869972781,113.133355903942,35.6786993586949,112.987454604952,35.388158993247,127.465392906446,125.766384206718,2004.32152547509,2006.02053417482,NA,main,main
228,56,1.74840823467259,102.967286442845,25.4490534473445,103.910409586219,26.9318182125452,127.483214896008,125.734806661335,2004.28994792971,2006.03835616438,SC1_FJ588686.1,main,main
191,194,0.322360789834637,114.103339291944,22.3590204404308,114.090011415275,22.3382980285315,127.602136766158,127.279775976323,2005.8349172447,2006.15727803453,NA,main,main
149,26,0.987036621993692,114.20452765479,22.2047623826013,114.21580064765,22.1803753896834,127.606502567241,126.619465945247,2005.17460721362,2006.16164383562,SC1_GQ153542.1,main,main
149,27,0.987036621993692,114.20452765479,22.2047623826013,114.203546049127,22.2051744364686,127.606502567241,126.619465945247,2005.17460721362,2006.16164383562,SC1_GQ153543.1,main,main
207,208,2.93243403172163,103.057026775417,24.9828098240497,102.90548081677,25.1264816601199,127.63649471991,124.704060688189,2003.25920195656,2006.19163598829,NA,main,main
191,192,0.387613472971074,114.103339291944,22.3590204404308,114.377624934755,22.5007235830114,127.667389449294,127.279775976323,2005.8349172447,2006.22253071767,NA,main,main
192,193,0.114160463772182,114.377624934755,22.5007235830114,114.389834965709,22.5278849568215,127.781549913066,127.667389449294,2006.22253071767,2006.33669118144,NA,main,main
193,47,0.356459503489241,114.389834965709,22.5278849568215,113.948815836259,22.3394855509996,128.138009416556,127.781549913066,2006.33669118144,2006.69315068493,SC1_GQ153545.1,main,main
193,48,0.356459503489241,114.389834965709,22.5278849568215,114.1287066096,22.5399886208349,128.138009416556,127.781549913066,2006.33669118144,2006.69315068493,SC1_GQ153544.1,main,main
228,229,2.7386152329486,102.967286442845,25.4490534473445,102.950852617994,25.35955210864,128.473421894284,125.734806661335,2004.28994792971,2007.02856316266,NA,main,main
194,49,1.05916032163062,114.090011415275,22.3382980285315,114.236380136856,22.3845738659797,128.661297087788,127.602136766158,2006.15727803453,2007.21643835616,SC1_GQ153546.1,main,main
192,50,1.18294873438458,114.377624934755,22.5007235830114,114.30855166407,22.5821902714309,128.850338183679,127.667389449294,2006.22253071767,2007.40547945205,SC1_GQ153547.1,main,main
208,211,1.35094689341017,102.90548081677,25.1264816601199,102.889255256653,25.1280601856774,128.98744161332,127.63649471991,2006.19163598829,2007.5425828817,NA,main,main
227,240,4.42972139629872,102.913662920258,25.0045335843245,105.152515411993,25.3197813257863,129.13208707298,124.702365676682,2003.25750694506,2007.68722834136,NA,main,main
194,51,1.75231100656228,114.090011415275,22.3382980285315,114.056564219887,22.2103809734057,129.35444777272,127.602136766158,2006.15727803453,2007.9095890411,SC1_GQ153548.1,main,main
208,209,1.8647621729645,102.90548081677,25.1264816601199,102.954929465268,25.2304665483425,129.501256892875,127.63649471991,2006.19163598829,2008.05639816125,NA,main,main
150,151,3.65626045350332,114.776011517178,25.1894194275063,114.802456295472,25.1296819101594,129.602793937399,125.946533483896,2004.50167475227,2008.15793520578,NA,main,main
229,230,1.17315341670062,102.950852617994,25.35955210864,102.729239051443,25.30642851371,129.646575310984,128.473421894284,2007.02856316266,2008.20171657936,NA,main,main
211,212,1.01601410305172,102.889255256653,25.1280601856774,102.929852270521,25.158161018941,130.003455716372,128.98744161332,2007.5425828817,2008.55859698475,NA,main,main
153,170,3.55456634784537,114.7926356177,25.0771334309016,115.168519405933,25.0523285011594,130.245149664998,126.690583317152,2005.24572458553,2008.80029093337,NA,main,main
259,262,15.8788172013725,111.693300390746,30.9549023165924,110.438744552331,28.6601781037413,130.359620063507,114.480802862135,1993.03594413051,2008.91476133188,NA,main,main
230,233,1.22563319376386,102.729239051443,25.30642851371,102.794336306471,25.09601688048,130.872208504748,129.646575310984,2008.20171657936,2009.42734977312,NA,main,main
207,217,6.18130905324497,103.057026775417,24.9828098240497,102.995473102031,24.844045934547,130.885369741434,124.704060688189,2003.25920195656,2009.44051100981,NA,main,main
205,242,8.27585373810878,102.97653700675,24.9823293827575,102.85734840469,24.8892711775319,130.981060139054,122.705206400945,2001.26034766932,2009.53620140743,NA,main,main
247,250,5.37348149848933,113.133355903942,35.6786993586949,125.873192470503,41.4245447026092,131.139865705208,125.766384206718,2004.32152547509,2009.69500697358,NA,main,main
248,249,3.70813720891618,112.987454604952,35.388158993247,113.865191548062,36.9877344280976,131.173530115362,127.465392906446,2006.02053417482,2009.72867138374,NA,main,main
250,251,0.334626103572139,125.873192470503,41.4245447026092,125.831313824303,41.6455945631852,131.47449180878,131.139865705208,2009.69500697358,2010.02963307716,NA,main,main
272,273,4.97137354556868,101.509899856425,21.4511998511611,101.421291030671,21.5270980003931,131.539577083401,126.568203537832,2005.12334480621,2010.09471835178,NA,main,main
153,154,5.21345585286352,114.7926356177,25.0771334309016,114.168340387638,24.7678120516357,131.904039170016,126.690583317152,2005.24572458553,2010.45918043839,NA,main,main
233,234,1.03807507046966,102.794336306471,25.09601688048,102.739098197281,25.0466304830571,131.910283575218,130.872208504748,2009.42734977312,2010.46542484359,NA,main,main
242,244,1.04472679242171,102.85734840469,24.8892711775319,102.693021842376,25.0610357475678,132.025786931475,130.981060139054,2009.53620140743,2010.58092819985,NA,main,main
242,243,1.10777084186646,102.85734840469,24.8892711775319,102.843443682205,24.797273771707,132.08883098092,130.981060139054,2009.53620140743,2010.6439722493,NA,main,main
170,171,1.8941283949066,115.168519405933,25.0523285011594,116.727393738663,26.2044769362934,132.139278059904,130.245149664998,2008.80029093337,2010.69441932828,NA,main,main
217,218,1.32809723295312,102.995473102031,24.844045934547,103.001865823477,24.8251908545468,132.213466974387,130.885369741434,2009.44051100981,2010.76860824276,NA,main,main
170,174,1.9824789095946,115.168519405933,25.0523285011594,115.437605570336,25.3680292182245,132.227628574592,130.245149664998,2008.80029093337,2010.78276984297,NA,main,main
144,1,17.0601186420847,99.1714542865639,25.1520357582474,100.168739602893,26.2466687686499,132.483214896008,115.423096253923,1993.9782375223,2011.03835616438,SC1_JX993988.1,main,main
144,2,17.0601186420847,99.1714542865639,25.1520357582474,98.8781279835318,25.3171363362279,132.483214896008,115.423096253923,1993.9782375223,2011.03835616438,SC1_KF569996.1,main,main
199,200,13.8070208043546,101.585035143726,24.9323767021143,101.981671890978,25.1906074136047,132.514197256265,118.707176451911,1997.26231772029,2011.06933852464,NA,main,main
218,219,0.490753303212314,103.001865823477,24.8251908545468,102.399545295762,24.7090375122523,132.704220277599,132.213466974387,2010.76860824276,2011.25936154597,NA,main,main
243,72,0.684794873991699,102.843443682205,24.797273771707,102.845576980433,24.8177055939749,132.773625854912,132.08883098092,2010.6439722493,2011.32876712329,SC1_KC881005.1,main,main
154,156,0.945542283192641,114.168340387638,24.7678120516357,114.165189402836,24.7239556613937,132.849581453208,131.904039170016,2010.45918043839,2011.40472272158,NA,main,main
209,210,3.4653385328532,102.954929465268,25.2304665483425,103.000156958674,25.4899164209822,132.966595425728,129.501256892875,2008.05639816125,2011.5217366941,NA,main,main
196,3,13.8206376755455,105.69000263517,32.6571040377101,106.749279757198,34.3902072984748,133.148968320665,119.32833064512,1997.8834719135,2011.70410958904,SC1_JX993987.1,main,main
250,252,2.27832495157565,125.873192470503,41.4245447026092,125.89116669027,41.5716603431752,133.418190656783,131.139865705208,2009.69500697358,2011.97333192516,NA,main,main
198,122,24.9541773297519,101.105139447275,25.0536029069596,98.2740951651053,24.4426311425109,133.483214896008,108.529037566256,1987.08417883463,2012.03835616438,SC1_KU973692.1,main,main
248,100,6.01782198956151,112.987454604952,35.388158993247,112.522345145725,35.3053230598216,133.483214896008,127.465392906446,2006.02053417482,2012.03835616438,SC1_KY770860.1,main,main
251,102,2.00872308722785,125.831313824303,41.6455945631852,125.821817669132,41.5740608548696,133.483214896008,131.47449180878,2010.02963307716,2012.03835616438,SC1_KJ473811.1,main,main
171,38,1.34393683610332,116.727393738663,26.2044769362934,119.130507181957,28.0404437600973,133.483214896008,132.139278059904,2010.69441932828,2012.03835616438,SC1_KF294457.1,main,main
212,213,3.49431246331698,102.929852270521,25.158161018941,102.862575935188,24.8891566282655,133.497768179689,130.003455716372,2008.55859698475,2012.05290944806,NA,main,main
219,221,0.904397489268552,102.399545295762,24.7090375122523,102.399795413933,24.6844957762495,133.608617766868,132.704220277599,2011.25936154597,2012.16375903524,NA,main,main
234,62,1.7860460748882,102.739098197281,25.0466304830571,102.729154683505,25.0983826339983,133.696329650106,131.910283575218,2010.46542484359,2012.25147091848,SC1_KC881006.1,main,main
213,214,0.46370923925862,102.862575935188,24.8891566282655,103.038449361827,24.9552931519505,133.961477418948,133.497768179689,2012.05290944806,2012.51661868732,NA,main,main
174,175,1.78285160368687,115.437605570336,25.3680292182245,117.459537723975,28.7876985205069,134.010480178279,132.227628574592,2010.78276984297,2012.56562144666,NA,main,main
156,157,1.19661461996795,114.165189402836,24.7239556613937,113.958078808912,24.2291562246108,134.046196073176,132.849581453208,2011.40472272158,2012.60133734155,NA,main,main
221,82,0.541263795806829,102.399795413933,24.6844957762495,102.700626274697,24.8202873787681,134.149881562674,133.608617766868,2012.16375903524,2012.70502283105,SC1_KF367457.1,main,main
214,215,0.20930132903502,103.038449361827,24.9552931519505,103.009548189622,25.005835476331,134.170778747983,133.961477418948,2012.51661868732,2012.72592001636,NA,main,main
243,73,2.10749866918584,102.843443682205,24.797273771707,102.60482312267,24.7203638427521,134.196329650106,132.08883098092,2010.6439722493,2012.75147091848,SC1_KY417143.1,main,main
213,93,0.698561470416898,102.862575935188,24.8891566282655,102.761762976854,25.0336069545263,134.196329650106,133.497768179689,2012.05290944806,2012.75147091848,SC1_KY417144.1,main,main
214,89,0.234852231158278,103.038449361827,24.9552931519505,102.930920491308,24.9574696904536,134.196329650106,133.961477418948,2012.51661868732,2012.75147091848,SC1_KY417145.1,main,main
240,241,5.26527301430721,105.152515411993,25.3197813257863,105.639863173857,25.1348784077912,134.397360087288,129.13208707298,2007.68722834136,2012.95250135566,NA,main,main
260,114,14.5310903075297,111.692814699459,31.0842943268379,112.287898633167,31.1237355831165,134.483214896008,119.952124588478,1998.50726585685,2013.03835616438,SC1_KJ473814.1,main,main
211,87,5.49577328268725,102.889255256653,25.1280601856774,102.670055610925,24.7626532230944,134.483214896008,128.98744161332,2007.5425828817,2013.03835616438,SC1_KJ473816.1,main,main
151,24,4.8804209586084,114.802456295472,25.1296819101594,111.475399443229,24.3556369114613,134.483214896008,129.602793937399,2008.15793520578,2013.03835616438,SC1_KJ473815.1,main,main
249,98,3.30968478064533,113.865191548062,36.9877344280976,111.183000317838,38.3597893471907,134.483214896008,131.173530115362,2009.72867138374,2013.03835616438,SC1_KJ473813.1,main,main
249,99,3.30968478064533,113.865191548062,36.9877344280976,113.593643758239,36.5886497023941,134.483214896008,131.173530115362,2009.72867138374,2013.03835616438,SC1_KJ473812.1,main,main
241,69,0.085854808719926,105.639863173857,25.1348784077912,105.648082988221,25.1340661327085,134.483214896008,134.397360087288,2012.95250135566,2013.03835616438,SC1_KY770858.1,main,main
241,70,0.085854808719926,105.639863173857,25.1348784077912,105.387426699678,25.0795855731168,134.483214896008,134.397360087288,2012.95250135566,2013.03835616438,SC1_KY770859.1,main,main
215,216,0.464855609883104,103.009548189622,25.005835476331,102.71662423252,24.7328562767711,134.635634357866,134.170778747983,2012.72592001636,2013.19077562624,NA,main,main
203,204,15.0805818790549,109.612211707516,28.1202431511688,109.373742962827,28.1454810576057,134.667457707484,119.586875828429,1998.14201709681,2013.22259897586,NA,main,main
219,220,1.96346991125203,102.399545295762,24.7090375122523,102.610267472319,24.9956138573086,134.667690188851,132.704220277599,2011.25936154597,2013.22283145723,NA,main,main
269,270,14.0885555875022,111.414584996576,27.1642707146242,122.114731582839,29.5245015670151,134.740937176589,120.652381589087,1999.20752285746,2013.29607844496,NA,main,main
230,231,5.11707216096784,102.729239051443,25.30642851371,106.231656691572,27.0831744323244,134.763647471952,129.646575310984,2008.20171657936,2013.31878874033,NA,main,main
212,88,4.77017013853974,102.929852270521,25.158161018941,102.883711250256,25.0741864438631,134.773625854912,130.003455716372,2008.55859698475,2013.32876712329,SC1_KY417148.1,main,main
234,61,2.86334227969406,102.739098197281,25.0466304830571,102.802954807754,24.7867633224577,134.773625854912,131.910283575218,2010.46542484359,2013.32876712329,SC1_KY417147.1,main,main
244,74,2.74783892343644,102.693021842376,25.0610357475678,102.714530861883,25.0563608979246,134.773625854912,132.025786931475,2010.58092819985,2013.32876712329,SC1_KY417149.1,main,main
215,92,0.60284710692912,103.009548189622,25.005835476331,102.985966832593,25.0258119058594,134.773625854912,134.170778747983,2012.72592001636,2013.32876712329,SC1_KY417146.1,main,main
200,120,2.35805873563284,101.981671890978,25.1906074136047,102.009593076026,25.1531374644473,134.872255991898,132.514197256265,2011.06933852464,2013.42739726027,SC1_KP886808.1,main,main
200,121,2.35805873563284,101.981671890978,25.1906074136047,101.933388690939,25.3860776486429,134.872255991898,132.514197256265,2011.06933852464,2013.42739726027,SC1_KP886809.1,main,main
220,83,0.366209638663403,102.610267472319,24.9956138573086,102.67773511198,25.0352965835155,135.033899827514,134.667690188851,2013.22283145723,2013.58904109589,SC1_KY417150.1,main,main
220,84,0.366209638663403,102.610267472319,24.9956138573086,102.576918129451,25.0801766345641,135.033899827514,134.667690188851,2013.22283145723,2013.58904109589,SC1_KT444582.1,main,main
252,108,1.64584615703253,125.89116669027,41.5716603431752,125.932939538451,41.4950302655701,135.064036813816,133.418190656783,2011.97333192516,2013.61917808219,SC1_KU182964.1,main,main
174,180,3.15452285141369,115.437605570336,25.3680292182245,115.6234891527,25.4427688008895,135.382151426006,132.227628574592,2010.78276984297,2013.93729269438,NA,main,main
157,158,1.40075787728493,113.958078808912,24.2291562246108,113.551730236119,24.0698833562876,135.446953950461,134.046196073176,2012.60133734155,2014.00209521884,NA,main,main
262,263,5.19466232423823,110.438744552331,28.6601781037413,110.319427532681,28.4392920105028,135.554282387745,130.359620063507,2008.91476133188,2014.10942365612,NA,main,main
158,165,0.117920684983975,113.551730236119,24.0698833562876,113.553836480068,24.1025070747582,135.564874635445,135.446953950461,2014.00209521884,2014.12001590382,NA,main,main
244,75,3.81633207412129,102.693021842376,25.0610357475678,102.981480313957,24.7441290947358,135.842119005597,132.025786931475,2010.58092819985,2014.39726027397,SC1_KY417142.1,main,main
180,181,0.651058770966629,115.6234891527,25.4427688008895,115.645693383776,25.4106096528993,136.033210196973,135.382151426006,2013.93729269438,2014.58835146535,NA,main,main
181,183,0.0234982253440217,115.645693383776,25.4106096528993,115.597239042608,25.4175667328632,136.056708422317,136.033210196973,2014.58835146535,2014.61184969069,NA,main,main
165,167,0.529563869291154,113.553836480068,24.1025070747582,113.633780947854,24.0472361724235,136.094438504737,135.564874635445,2014.12001590382,2014.64957977311,NA,main,main
165,166,0.68599491358847,113.553836480068,24.1025070747582,113.727951290714,24.2407730726962,136.250869549034,135.564874635445,2014.12001590382,2014.80601081741,NA,main,main
217,86,5.40880405868368,102.995473102031,24.844045934547,103.057876390143,24.6868696070143,136.294173800117,130.885369741434,2009.44051100981,2014.84931506849,SC1_KY417151.1,main,main
181,182,0.519764079512024,115.645693383776,25.4106096528993,115.627881432263,25.4216648692189,136.552974276485,136.033210196973,2014.58835146535,2015.10811554486,NA,main,main
175,177,2.57844642598327,117.459537723975,28.7876985205069,117.990920704905,29.0619997080705,136.588926604262,134.010480178279,2012.56562144666,2015.14406787264,NA,main,main
252,253,3.1963176468027,125.89116669027,41.5716603431752,124.78861339527,41.1927062836481,136.614508303586,133.418190656783,2011.97333192516,2015.16964957196,NA,main,main
273,274,5.25235710986086,101.421291030671,21.5270980003931,101.556028734173,21.5574051573286,136.791934193262,131.539577083401,2010.09471835178,2015.34707546164,NA,main,main
270,126,2.23816813037784,122.114731582839,29.5245015670151,122.10650761276,30.2316127968603,136.979105306967,134.740937176589,2013.29607844496,2015.53424657534,SC1_MG772934.1,main,main
177,178,0.603223964284419,117.990920704905,29.0619997080705,118.42294542432,29.0314203949479,137.192150568547,136.588926604262,2015.14406787264,2015.74729183692,NA,main,main
216,90,2.63662163403211,102.71662423252,24.7328562767711,102.788072119464,24.7237400573326,137.272255991898,134.635634357866,2013.19077562624,2015.82739726027,SC1_KY417152.1,main,main
158,159,1.96753872553931,113.551730236119,24.0698833562876,113.568932363794,24.1764574532663,137.414492676001,135.446953950461,2014.00209521884,2015.96963394438,NA,main,main
167,168,1.3626612474706,113.633780947854,24.0472361724235,114.111808712959,24.2897647512332,137.457099752207,136.094438504737,2014.64957977311,2016.01224102058,NA,main,main
221,222,4.05581958682795,102.399795413933,24.6844957762495,101.975566425037,24.5006838910743,137.664437353695,133.608617766868,2012.16375903524,2016.21957862207,NA,main,main
222,223,0.0793425022559937,101.975566425037,24.5006838910743,101.955190438612,24.5083883140734,137.743779855951,137.664437353695,2016.21957862207,2016.29892112433,NA,main,main
251,101,6.30107281400377,125.831313824303,41.6455945631852,126.921586907383,35.6377977846789,137.775564622784,131.47449180878,2010.02963307716,2016.33070589116,SC1_KY938558.1,main,main
159,161,0.443922501419609,113.568932363794,24.1764574532663,113.37757633145,24.0169761901548,137.85841517742,137.414492676001,2015.96963394438,2016.4135564458,NA,main,main
223,224,0.225984263821289,101.955190438612,24.5083883140734,102.006262604628,24.5433409066407,137.969764119773,137.743779855951,2016.29892112433,2016.52490538815,NA,main,main
224,225,0.00713376057422188,102.006262604628,24.5433409066407,101.977241486585,24.543809648007,137.976897880347,137.969764119773,2016.52490538815,2016.53203914872,NA,main,main
156,21,5.130901202362,114.165189402836,24.7239556613937,114.133671089604,24.6796211363916,137.98048265557,132.849581453208,2011.40472272158,2016.53562392395,SC1_OK017812.1,main,main
225,226,0.0193742145986171,101.977241486585,24.543809648007,101.980128245047,24.55618975669,137.996272094946,137.976897880347,2016.53203914872,2016.55141336332,NA,main,main
183,184,1.95125302671308,115.597239042608,25.4175667328632,115.566270575639,25.2415502303786,138.00796144903,136.056708422317,2014.61184969069,2016.56310271741,NA,main,main
196,4,18.7368514640026,105.69000263517,32.6571040377101,102.258104412152,32.3687723849913,138.065182109122,119.32833064512,1997.8834719135,2016.6203233775,SC1_OK017846.1,main,main
233,60,7.19297360437421,102.794336306471,25.09601688048,104.502443039767,29.8615915748208,138.065182109122,130.872208504748,2009.42734977312,2016.6203233775,SC1_MK211374.1,main,main
222,77,0.400744755426832,101.975566425037,24.5006838910743,102.054375857371,24.5076713619524,138.065182109122,137.664437353695,2016.21957862207,2016.6203233775,SC1_OK017847.1,main,main
224,76,0.0954179893495493,102.006262604628,24.5433409066407,102.022382884063,24.5810789289298,138.065182109122,137.969764119773,2016.52490538815,2016.6203233775,SC1_OK017848.1,main,main
225,78,0.0882842287753274,101.977241486585,24.543809648007,101.975150038912,24.5537939795394,138.065182109122,137.976897880347,2016.53203914872,2016.6203233775,SC1_OK017849.1,main,main
226,81,0.0689100141767103,101.980128245047,24.55618975669,102.016133661587,25.1332764867558,138.065182109122,137.996272094946,2016.55141336332,2016.6203233775,SC1_OK017851.1,main,main
226,80,0.0689100141767103,101.980128245047,24.55618975669,101.982080979121,24.5636012252109,138.065182109122,137.996272094946,2016.55141336332,2016.6203233775,SC1_OK017850.1,main,main
159,160,0.703425487511143,113.568932363794,24.1764574532663,113.535708321645,24.2213760445175,138.117918163512,137.414492676001,2015.96963394438,2016.67305943189,NA,main,main
240,71,9.01779448969388,105.152515411993,25.3197813257863,105.377559005325,23.7870642968286,138.149881562674,129.13208707298,2007.68722834136,2016.70502283105,SC1_MK211375.1,main,main
218,85,5.9364145882877,103.001865823477,24.8251908545468,103.003365976243,24.3920469902907,138.149881562674,132.213466974387,2010.76860824276,2016.70502283105,SC1_MK211378.1,main,main
216,91,3.51424720480856,102.71662423252,24.7328562767711,102.69500332849,24.5623090856689,138.149881562674,134.635634357866,2013.19077562624,2016.70502283105,SC1_MK211377.1,main,main
223,79,0.406101706722886,101.955190438612,24.5083883140734,102.000376036261,24.1850444370621,138.149881562674,137.743779855951,2016.29892112433,2016.70502283105,SC1_MK211376.1,main,main
180,185,2.84949557417016,115.6234891527,25.4427688008895,115.617887079536,25.3116102779008,138.231647000176,135.382151426006,2013.93729269438,2016.78678826855,NA,main,main
151,152,8.92523596460681,114.802456295472,25.1296819101594,113.869871398707,24.5330980374001,138.528029902006,129.602793937399,2008.15793520578,2017.08317117038,NA,main,main
270,125,3.82720922626809,122.114731582839,29.5245015670151,122.41037662813,29.8306672691117,138.568146402857,134.740937176589,2013.29607844496,2017.12328767123,SC1_MG772933.1,main,main
161,163,0.778740932325023,113.37757633145,24.0169761901548,113.494064682407,24.1941190716369,138.637156109745,137.85841517742,2016.4135564458,2017.19229737812,NA,main,main
163,164,0.309517232926143,113.494064682407,24.1941190716369,113.502257517705,24.203932586199,138.946673342671,138.637156109745,2017.19229737812,2017.50181461105,NA,main,main
161,162,1.1438211425009,113.37757633145,24.0169761901548,113.965565458698,24.2248645503018,139.002236319921,137.85841517742,2016.4135564458,2017.5573775883,NA,main,main
231,232,4.28597908012074,106.231656691572,27.0831744323244,107.370820966918,28.7325181281908,139.049626552073,134.763647471952,2013.31878874033,2017.60476782045,NA,main,main
210,94,6.0974413880879,103.000156958674,25.4899164209822,112.497159981419,24.2647166714383,139.064036813816,132.966595425728,2011.5217366941,2017.61917808219,SC1_OK017792.1,main,main
157,5,5.10277224748879,113.958078808912,24.2291562246108,114.068403322175,24.350910883617,139.148968320665,134.046196073176,2012.60133734155,2017.70410958904,SC1_OK017822.1,main,main
183,25,3.0922598983486,115.597239042608,25.4175667328632,114.293242625663,24.2694099561456,139.148968320665,136.056708422317,2014.61184969069,2017.70410958904,SC1_OK017823.1,main,main
168,6,1.69186856845813,114.111808712959,24.2897647512332,114.112391392151,24.3700704867236,139.148968320665,137.457099752207,2016.01224102058,2017.70410958904,SC1_OK017824.1,main,main
160,12,1.0310501571534,113.535708321645,24.2213760445175,113.525026210376,24.2440018512834,139.148968320665,138.117918163512,2016.67305943189,2017.70410958904,SC1_OK017820.1,main,main
160,9,1.0310501571534,113.535708321645,24.2213760445175,113.153835012782,24.4364827194118,139.148968320665,138.117918163512,2016.67305943189,2017.70410958904,SC1_OK017814.1,main,main
152,22,0.620938418659214,113.869871398707,24.5330980374001,113.861412801158,24.5403602480251,139.148968320665,138.528029902006,2017.08317117038,2017.70410958904,SC1_OK017813.1,main,main
152,23,0.620938418659214,113.869871398707,24.5330980374001,113.811786887046,24.5285381792704,139.148968320665,138.528029902006,2017.08317117038,2017.70410958904,SC1_OK017819.1,main,main
163,11,0.511812210919914,113.494064682407,24.1941190716369,113.50969797153,24.1921279740105,139.148968320665,138.637156109745,2017.19229737812,2017.70410958904,SC1_OK017817.1,main,main
164,15,0.202294977993771,113.502257517705,24.203932586199,113.374730106491,24.0890937197557,139.148968320665,138.946673342671,2017.50181461105,2017.70410958904,SC1_OK017815.1,main,main
164,13,0.202294977993771,113.502257517705,24.203932586199,113.445950253345,24.2180053549513,139.148968320665,138.946673342671,2017.50181461105,2017.70410958904,SC1_OK017821.1,main,main
162,14,0.146732000744036,113.965565458698,24.2248645503018,114.043138576146,24.3012424344867,139.148968320665,139.002236319921,2017.5573775883,2017.70410958904,SC1_OK017818.1,main,main
162,10,0.146732000744036,113.965565458698,24.2248645503018,113.989603914749,24.2145510349519,139.148968320665,139.002236319921,2017.5573775883,2017.70410958904,SC1_OK017816.1,main,main
229,235,11.0625931669798,102.950852617994,25.35955210864,102.865101105067,25.8614636573781,139.536015061263,128.473421894284,2007.02856316266,2018.09115632964,NA,main,main
178,179,2.52961548404881,118.42294542432,29.0314203949479,114.727308525166,30.6445878166862,139.721766052596,137.192150568547,2015.74729183692,2018.27690732097,NA,main,main
273,130,8.52445973041489,101.421291030671,21.5270980003931,101.452924336565,21.5228563228862,140.064036813816,131.539577083401,2010.09471835178,2018.61917808219,SC1_MW703458.1,main,main
235,236,0.591683780299949,102.865101105067,25.8614636573781,102.287367353653,25.4897395998437,140.127698841563,139.536015061263,2018.09115632964,2018.68284010994,NA,main,main
253,254,3.78128832519516,124.78861339527,41.1927062836481,124.507558916358,40.7999836389878,140.395796628781,136.614508303586,2015.16964957196,2018.95093789716,NA,main,main
235,238,0.935342041862264,102.865101105067,25.8614636573781,102.832205120996,25.9054309153435,140.471357103126,139.536015061263,2018.09115632964,2019.0264983715,NA,main,main
175,176,6.58789838335271,117.459537723975,28.7876985205069,115.760801513253,28.140390321397,140.598378561632,134.010480178279,2012.56562144666,2019.15351983001,NA,main,main
168,169,3.15504344939347,114.111808712959,24.2897647512332,113.98049809094,24.0301034598997,140.612143201601,137.457099752207,2016.01224102058,2019.16728446998,NA,main,main
274,275,3.93088241071731,101.556028734173,21.5574051573286,102.157383758373,18.4965726429067,140.722816603979,136.791934193262,2015.34707546164,2019.27795787235,NA,main,main
266,267,26.2070945426358,107.70695551776,30.5280996440347,111.33266879114,27.4678519978361,140.797474068911,114.590379526275,1993.14552079465,2019.35261533729,NA,main,main
274,133,4.17073275754044,101.556028734173,21.5574051573286,101.617586213887,21.5993217700791,140.962666950802,136.791934193262,2015.34707546164,2019.51780821918,SC1_EPI_ISL_412977,main,main
254,255,0.647941890914506,124.507558916358,40.7999836389878,124.688535918002,41.0755242228743,141.043738519696,140.395796628781,2018.95093789716,2019.59887978807,NA,main,main
169,7,0.451893612215218,113.98049809094,24.0301034598997,113.91991812593,23.9166218548046,141.064036813816,140.612143201601,2019.16728446998,2019.61917808219,SC1_OK017826.1,main,main
169,8,0.451893612215218,113.98049809094,24.0301034598997,113.993661130996,24.0394728493142,141.064036813816,140.612143201601,2019.16728446998,2019.61917808219,SC1_OK017825.1,main,main
167,18,5.05452981592873,113.633780947854,24.0472361724235,109.945509096492,24.8258414204298,141.148968320665,136.094438504737,2014.64957977311,2019.70410958904,SC1_OK017859.1,main,main
166,17,4.89809877163141,113.727951290714,24.2407730726962,113.700133397731,24.2715724529096,141.148968320665,136.250869549034,2014.80601081741,2019.70410958904,SC1_OK017827.1,main,main
166,16,4.89809877163141,113.727951290714,24.2407730726962,113.766370345094,23.8952228068329,141.148968320665,136.250869549034,2014.80601081741,2019.70410958904,SC1_OK017828.1,main,main
236,237,1.57975854858586,102.287367353653,25.4897395998437,101.823852398206,25.3554617455644,141.707457390149,140.127698841563,2018.68284010994,2020.26259865853,NA,main,main
255,257,0.672062084296723,124.688535918002,41.0755242228743,124.921056787078,41.1156429257067,141.715800603992,141.043738519696,2019.59887978807,2020.27094187237,NA,main,main
238,239,1.35445049696654,102.832205120996,25.9054309153435,103.13463803854,26.0264672559792,141.825807600092,140.471357103126,2019.0264983715,2020.38094886847,NA,main,main
253,258,5.23538211735216,124.78861339527,41.1927062836481,124.835197202149,41.1162423066159,141.849890420938,136.614508303586,2015.16964957196,2020.40503168931,NA,main,main
272,129,15.3111862215635,101.509899856425,21.4511998511611,101.564996810395,21.5961853698198,141.879389759396,126.568203537832,2005.12334480621,2020.43453102777,SC1_MZ081381.1,main,main
209,96,12.3972585495811,102.954929465268,25.2304665483425,100.5806522149,24.5705786746745,141.898515442456,129.501256892875,2008.05639816125,2020.45365671083,SC1_OK017858.1,main,main
236,64,1.77081660089242,102.287367353653,25.4897395998437,102.340322017422,25.5737898379895,141.898515442456,140.127698841563,2018.68284010994,2020.45365671083,SC1_OK017855.1,main,main
238,66,1.4271583393301,102.832205120996,25.9054309153435,102.506952927942,25.7669290280278,141.898515442456,140.471357103126,2019.0264983715,2020.45365671083,SC1_OK017854.1,main,main
237,65,0.191058052306555,101.823852398206,25.3554617455644,101.891970191249,25.0689777381812,141.898515442456,141.707457390149,2020.26259865853,2020.45365671083,SC1_OK017857.1,main,main
237,68,0.191058052306555,101.823852398206,25.3554617455644,101.3398041109,25.0532644202053,141.898515442456,141.707457390149,2020.26259865853,2020.45365671083,SC1_OK017853.1,main,main
239,63,0.072707842363565,103.13463803854,26.0264672559792,103.134540511498,26.0177779065059,141.898515442456,141.825807600092,2020.38094886847,2020.45365671083,SC1_OK017852.1,main,main
239,67,0.072707842363565,103.13463803854,26.0264672559792,103.192827447326,26.0501954463306,141.898515442456,141.825807600092,2020.38094886847,2020.45365671083,SC1_OK017856.1,main,main
271,134,28.167585127933,99.0359576813506,24.1681812361363,101.238646442747,13.8927316889312,141.947695770325,113.780110642391,1992.33525191077,2020.5028370387,SC1_MW251308.1,main,main
179,42,2.25871660297482,114.727308525166,30.6445878166862,114.632286481677,30.6611960354311,141.98048265557,139.721766052596,2018.27690732097,2020.53562392395,SC1_OK017802.1,main,main
179,43,2.25871660297482,114.727308525166,30.6445878166862,114.660515963619,30.6290499951008,141.98048265557,139.721766052596,2018.27690732097,2020.53562392395,SC1_OK017801.1,main,main
275,132,1.27405949421439,102.157383758373,18.4965726429067,102.140495464362,18.5180597418165,141.996876098193,140.722816603979,2019.27795787235,2020.55201736657,SC1_MZ937002.1,main,main
275,131,1.28225621552577,102.157383758373,18.4965726429067,102.289220056959,18.4216736776815,142.005072819505,140.722816603979,2019.27795787235,2020.56021408788,SC1_MZ937004.1,main,main
255,256,1.0792783359929,124.688535918002,41.0755242228743,125.044510706607,41.4408492576445,142.123016855689,141.043738519696,2019.59887978807,2020.67815812406,NA,main,main
171,172,9.99163979461969,116.727393738663,26.2044769362934,116.860083993866,26.3302155649765,142.130917854524,132.139278059904,2010.69441932828,2020.6860591229,NA,main,main
210,95,9.18328613694646,103.000156958674,25.4899164209822,103.106149549419,24.986759885913,142.149881562674,132.966595425728,2011.5217366941,2020.70502283105,SC1_OK017793.1,main,main
254,105,1.75408493389323,124.507558916358,40.7999836389878,124.424421692364,40.8255041643497,142.149881562674,140.395796628781,2018.95093789716,2020.70502283105,SC1_OK017798.1,main,main
257,106,0.434080958682005,124.921056787078,41.1156429257067,124.911619213418,41.1281976786139,142.149881562674,141.715800603992,2020.27094187237,2020.70502283105,SC1_OK017800.1,main,main
257,107,0.434080958682005,124.921056787078,41.1156429257067,125.030630597663,41.1784934191809,142.149881562674,141.715800603992,2020.27094187237,2020.70502283105,SC1_OK017797.1,main,main
258,109,0.299991141736228,124.835197202149,41.1162423066159,124.847415242586,41.0447654689362,142.149881562674,141.849890420938,2020.40503168931,2020.70502283105,SC1_OK017799.1,main,main
258,110,0.299991141736228,124.835197202149,41.1162423066159,124.734810001517,40.9970608313414,142.149881562674,141.849890420938,2020.40503168931,2020.70502283105,SC1_OK017794.1,main,main
256,103,0.0268647069858234,125.044510706607,41.4408492576445,125.095694632159,41.4325085470559,142.149881562674,142.123016855689,2020.67815812406,2020.70502283105,SC1_OK017796.1,main,main
256,104,0.0268647069858234,125.044510706607,41.4408492576445,125.068197122854,41.4764434745472,142.149881562674,142.123016855689,2020.67815812406,2020.70502283105,SC1_OK017795.1,main,main
172,173,0.406408237383666,116.860083993866,26.3302155649765,116.872236726749,25.8767068829038,142.537326091908,142.130917854524,2020.6860591229,2021.09246736028,NA,main,main
263,112,7.01386401511134,110.319427532681,28.4392920105028,110.806361828186,28.1692530965738,142.568146402857,135.554282387745,2014.10942365612,2021.12328767123,SC1_OK017832.1,main,main
263,113,7.01386401511134,110.319427532681,28.4392920105028,109.92544143141,28.2453079228311,142.568146402857,135.554282387745,2014.10942365612,2021.12328767123,SC1_OK017833.1,main,main
267,127,1.77067233394565,111.33266879114,27.4678519978361,111.414420444312,27.5655103297364,142.568146402857,140.797474068911,2019.35261533729,2021.12328767123,SC1_OK017803.1,main,main
267,128,1.77067233394565,111.33266879114,27.4678519978361,111.672392195107,28.3690880542757,142.568146402857,140.797474068911,2019.35261533729,2021.12328767123,SC1_OK017804.1,main,main
154,155,10.6792898968942,114.168340387638,24.7678120516357,115.197031673428,25.1058119274777,142.58332906691,131.904039170016,2010.45918043839,2021.13847033529,NA,main,main
269,124,21.9924771425374,111.414584996576,27.1642707146242,111.91511851588,27.2949775055283,142.644858731624,120.652381589087,1999.20752285746,2021.2,SC1_OK017805.1,main,main
204,117,7.97740102413955,109.373742962827,28.1454810576057,109.387296968277,28.1210031417921,142.644858731624,134.667457707484,2013.22259897586,2021.2,SC1_OK017835.1,main,main
204,118,7.97740102413955,109.373742962827,28.1454810576057,109.468693183166,28.255892293418,142.644858731624,134.667457707484,2013.22259897586,2021.2,SC1_OK017834.1,main,main
231,57,7.88121125967189,106.231656691572,27.0831744323244,106.292727237403,27.5304831060804,142.644858731624,134.763647471952,2013.31878874033,2021.2,SC1_OK017830.1,main,main
232,58,3.59523217955115,107.370820966918,28.7325181281908,107.334360156407,28.8113641066096,142.644858731624,139.049626552073,2017.60476782045,2021.2,SC1_OK017829.1,main,main
232,59,3.59523217955115,107.370820966918,28.7325181281908,107.535688608082,29.0447956667105,142.644858731624,139.049626552073,2017.60476782045,2021.2,SC1_OK017831.1,main,main
268,123,24.7647217389287,105.21972873095,24.9962819958342,104.624028046975,24.3024210214265,142.769790238473,118.005068499545,1996.56020976792,2021.32493150685,SC1_OK017806.1,main,main
184,35,4.80402057026556,115.566270575639,25.2415502303786,116.46476677364,25.5634154970718,142.811982019295,138.00796144903,2016.56310271741,2021.36712328767,SC1_OK017808.1,main,main
172,40,0.681064164771296,116.860083993866,26.3302155649765,116.736419493231,26.2718657251338,142.811982019295,142.130917854524,2020.6860591229,2021.36712328767,SC1_OK017810.1,main,main
173,41,0.27465592738763,116.872236726749,25.8767068829038,116.830047184526,25.5724071904332,142.811982019295,142.537326091908,2021.09246736028,2021.36712328767,SC1_OK017809.1,main,main
173,39,0.27465592738763,116.872236726749,25.8767068829038,116.806965808032,25.8227955808192,142.811982019295,142.537326091908,2021.09246736028,2021.36712328767,SC1_OK017811.1,main,main
262,111,12.6194852434593,110.438744552331,28.6601781037413,113.955400514613,26.9559254072717,142.979105306967,130.359620063507,2008.91476133188,2021.53424657534,SC1_OK017860.1,main,main
182,37,6.42613103048194,115.627881432263,25.4216648692189,115.515417307665,25.6877430694946,142.979105306967,136.552974276485,2015.10811554486,2021.53424657534,SC1_OK017836.1,main,main
182,32,6.42613103048194,115.627881432263,25.4216648692189,115.655787336089,25.3097773487665,142.979105306967,136.552974276485,2015.10811554486,2021.53424657534,SC1_OK017837.1,main,main
177,29,6.39017870270414,117.990920704905,29.0619997080705,118.209903700618,28.7996566259393,142.979105306967,136.588926604262,2015.14406787264,2021.53424657534,SC1_OK017845.1,main,main
178,28,5.78695473841972,118.42294542432,29.0314203949479,118.733662927709,30.4432241714475,142.979105306967,137.192150568547,2015.74729183692,2021.53424657534,SC1_OK017807.1,main,main
184,36,4.97114385793686,115.566270575639,25.2415502303786,115.455824919251,25.1628121172465,142.979105306967,138.00796144903,2016.56310271741,2021.53424657534,SC1_OK017841.1,main,main
185,33,4.74745830679043,115.617887079536,25.3116102779008,115.605709375094,25.2647755596973,142.979105306967,138.231647000176,2016.78678826855,2021.53424657534,SC1_OK017844.1,main,main
185,34,4.74745830679043,115.617887079536,25.3116102779008,115.885261325477,25.3216976658874,142.979105306967,138.231647000176,2016.78678826855,2021.53424657534,SC1_OK017840.1,main,main
176,30,2.3807267453347,115.760801513253,28.140390321397,115.804685600898,28.2222874891714,142.979105306967,140.598378561632,2019.15351983001,2021.53424657534,SC1_OK017839.1,main,main
176,31,2.3807267453347,115.760801513253,28.140390321397,115.722857597123,28.1488573225147,142.979105306967,140.598378561632,2019.15351983001,2021.53424657534,SC1_OK017838.1,main,main
155,19,0.395776240056502,115.197031673428,25.1058119274777,115.110759564136,24.9162047846235,142.979105306967,142.58332906691,2021.13847033529,2021.53424657534,SC1_OK017842.1,main,main
155,20,0.395776240056502,115.197031673428,25.1058119274777,115.186019681244,25.073936676588,142.979105306967,142.58332906691,2021.13847033529,2021.53424657534,SC1_OK017843.1,main,main
