node1,node2,length,startLon,startLat,endLon,endLat,endNodeL,startNodeL,startYear,endYear,tipLabel,startClade,endClade
187,188,7.22115656219165,111.429403905028,31.1540244216933,111.395548143646,31.1906866148314,244.061913103369,236.840756541177,1950.86883978599,1958.08999634818,NA,main,main
188,194,7.03891010970637,111.395548143646,31.1906866148314,111.547734726847,30.8066488093908,251.100823213075,244.061913103369,1958.08999634818,1965.12890645789,NA,main,main
201,202,9.65841876073523,106.890126884307,22.1737839316055,113.530639574667,22.3341199255217,258.150259860609,248.491841099873,1962.51992434468,1972.17834310542,NA,main,main
173,183,6.02168128922583,115.329296242041,23.2400299734951,114.103768487363,23.2567304938306,258.9721957538,252.950514464574,1966.97859770938,1973.00027899861,NA,main,main
187,197,24.1834507042096,111.429403905028,31.1540244216933,111.349188435423,31.1259574761992,261.024207245386,236.840756541177,1950.86883978599,1975.0522904902,NA,main,main
201,225,14.0482288229946,106.890126884307,22.1737839316055,101.112228029129,24.1561313603947,262.540069922868,248.491841099873,1962.51992434468,1976.56815316768,NA,main,main
188,189,20.9470348389826,111.395548143646,31.1906866148314,113.9288235647,28.331813310944,265.008947942351,244.061913103369,1958.08999634818,1979.03703118716,NA,main,main
265,266,24.6847242444399,105.436973904861,24.5659509297099,105.159040378853,24.5893500158269,265.396881029841,240.712156785401,1954.74024003021,1979.42496427465,NA,main,main
183,184,8.86695556457743,114.103768487363,23.2567304938306,114.129850885983,23.1624859514037,267.839151318377,258.9721957538,1973.00027899861,1981.86723456319,NA,main,main
225,226,6.38842142263205,101.112228029129,24.1561313603947,102.840790960333,25.0832048414695,268.9284913455,262.540069922868,1976.56815316768,1982.95657459031,NA,main,main
173,174,16.0497425017524,115.329296242041,23.2400299734951,117.130473543994,26.8823984099989,269.000256966326,252.950514464574,1966.97859770938,1983.02834021114,NA,main,main
226,227,3.63238406877634,102.840790960333,25.0832048414695,102.811023323075,24.9088451313139,272.560875414276,268.9284913455,1982.95657459031,1986.58895865909,NA,main,main
202,203,18.1128670009323,113.530639574667,22.3341199255217,112.473691623214,24.2944413426638,276.263126861541,258.150259860609,1972.17834310542,1990.29121010635,NA,main,main
227,251,3.86081821967037,102.811023323075,24.9088451313139,102.942635133964,25.0406912003798,276.421693633947,272.560875414276,1986.58895865909,1990.44977687876,NA,main,main
202,221,18.8407705854623,113.530639574667,22.3341199255217,113.596226241609,22.9976781316949,276.991030446071,258.150259860609,1972.17834310542,1991.01911369088,NA,main,main
161,162,42.3451849469867,111.833485475925,28.2983068933398,112.236617222377,27.7053696398042,277.02060150087,234.675416553883,1948.70349979869,1991.04868474568,NA,main,main
251,260,1.05659725027252,102.942635133964,25.0406912003798,102.811729389086,25.043249611858,277.478290884219,276.421693633947,1990.44977687876,1991.50637412903,NA,main,main
266,267,13.2241487859963,105.159040378853,24.5893500158269,112.74631306174,29.3458365886064,278.621029815837,265.396881029841,1979.42496427465,1992.64911306065,NA,main,main
194,195,27.6147524494605,111.547734726847,30.8066488093908,107.463465631493,25.3847280440102,278.715575662535,251.100823213075,1965.12890645789,1992.74365890735,NA,main,main
227,228,7.57025475681646,102.811023323075,24.9088451313139,102.854512685929,25.195846397389,280.131130171093,272.560875414276,1986.58895865909,1994.1592134159,NA,main,main
277,278,10.8765503571064,101.497182042344,21.4353690745026,101.384829732309,21.6148278083733,280.213402374534,269.336852017428,1983.36493526224,1994.24148561934,NA,main,main
203,219,4.52096357280119,112.473691623214,24.2944413426638,112.442544547788,24.3255780781746,280.784090434342,276.263126861541,1990.29121010635,1994.81217367915,NA,main,main
174,175,12.4544651371143,117.130473543994,26.8823984099989,116.463896739151,27.1791925861291,281.454722103441,269.000256966326,1983.02834021114,1995.48280534825,NA,main,main
228,229,1.84839372925705,102.854512685929,25.195846397389,103.063569320811,24.8536171187884,281.97952390035,280.131130171093,1994.1592134159,1996.00760714516,NA,main,main
251,252,6.05404303039001,102.942635133964,25.0406912003798,102.959033074241,24.8693001194872,282.475736664337,276.421693633947,1990.44977687876,1996.50381990915,NA,main,main
175,179,1.69989638978095,116.463896739151,27.1791925861291,116.613749039433,27.3441093346536,283.154618493222,281.454722103441,1995.48280534825,1997.18270173803,NA,main,main
219,220,4.43042615835188,112.442544547788,24.3255780781746,111.984997798635,24.1993797843804,285.214516592694,280.784090434342,1994.81217367915,1999.2425998375,NA,main,main
252,259,2.79142304811403,102.959033074241,24.8693001194872,103.494141539463,25.9748712733433,285.267159712451,282.475736664337,1996.50381990915,1999.29524295726,NA,main,main
229,245,3.34343735504319,103.063569320811,24.8536171187884,102.930358429713,24.7392979623875,285.322961255393,281.97952390035,1996.00760714516,1999.3510445002,NA,main,main
260,262,8.71674801932569,102.811729389086,25.043249611858,101.866333274256,24.6683840299763,286.195038903545,277.478290884219,1991.50637412903,2000.22312214836,NA,main,main
267,268,7.9830593442627,112.74631306174,29.3458365886064,112.961807484468,29.4466755415243,286.6040891601,278.621029815837,1992.64911306065,2000.63217240491,NA,main,main
245,246,1.69741302051224,102.930358429713,24.7392979623875,102.774871331368,24.6233992227344,287.020374275905,285.322961255393,1999.3510445002,2001.04845752072,NA,main,main
252,253,4.72472324466583,102.959033074241,24.8693001194872,102.858548436246,24.9596962271106,287.200459909003,282.475736664337,1996.50381990915,2001.22854315381,NA,main,main
197,198,27.2605054016752,111.349188435423,31.1259574761992,111.334897019716,30.9320288686836,288.284712647062,261.024207245386,1975.0522904902,2002.31279589187,NA,main,main
147,157,48.5123056709642,111.270065794787,30.728593080499,111.390565305374,30.7718647664724,288.313903520838,239.801597849874,1953.82968109468,2002.34198676565,NA,main,main
179,180,5.74095416586546,116.613749039433,27.3441093346536,118.716289304012,28.2780583048469,288.895572659087,283.154618493222,1997.18270173803,2002.9236559039,NA,main,main
162,163,12.3101988382505,112.236617222377,27.7053696398042,114.118526472108,22.4459731428378,289.33080033912,277.02060150087,1991.04868474568,2003.35888358393,NA,main,main
163,164,0.116816495416206,114.118526472108,22.4459731428378,114.034592409645,22.3857293728696,289.447616834536,289.33080033912,2003.35888358393,2003.47570007935,NA,main,main
163,165,0.495499612527585,114.118526472108,22.4459731428378,114.304661440823,22.4011663746058,289.826299951648,289.33080033912,2003.35888358393,2003.85438319646,NA,main,main
229,230,8.02266585868889,103.063569320811,24.8536171187884,102.801355298983,24.6834938113324,290.002189759039,281.97952390035,1996.00760714516,2004.03027300385,NA,main,main
198,95,1.72556027251105,111.334897019716,30.9320288686836,111.08235580928,30.7753652479584,290.010272919573,288.284712647062,2002.31279589187,2004.03835616438,SC1_DQ648857.1,main,main
203,204,14.055930142801,112.473691623214,24.2944413426638,113.196625937202,24.1912385410379,290.319057004342,276.263126861541,1990.29121010635,2004.34714024915,NA,main,main
175,176,8.87069585147326,116.463896739151,27.1791925861291,116.239933996841,27.2740175073331,290.325417954914,281.454722103441,1995.48280534825,2004.35350119972,NA,main,main
165,166,0.985823613017988,114.304661440823,22.4011663746058,114.405996890979,22.4940625601346,290.812123564666,289.826299951648,2003.85438319646,2004.84020680948,NA,main,main
198,96,2.55889360584431,111.334897019716,30.9320288686836,111.339585237392,30.8600699762792,290.843606252906,288.284712647062,2002.31279589187,2004.87168949772,SC1_DQ412043.1,main,main
157,120,2.52970273206785,111.390565305374,30.7718647664724,111.426092711443,30.7522270808041,290.843606252906,288.313903520838,2002.34198676565,2004.87168949772,SC1_DQ412042.1,main,main
219,27,10.1414830316789,112.442544547788,24.3255780781746,108.129675298018,22.8993390894423,290.925573466021,280.784090434342,1994.81217367915,2004.95365671083,SC1_DQ071615.1,main,main
164,118,1.69142320832388,114.034592409645,22.3857293728696,113.971230876387,22.405325932542,291.13904004286,289.447616834536,2003.47570007935,2005.16712328767,SC1_DQ022305.2,main,main
165,116,1.33191817340423,114.304661440823,22.4011663746058,114.296139391585,22.3649194694912,291.158218125052,289.826299951648,2003.85438319646,2005.18630136986,SC1_DQ084199.1,main,main
166,167,0.397698567206742,114.405996890979,22.4940625601346,114.307084781104,22.4721665848897,291.209822131873,290.812123564666,2004.84020680948,2005.23790537668,NA,main,main
164,117,1.76813553709102,114.034592409645,22.3857293728696,114.111396825168,22.4971256501412,291.215752371628,289.447616834536,2003.47570007935,2005.24383561644,SC1_DQ084200.1,main,main
166,168,0.61094348046899,114.405996890979,22.4940625601346,114.382288952814,22.4062532106724,291.423067045135,290.812123564666,2004.84020680948,2005.45115028995,NA,main,main
168,169,0.00250720847971309,114.382288952814,22.4062532106724,114.425052560137,22.4245060921953,291.425574253615,291.423067045135,2005.45115028995,2005.45365749843,NA,main,main
184,185,23.5922136738204,114.129850885983,23.1624859514037,113.973565051391,22.4145156827038,291.431364992198,267.839151318377,1981.86723456319,2005.45944823701,NA,main,main
169,170,0.0423389480168801,114.425052560137,22.4245060921953,114.44370326006,22.4294576214194,291.467913201631,291.425574253615,2005.45365749843,2005.49599644644,NA,main,main
167,112,0.518259006878246,114.307084781104,22.4721665848897,114.113427276131,22.2957061426185,291.728081138751,291.209822131873,2005.23790537668,2005.75616438356,SC1_GQ153540.1,main,main
169,115,0.302506885136285,114.425052560137,22.4245060921953,114.032694856509,22.3028305422228,291.728081138751,291.425574253615,2005.45365749843,2005.75616438356,SC1_GQ153539.1,main,main
170,171,0.285306133743157,114.44370326006,22.4294576214194,114.003891333579,22.4705164680784,291.753219335375,291.467913201631,2005.49599644644,2005.78130258019,NA,main,main
167,111,0.75661517126175,114.307084781104,22.4721665848897,114.065987506373,22.2047780261793,291.966437303134,291.209822131873,2005.23790537668,2005.99452054795,SC1_GQ153541.1,main,main
259,56,6.74311320712198,103.494141539463,25.9748712733433,104.875187506442,25.4024427698641,292.010272919573,285.267159712451,1999.29524295726,2006.03835616438,SC1_FJ588686.1,main,main
185,72,0.702195598608061,113.973565051391,22.4145156827038,114.305011804031,22.5144732145931,292.133560590806,291.431364992198,2005.45944823701,2006.16164383562,SC1_GQ153543.1,main,main
185,73,0.702195598608061,113.973565051391,22.4145156827038,113.942506633084,22.4160372305662,292.133560590806,291.431364992198,2005.45944823701,2006.16164383562,SC1_GQ153542.1,main,main
168,114,1.24200039498587,114.382288952814,22.4062532106724,114.378960882752,22.4173183288418,292.665067440121,291.423067045135,2005.45115028995,2006.69315068493,SC1_GQ153545.1,main,main
171,113,0.911848104746118,114.003891333579,22.4705164680784,113.931870278795,22.5541121498382,292.665067440121,291.753219335375,2005.78130258019,2006.69315068493,SC1_GQ153544.1,main,main
204,210,2.54106463336447,113.196625937202,24.1912385410379,114.762887721596,25.4349895538698,292.860121637706,290.319057004342,2004.34714024915,2006.88820488252,NA,main,main
171,110,1.43513577597888,114.003891333579,22.4705164680784,114.215145952252,22.3517899022121,293.188355111353,291.753219335375,2005.78130258019,2007.21643835616,SC1_GQ153546.1,main,main
183,70,34.4052004534442,114.103768487363,23.2567304938306,113.969078086645,22.5495283572264,293.377396207244,258.9721957538,1973.00027899861,2007.40547945205,SC1_GQ153547.1,main,main
253,254,6.52572615852463,102.858548436246,24.9596962271106,102.706906803353,24.9955224921581,293.726186067527,287.200459909003,2001.22854315381,2007.75426931234,NA,main,main
260,261,16.2826649557673,102.811729389086,25.043249611858,102.892169102985,24.7606331714761,293.760955839987,277.478290884219,1991.50637412903,2007.7890390848,NA,main,main
170,109,2.41359259465369,114.44370326006,22.4294576214194,114.018664062526,22.1927103460426,293.881505796285,291.467913201631,2005.49599644644,2007.9095890411,SC1_GQ153548.1,main,main
268,270,7.31021998508512,112.961807484468,29.4466755415243,122.256962578637,30.0947850060096,293.914309145185,286.6040891601,2000.63217240491,2007.94239239,NA,main,main
189,191,30.1654134880384,113.9288235647,28.331813310944,113.987371323447,28.3610488793938,295.174361430389,265.008947942351,1979.03703118716,2009.2024446752,NA,main,main
204,205,5.34577548563451,113.196625937202,24.1912385410379,112.821890886332,24.3566215088194,295.664832489976,290.319057004342,2004.34714024915,2009.69291573479,NA,main,main
210,211,2.83600411273158,114.762887721596,25.4349895538698,115.113863544117,25.1989157232503,295.696125750438,292.860121637706,2006.88820488252,2009.72420899525,NA,main,main
221,222,19.8941921482524,113.596226241609,22.9976781316949,114.522176471173,23.5183880407479,296.885222594323,276.991030446071,1991.01911369088,2010.91330583913,NA,main,main
246,247,9.93481408532196,102.774871331368,24.6233992227344,102.814177044489,24.6361780643458,296.955188361227,287.020374275905,2001.04845752072,2010.98327160604,NA,main,main
157,158,8.67466978538392,111.390565305374,30.7718647664724,112.323812095644,34.8443140732426,296.988573306222,288.313903520838,2002.34198676565,2011.01665655103,NA,main,main
264,2,43.4600693854677,99.8599050457592,25.4416594704955,99.2144918048378,25.3628003169457,297.010272919573,253.550203534105,1967.57828677892,2011.03835616438,SC1_KF569996.1,main,main
264,3,43.4600693854677,99.8599050457592,25.4416594704955,98.0155563469666,24.8091008269271,297.010272919573,253.550203534105,1967.57828677892,2011.03835616438,SC1_JX993988.1,main,main
158,159,0.0807201547091907,112.323812095644,34.8443140732426,112.329235192974,34.8681443447554,297.069293460931,296.988573306222,2011.01665655103,2011.09737670574,NA,main,main
247,47,0.345495517249688,102.814177044489,24.6361780643458,102.999651084029,24.6726612177333,297.300683878477,296.955188361227,2010.98327160604,2011.32876712329,SC1_KC881005.1,main,main
230,231,7.30432835397686,102.801355298983,24.6834938113324,102.800874387487,24.9555696411251,297.306518113016,290.002189759039,2004.03027300385,2011.33460135783,NA,main,main
254,255,3.59366662203643,102.706906803353,24.9955224921581,102.851331016785,24.9819482362699,297.319852689564,293.726186067527,2007.75426931234,2011.34793593437,NA,main,main
231,232,0.0340205574095123,102.800874387487,24.9555696411251,102.856701046898,24.9270872678306,297.340538670425,297.306518113016,2011.33460135783,2011.36862191524,NA,main,main
255,256,0.0588510215089677,102.851331016785,24.9819482362699,102.954797110479,24.9434139169422,297.378703711073,297.319852689564,2011.34793593437,2011.40678695588,NA,main,main
147,148,57.7421309782532,111.270065794787,30.728593080499,124.138122589485,43.4397096807867,297.543728828127,239.801597849874,1953.82968109468,2011.57181207294,NA,main,main
161,97,63.0006097903472,111.833485475925,28.2983068933398,107.876297363464,33.8097005905283,297.67602634423,234.675416553883,1948.70349979869,2011.70410958904,SC1_JX993987.1,main,main
189,190,32.7488053957152,113.9288235647,28.331813310944,112.437252737385,27.5488829081581,297.757753338066,265.008947942351,1979.03703118716,2011.78583658288,NA,main,main
180,181,8.89846857996679,118.716289304012,28.2780583048469,117.110791235238,26.1212160783001,297.794041239054,288.895572659087,2002.9236559039,2011.82212448386,NA,main,main
148,149,0.272291844001685,124.138122589485,43.4397096807867,124.162266201391,43.4340836336088,297.816020672129,297.543728828127,2011.57181207294,2011.84410391694,NA,main,main
262,55,11.8152340160278,101.866333274256,24.6683840299763,98.6652685520398,24.3737952211435,298.010272919573,286.195038903545,2000.22312214836,2012.03835616438,SC1_KU973692.1,main,main
180,78,9.11470026048577,118.716289304012,28.2780583048469,119.048706280307,28.2462643468898,298.010272919573,288.895572659087,2002.9236559039,2012.03835616438,SC1_KF294457.1,main,main
159,122,0.940979458641484,112.329235192974,34.8681443447554,112.507408571147,34.8366047123124,298.010272919573,297.069293460931,2011.09737670574,2012.03835616438,SC1_KY770860.1,main,main
148,108,0.4665440914456,124.138122589485,43.4397096807867,125.558084482093,44.3971244939454,298.010272919573,297.543728828127,2011.57181207294,2012.03835616438,SC1_KJ473811.1,main,main
247,248,1.12640990212673,102.814177044489,24.6361780643458,103.054393228255,24.899293082789,298.081598263354,296.955188361227,2010.98327160604,2012.10968150816,NA,main,main
248,50,0.1417894103171,103.054393228255,24.899293082789,102.974609515836,25.0084301024954,298.223387673671,298.081598263354,2012.10968150816,2012.25147091848,SC1_KC881006.1,main,main
248,249,0.329993552920429,103.054393228255,24.899293082789,102.951463657646,24.7552503961965,298.411591816274,298.081598263354,2012.10968150816,2012.43967506109,NA,main,main
149,150,0.705067934949438,124.162266201391,43.4340836336088,124.195137107681,43.3070900141894,298.521088607078,297.816020672129,2011.84410391694,2012.54917185189,NA,main,main
246,250,11.6455600506779,102.774871331368,24.6233992227344,105.355501866978,25.0249088674572,298.665934326583,287.020374275905,2001.04845752072,2012.69401757139,NA,main,main
249,49,0.265347769965071,102.951463657646,24.7552503961965,102.717353643106,24.6950687441336,298.676939586239,298.411591816274,2012.43967506109,2012.70502283105,SC1_KF367457.1,main,main
226,65,29.7948963281711,102.840790960333,25.0832048414695,102.754949897923,24.9952351188869,298.723387673671,268.9284913455,1982.95657459031,2012.75147091848,SC1_KY417145.1,main,main
261,67,4.96243183368449,102.892169102985,24.7606331714761,102.931578265254,24.7780650867333,298.723387673671,293.760955839987,2007.7890390848,2012.75147091848,SC1_KY417143.1,main,main
249,48,0.311795857396671,102.951463657646,24.7552503961965,103.05062369182,24.9076440601615,298.723387673671,298.411591816274,2012.43967506109,2012.75147091848,SC1_KY417144.1,main,main
262,263,12.6689444097407,101.866333274256,24.6683840299763,102.191851149119,25.3451613685611,298.863983313286,286.195038903545,2000.22312214836,2012.8920665581,NA,main,main
194,88,47.9094497064978,111.547734726847,30.8066488093908,111.621036187468,30.6556968000453,299.010272919573,251.100823213075,1965.12890645789,2013.03835616438,SC1_KJ473814.1,main,main
220,26,13.7957563268788,111.984997798635,24.1993797843804,111.412330672758,24.2638103257451,299.010272919573,285.214516592694,1999.2425998375,2013.03835616438,SC1_KJ473815.1,main,main
261,66,5.24931707958615,102.892169102985,24.7606331714761,102.996692804543,25.0128135079269,299.010272919573,293.760955839987,2007.7890390848,2013.03835616438,SC1_KJ473816.1,main,main
158,121,2.02169961335068,112.323812095644,34.8443140732426,115.524380828221,37.1643796663808,299.010272919573,296.988573306222,2011.01665655103,2013.03835616438,SC1_KJ473812.1,main,main
159,123,1.94097945864148,112.329235192974,34.8681443447554,112.060667250853,35.3722197437154,299.010272919573,297.069293460931,2011.09737670574,2013.03835616438,SC1_KJ473813.1,main,main
250,51,0.344338592989587,105.355501866978,25.0249088674572,105.507161659179,25.0076366515731,299.010272919573,298.665934326583,2012.69401757139,2013.03835616438,SC1_KY770858.1,main,main
250,52,0.344338592989587,105.355501866978,25.0249088674572,105.495836228395,25.1159688507396,299.010272919573,298.665934326583,2012.69401757139,2013.03835616438,SC1_KY770859.1,main,main
205,207,3.3505001486377,112.821890886332,24.3566215088194,112.844917113863,23.8108879027278,299.015332638614,295.664832489976,2009.69291573479,2013.04341588342,NA,main,main
232,233,1.92711307977975,102.856701046898,24.9270872678306,102.741202335053,24.8703865315507,299.267651750205,297.340538670425,2011.36862191524,2013.29573499502,NA,main,main
254,62,5.57449781094975,102.706906803353,24.9955224921581,102.620618990994,24.6993549865824,299.300683878477,293.726186067527,2007.75426931234,2013.32876712329,SC1_KY417148.1,main,main
255,61,1.98083118891332,102.851331016785,24.9819482362699,102.604294554769,24.9598757084342,299.300683878477,297.319852689564,2011.34793593437,2013.32876712329,SC1_KY417149.1,main,main
256,60,1.92198016740435,102.954797110479,24.9434139169422,102.795900787136,24.8300728147758,299.300683878477,297.378703711073,2011.40678695588,2013.32876712329,SC1_KY417146.1,main,main
233,36,0.0330321282720725,102.741202335053,24.8703865315507,102.775303620146,24.9068892597849,299.300683878477,299.267651750205,2013.29573499502,2013.32876712329,SC1_KY417147.1,main,main
263,53,0.5353307021775,102.191851149119,25.3451613685611,102.08865324355,25.2032127186852,299.399314015463,298.863983313286,2012.8920665581,2013.42739726027,SC1_KP886809.1,main,main
263,54,0.5353307021775,102.191851149119,25.3451613685611,102.200978489068,25.342561411732,299.399314015463,298.863983313286,2012.8920665581,2013.42739726027,SC1_KP886808.1,main,main
256,257,2.03084957129118,102.954797110479,24.9434139169422,102.903943421655,24.8705634566346,299.409553282364,297.378703711073,2011.40678695588,2013.43763652717,NA,main,main
257,58,0.151404568715764,102.903943421655,24.8705634566346,102.724670021301,24.8108051305567,299.56095785108,299.409553282364,2013.43763652717,2013.58904109589,SC1_KY417150.1,main,main
257,59,0.151404568715764,102.903943421655,24.8705634566346,102.880222668134,24.8844110312723,299.56095785108,299.409553282364,2013.43763652717,2013.58904109589,SC1_KT444582.1,main,main
149,106,1.77507416525209,124.162266201391,43.4340836336088,125.757367664376,41.6692769121892,299.591094837381,297.816020672129,2011.84410391694,2013.61917808219,SC1_KU182964.1,main,main
211,213,3.96016474404798,115.113863544117,25.1989157232503,114.828222244465,24.2222057107272,299.656290494486,295.696125750438,2009.72420899525,2013.6843737393,NA,main,main
191,193,4.84022641278717,113.987371323447,28.3610488793938,113.740105009311,28.6153730784572,300.014587843177,295.174361430389,2009.2024446752,2014.04267108799,NA,main,main
232,45,3.02863835873667,102.856701046898,24.9270872678306,102.607406386426,24.6813912654704,300.369177029162,297.340538670425,2011.36862191524,2014.39726027397,SC1_KY417142.1,main,main
253,258,13.3632312070481,102.858548436246,24.9596962271106,103.002733702507,24.9756786753115,300.563691116051,287.200459909003,2001.22854315381,2014.59177436086,NA,main,main
205,206,4.93493149166863,112.821890886332,24.3566215088194,112.794980631702,24.3644971455447,300.599763981645,295.664832489976,2009.69291573479,2014.62784722646,NA,main,main
176,177,10.4338344039297,116.239933996841,27.2740175073331,116.386642912417,27.1555532677109,300.759252358844,290.325417954914,2004.35350119972,2014.78733560365,NA,main,main
258,64,0.257540707631687,103.002733702507,24.9756786753115,103.042257114927,24.9289532824689,300.821231823682,300.563691116051,2014.59177436086,2014.84931506849,SC1_KY417151.1,main,main
207,208,1.89440785953218,112.844917113863,23.8108879027278,112.819597630056,23.873228752024,300.909740498146,299.015332638614,2013.04341588342,2014.93782374296,NA,main,main
213,217,1.4704118340967,114.828222244465,24.2222057107272,114.957212614648,24.2652262057425,301.126702328583,299.656290494486,2013.6843737393,2015.15478557339,NA,main,main
233,234,2.01615615771275,102.741202335053,24.8703865315507,102.762425431371,24.9672934417831,301.283807907918,299.267651750205,2013.29573499502,2015.31189115273,NA,main,main
270,126,7.59185418534657,122.256962578637,30.0947850060096,122.289400874484,30.120332986553,301.506163330532,293.914309145185,2007.94239239,2015.53424657534,SC1_MG772934.1,main,main
234,236,0.275109288232765,102.762425431371,24.9672934417831,102.769806772696,24.9905127357722,301.55891719615,301.283807907918,2015.31189115273,2015.58700044096,NA,main,main
234,235,0.306814968542785,102.762425431371,24.9672934417831,102.838241278329,24.9990257638378,301.59062287646,301.283807907918,2015.31189115273,2015.61870612127,NA,main,main
258,63,1.23562289941237,103.002733702507,24.9756786753115,102.741925954454,24.70001918687,301.799314015463,300.563691116051,2014.59177436086,2015.82739726027,SC1_KY417152.1,main,main
222,224,4.96020895870881,114.522176471173,23.5183880407479,114.545090052411,23.2300179982875,301.845431553032,296.885222594323,2010.91330583913,2015.87351479784,NA,main,main
191,192,6.73941305820619,113.987371323447,28.3610488793938,114.400861490482,29.5480020969976,301.913774488596,295.174361430389,2009.2024446752,2015.94185773341,NA,main,main
211,212,6.51901814747547,115.113863544117,25.1989157232503,117.700230022369,28.172570777236,302.215143897913,295.696125750438,2009.72420899525,2016.24322714272,NA,main,main
236,237,0.701043050035402,102.769806772696,24.9905127357722,102.80570199563,25.135646078927,302.259960246186,301.55891719615,2015.58700044096,2016.288043491,NA,main,main
150,107,3.78153403927039,124.195137107681,43.3070900141894,127.013794792437,35.7217474008956,302.302622646349,298.521088607078,2012.54917185189,2016.33070589116,SC1_KY938558.1,main,main
236,239,0.773816887412893,102.769806772696,24.9905127357722,102.75436157655,24.9846456995023,302.332734083563,301.55891719615,2015.58700044096,2016.36081732837,NA,main,main
237,238,0.0734261746853306,102.80570199563,25.135646078927,102.833869388202,25.1712222726418,302.333386420871,302.259960246186,2016.288043491,2016.36146966568,NA,main,main
208,12,1.59780018098933,112.819597630056,23.873228752024,112.863095198617,23.9097798451818,302.507540679136,300.909740498146,2014.93782374296,2016.53562392395,SC1_OK017812.1,main,main
237,39,0.332279886501648,102.80570199563,25.135646078927,102.805072880817,25.1789175362327,302.592240132687,302.259960246186,2016.288043491,2016.6203233775,SC1_OK017850.1,main,main
239,38,0.259506049124157,102.75436157655,24.9846456995023,102.709692727421,24.8805891901681,302.592240132687,302.332734083563,2016.36081732837,2016.6203233775,SC1_OK017848.1,main,main
239,40,0.259506049124157,102.75436157655,24.9846456995023,102.755763780745,24.9945137028839,302.592240132687,302.332734083563,2016.36081732837,2016.6203233775,SC1_OK017849.1,main,main
238,43,0.258853711816317,102.833869388202,25.1712222726418,102.881249572193,25.2033150578052,302.592240132687,302.333386420871,2016.36146966568,2016.6203233775,SC1_OK017847.1,main,main
238,42,0.258853711816317,102.833869388202,25.1712222726418,102.861756958114,25.1434500016176,302.592240132687,302.333386420871,2016.36146966568,2016.6203233775,SC1_OK017851.1,main,main
213,214,2.95355243130904,114.828222244465,24.2222057107272,114.740401183513,24.191409574171,302.609842925795,299.656290494486,2013.6843737393,2016.63792617061,NA,main,main
245,46,17.3539783308464,102.930358429713,24.7392979623875,103.07720373998,24.803165022511,302.676939586239,285.322961255393,1999.3510445002,2016.70502283105,SC1_MK211375.1,main,main
231,44,5.37042147322387,102.800874387487,24.9555696411251,103.102907738797,25.3585224869475,302.676939586239,297.306518113016,2011.33460135783,2016.70502283105,SC1_MK211377.1,main,main
235,37,1.08631670977908,102.838241278329,24.9990257638378,102.700728381839,24.8982774765399,302.676939586239,301.59062287646,2015.61870612127,2016.70502283105,SC1_MK211376.1,main,main
235,41,1.08631670977908,102.838241278329,24.9990257638378,103.355990687883,24.7323712406829,302.676939586239,301.59062287646,2015.61870612127,2016.70502283105,SC1_MK211378.1,main,main
270,125,9.18089528123682,122.256962578637,30.0947850060096,122.283529657062,30.0354754182491,303.095204426422,293.914309145185,2007.94239239,2017.12328767123,SC1_MG772933.1,main,main
217,218,2.22843233786355,114.957212614648,24.2652262057425,114.733925953893,24.1495094350953,303.355134666446,301.126702328583,2015.15478557339,2017.38321791126,NA,main,main
214,215,0.755694886247124,114.740401183513,24.191409574171,114.979381999309,24.2766701920046,303.365537812042,302.609842925795,2016.63792617061,2017.39362105685,NA,main,main
215,216,0.0091098578755453,114.979381999309,24.2766701920046,114.984753639567,24.3037880994403,303.374647669918,303.365537812042,2017.39362105685,2017.40273091473,NA,main,main
208,209,2.56838111496427,112.819597630056,23.873228752024,112.685172786163,23.8922355159095,303.478121613111,300.909740498146,2014.93782374296,2017.50620485792,NA,main,main
150,151,5.0162513865927,124.195137107681,43.3070900141894,124.867108228933,42.4284663365667,303.537339993671,298.521088607078,2012.54917185189,2017.56542323848,NA,main,main
220,25,18.376578244687,111.984997798635,24.1993797843804,112.096898133706,24.5260895300615,303.591094837381,285.214516592694,1999.2425998375,2017.61917808219,SC1_OK017792.1,main,main
184,71,35.8368750258532,114.129850885983,23.1624859514037,113.599023764154,24.0168561777669,303.67602634423,267.839151318377,1981.86723456319,2017.70410958904,SC1_OK017823.1,main,main
217,20,2.54932401564775,114.957212614648,24.2652262057425,110.848581197758,22.3896945220525,303.67602634423,301.126702328583,2015.15478557339,2017.70410958904,SC1_OK017814.1,main,main
224,6,1.83059479119829,114.545090052411,23.2300179982875,114.594101544329,23.1501917109175,303.67602634423,301.845431553032,2015.87351479784,2017.70410958904,SC1_OK017822.1,main,main
224,7,1.83059479119829,114.545090052411,23.2300179982875,114.531820135588,23.2311146990731,303.67602634423,301.845431553032,2015.87351479784,2017.70410958904,SC1_OK017824.1,main,main
214,18,1.06618341843541,114.740401183513,24.191409574171,114.714685951165,24.1281189148909,303.67602634423,302.609842925795,2016.63792617061,2017.70410958904,SC1_OK017818.1,main,main
218,21,0.320891677784192,114.733925953893,24.1495094350953,114.836719277213,24.1424837371877,303.67602634423,303.355134666446,2017.38321791126,2017.70410958904,SC1_OK017815.1,main,main
218,22,0.320891677784192,114.733925953893,24.1495094350953,114.759226691096,24.1484424513365,303.67602634423,303.355134666446,2017.38321791126,2017.70410958904,SC1_OK017821.1,main,main
215,19,0.310488532188283,114.979381999309,24.2766701920046,114.780518219436,24.3644678882824,303.67602634423,303.365537812042,2017.39362105685,2017.70410958904,SC1_OK017816.1,main,main
216,17,0.301378674312738,114.984753639567,24.3037880994403,115.113508608064,24.4821348318753,303.67602634423,303.374647669918,2017.40273091473,2017.70410958904,SC1_OK017820.1,main,main
216,16,0.301378674312738,114.984753639567,24.3037880994403,115.181148230731,24.3202181914049,303.67602634423,303.374647669918,2017.40273091473,2017.70410958904,SC1_OK017817.1,main,main
209,10,0.197904731119808,112.685172786163,23.8922355159095,112.901589271888,23.9356412003022,303.67602634423,303.478121613111,2017.50620485792,2017.70410958904,SC1_OK017813.1,main,main
209,11,0.197904731119808,112.685172786163,23.8922355159095,112.71694221468,23.9820104383971,303.67602634423,303.478121613111,2017.50620485792,2017.70410958904,SC1_OK017819.1,main,main
265,130,63.8789380519798,105.436973904861,24.5659509297099,103.095602973868,27.1995887616521,304.591094837381,240.712156785401,1954.74024003021,2018.61917808219,SC1_MW703458.1,main,main
230,240,14.7672508567614,102.801355298983,24.6834938113324,103.287540378045,26.371666229807,304.7694406158,290.002189759039,2004.03027300385,2018.79752386061,NA,main,main
278,279,24.9159051099107,101.384829732309,21.6148278083733,102.173361838928,18.7070437327506,305.129307484445,280.213402374534,1994.24148561934,2019.15739072926,NA,main,main
240,241,0.566686431103752,103.287540378045,26.371666229807,103.837155128124,26.1539412222914,305.336127046904,304.7694406158,2018.79752386061,2019.36421029171,NA,main,main
222,223,8.58885123307481,114.522176471173,23.5183880407479,114.006205840611,22.9399959600218,305.474073827398,296.885222594323,2010.91330583913,2019.50215707221,NA,main,main
278,139,25.276322599833,101.384829732309,21.6148278083733,101.610227487163,21.2857180497424,305.489724974367,280.213402374534,1994.24148561934,2019.51780821918,SC1_EPI_ISL_412977,main,main
241,242,0.195500198318591,103.837155128124,26.1539412222914,103.808947404009,26.1469779655511,305.531627245223,305.336127046904,2019.36421029171,2019.55971049003,NA,main,main
223,4,0.117021009982846,114.006205840611,22.9399959600218,114.023140811552,22.9485395913456,305.591094837381,305.474073827398,2019.50215707221,2019.61917808219,SC1_OK017826.1,main,main
223,5,0.117021009982846,114.006205840611,22.9399959600218,114.035839042597,23.0487515447457,305.591094837381,305.474073827398,2019.50215707221,2019.61917808219,SC1_OK017825.1,main,main
207,9,6.66069370561626,112.844917113863,23.8108879027278,109.928414896762,23.1206952991858,305.67602634423,299.015332638614,2013.04341588342,2019.70410958904,SC1_OK017859.1,main,main
206,14,5.07626236258533,112.794980631702,24.3644971455447,112.598811885276,24.4309461710474,305.67602634423,300.599763981645,2014.62784722646,2019.70410958904,SC1_OK017828.1,main,main
206,13,5.07626236258533,112.794980631702,24.3644971455447,112.823308679844,24.3219884900808,305.67602634423,300.599763981645,2014.62784722646,2019.70410958904,SC1_OK017827.1,main,main
240,244,0.996468117304543,103.287540378045,26.371666229807,103.279813054361,26.3783690907578,305.765908733105,304.7694406158,2018.79752386061,2019.79399197792,NA,main,main
241,243,0.614676603103503,103.837155128124,26.1539412222914,104.127757915046,26.3397055381543,305.950803650007,305.336127046904,2019.36421029171,2019.97888689482,NA,main,main
268,269,19.5839121034378,112.961807484468,29.4466755415243,113.018608682502,29.2563052174797,306.188001263538,286.6040891601,2000.63217240491,2020.21608450835,NA,main,main
151,155,2.66919272557305,124.867108228933,42.4284663365667,124.811964370543,42.3102839148289,306.206532719244,303.537339993671,2017.56542323848,2020.23461596405,NA,main,main
155,156,0.0493368286283837,124.811964370543,42.3102839148289,124.577044568127,42.2292516002492,306.255869547872,306.206532719244,2020.23461596405,2020.28395279268,NA,main,main
151,152,2.8264498945459,124.867108228933,42.4284663365667,125.094548274358,42.0079472344713,306.363789888217,303.537339993671,2017.56542323848,2020.39187313303,NA,main,main
277,140,37.0695957655329,101.497182042344,21.4353690745026,101.546454138861,21.7167613737054,306.406447782961,269.336852017428,1983.36493526224,2020.43453102777,SC1_MZ081381.1,main,main
259,57,21.1584137535702,103.494141539463,25.9748712733433,104.363876252641,26.0872247772756,306.425573466021,285.267159712451,1999.29524295726,2020.45365671083,SC1_OK017858.1,main,main
242,34,0.893946220798412,103.808947404009,26.1469779655511,103.83427352544,26.043842321558,306.425573466021,305.531627245223,2019.55971049003,2020.45365671083,SC1_OK017855.1,main,main
242,30,0.893946220798412,103.808947404009,26.1469779655511,104.379952907046,26.4265103160479,306.425573466021,305.531627245223,2019.55971049003,2020.45365671083,SC1_OK017853.1,main,main
244,31,0.659664732916212,103.279813054361,26.3783690907578,103.273802497024,26.3696844800206,306.425573466021,305.765908733105,2019.79399197792,2020.45365671083,SC1_OK017854.1,main,main
244,33,0.659664732916212,103.279813054361,26.3783690907578,103.286052324597,26.3175679066113,306.425573466021,305.765908733105,2019.79399197792,2020.45365671083,SC1_OK017856.1,main,main
243,32,0.4747698160135,104.127757915046,26.3397055381543,103.931652742857,26.4265112412777,306.425573466021,305.950803650007,2019.97888689482,2020.45365671083,SC1_OK017852.1,main,main
243,35,0.4747698160135,104.127757915046,26.3397055381543,104.486928305512,26.173763021361,306.425573466021,305.950803650007,2019.97888689482,2020.45365671083,SC1_OK017857.1,main,main
192,86,4.59376619053994,114.400861490482,29.5480020969976,114.631946048166,29.539612176366,306.507540679136,301.913774488596,2015.94185773341,2020.53562392395,SC1_OK017802.1,main,main
192,87,4.59376619053994,114.400861490482,29.5480020969976,113.584950935821,30.032253197036,306.507540679136,301.913774488596,2015.94185773341,2020.53562392395,SC1_OK017801.1,main,main
279,137,1.39462663731366,102.173361838928,18.7070437327506,102.211401623875,18.7164006999736,306.523934121759,305.129307484445,2019.15739072926,2020.55201736657,SC1_MZ937002.1,main,main
279,138,1.40282335862504,102.173361838928,18.7070437327506,101.966513974918,18.7640483251586,306.53213084307,305.129307484445,2019.15739072926,2020.56021408788,SC1_MZ937004.1,main,main
152,153,0.27425151609454,125.094548274358,42.0079472344713,125.061144138833,41.9789637951586,306.638041404311,306.363789888217,2020.39187313303,2020.66612464912,NA,main,main
153,154,0.00225588284404588,125.061144138833,41.9789637951586,125.045769319853,41.9718279248346,306.640297287155,306.638041404311,2020.66612464912,2020.66838053197,NA,main,main
228,29,26.5458094151467,102.854512685929,25.195846397389,102.86917392495,25.2712986144929,306.676939586239,280.131130171093,1994.1592134159,2020.70502283105,SC1_OK017793.1,main,main
155,105,0.470406866995472,124.811964370543,42.3102839148289,124.76564842778,42.3170009528708,306.676939586239,306.206532719244,2020.23461596405,2020.70502283105,SC1_OK017797.1,main,main
156,103,0.421070038367088,124.577044568127,42.2292516002492,124.486883197105,42.1797277405991,306.676939586239,306.255869547872,2020.28395279268,2020.70502283105,SC1_OK017794.1,main,main
156,104,0.421070038367088,124.577044568127,42.2292516002492,124.573286508928,42.3746788284513,306.676939586239,306.255869547872,2020.28395279268,2020.70502283105,SC1_OK017799.1,main,main
152,99,0.313149698022624,125.094548274358,42.0079472344713,125.13273193523,41.7542424487158,306.676939586239,306.363789888217,2020.39187313303,2020.70502283105,SC1_OK017800.1,main,main
153,100,0.0388981819280836,125.061144138833,41.9789637951586,124.710555557682,41.4297710682829,306.676939586239,306.638041404311,2020.66612464912,2020.70502283105,SC1_OK017795.1,main,main
154,102,0.0366422990840377,125.045769319853,41.9718279248346,125.003064839888,41.9321902037069,306.676939586239,306.640297287155,2020.66838053197,2020.70502283105,SC1_OK017796.1,main,main
154,101,0.0366422990840377,125.045769319853,41.9718279248346,125.036354239102,41.9790632520673,306.676939586239,306.640297287155,2020.66838053197,2020.70502283105,SC1_OK017798.1,main,main
195,196,28.0815006399966,107.463465631493,25.3847280440102,108.56696815958,26.8710177755802,306.797076302532,278.715575662535,1992.74365890735,2020.82515954734,NA,main,main
225,28,44.555134503554,101.112228029129,24.1561313603947,111.179237028874,25.3425294055803,307.095204426422,262.540069922868,1976.56815316768,2021.12328767123,SC1_OK017832.1,main,main
162,119,30.0746029255522,112.236617222377,27.7053696398042,111.961239634268,27.7019979591649,307.095204426422,277.02060150087,1991.04868474568,2021.12328767123,SC1_OK017833.1,main,main
269,127,0.907203162884185,113.018608682502,29.2563052174797,112.903645951159,29.3213812080897,307.095204426422,306.188001263538,2020.21608450835,2021.12328767123,SC1_OK017804.1,main,main
269,128,0.907203162884185,113.018608682502,29.2563052174797,113.057115926553,29.1852853330516,307.095204426422,306.188001263538,2020.21608450835,2021.12328767123,SC1_OK017803.1,main,main
267,129,28.5508869393518,112.74631306174,29.3458365886064,111.256192145015,28.9886977225153,307.171916755189,278.621029815837,1992.64911306065,2021.2,SC1_OK017805.1,main,main
195,89,28.4563410926537,107.463465631493,25.3847280440102,107.899354230964,25.6488027460484,307.171916755189,278.715575662535,1992.74365890735,2021.2,SC1_OK017830.1,main,main
190,92,9.41416341712283,112.437252737385,27.5488829081581,112.350555050456,27.6695149719466,307.171916755189,297.757753338066,2011.78583658288,2021.2,SC1_OK017835.1,main,main
190,93,9.41416341712283,112.437252737385,27.5488829081581,110.416274476287,27.8519982203292,307.171916755189,297.757753338066,2011.78583658288,2021.2,SC1_OK017834.1,main,main
196,90,0.374840452657073,108.56696815958,26.8710177755802,108.970135179652,28.0136189588681,307.171916755189,306.797076302532,2020.82515954734,2021.2,SC1_OK017831.1,main,main
196,91,0.374840452657073,108.56696815958,26.8710177755802,108.618008808953,26.7384985506058,307.171916755189,306.797076302532,2020.82515954734,2021.2,SC1_OK017829.1,main,main
177,178,6.51839637752151,116.386642912417,27.1555532677109,116.611503107709,27.2941453274847,307.277648736365,300.759252358844,2014.78733560365,2021.30573198118,NA,main,main
266,124,41.8999672321975,105.159040378853,24.5893500158269,99.5969165950183,22.6352183201048,307.296848262039,265.396881029841,1979.42496427465,2021.32493150685,SC1_OK017806.1,main,main
181,182,9.51990869607692,117.110791235238,26.1212160783001,118.112851978425,26.5681734507037,307.313949935131,297.794041239054,2011.82212448386,2021.34203317994,NA,main,main
174,74,38.3387830765342,117.130473543994,26.8823984099989,117.611958766965,27.8634221165878,307.33904004286,269.000256966326,1983.02834021114,2021.36712328767,SC1_OK017808.1,main,main
181,77,9.54499880380664,117.110791235238,26.1212160783001,117.671947088956,26.1176802281047,307.33904004286,297.794041239054,2011.82212448386,2021.36712328767,SC1_OK017809.1,main,main
182,75,0.0250901077297211,118.112851978425,26.5681734507037,118.125201871747,26.57189072377,307.33904004286,307.313949935131,2021.34203317994,2021.36712328767,SC1_OK017811.1,main,main
182,76,0.0250901077297211,118.112851978425,26.5681734507037,118.155593400917,26.4546050355087,307.33904004286,307.313949935131,2021.34203317994,2021.36712328767,SC1_OK017810.1,main,main
197,94,46.4819560851452,111.349188435423,31.1259574761992,115.102251912981,28.0125251191461,307.506163330532,261.024207245386,1975.0522904902,2021.53424657534,SC1_OK017860.1,main,main
221,8,30.5151328844609,113.596226241609,22.9976781316949,115.541493355994,25.8564504454113,307.506163330532,276.991030446071,1991.01911369088,2021.53424657534,SC1_OK017839.1,main,main
179,79,24.3515448373102,116.613749039433,27.3441093346536,118.494863826443,30.8710723441722,307.506163330532,283.154618493222,1997.18270173803,2021.53424657534,SC1_OK017807.1,main,main
176,80,17.1807453756179,116.239933996841,27.2740175073331,115.829356286463,27.1762045375995,307.506163330532,290.325417954914,2004.35350119972,2021.53424657534,SC1_OK017840.1,main,main
210,15,14.6460416928253,114.762887721596,25.4349895538698,114.678611175349,25.4655915675094,307.506163330532,292.860121637706,2006.88820488252,2021.53424657534,SC1_OK017841.1,main,main
193,85,7.49157548735506,113.740105009311,28.6153730784572,114.044267158565,27.8908122818696,307.506163330532,300.014587843177,2014.04267108799,2021.53424657534,SC1_OK017836.1,main,main
193,84,7.49157548735506,113.740105009311,28.6153730784572,114.172950135711,28.2431933065543,307.506163330532,300.014587843177,2014.04267108799,2021.53424657534,SC1_OK017837.1,main,main
177,81,6.74691097168819,116.386642912417,27.1555532677109,116.485375457714,27.1239969338355,307.506163330532,300.759252358844,2014.78733560365,2021.53424657534,SC1_OK017838.1,main,main
212,23,5.2910194326183,117.700230022369,28.172570777236,117.958970228644,28.5265903926254,307.506163330532,302.215143897913,2016.24322714272,2021.53424657534,SC1_OK017843.1,main,main
212,24,5.2910194326183,117.700230022369,28.172570777236,117.515526304016,28.3765216120456,307.506163330532,302.215143897913,2016.24322714272,2021.53424657534,SC1_OK017842.1,main,main
178,82,0.228514594166687,116.611503107709,27.2941453274847,116.628894450563,27.2749225476684,307.506163330532,307.277648736365,2021.30573198118,2021.53424657534,SC1_OK017844.1,main,main
178,83,0.228514594166687,116.611503107709,27.2941453274847,116.296697331014,27.2496896782314,307.506163330532,307.277648736365,2021.30573198118,2021.53424657534,SC1_OK017845.1,main,main
