node1,node2,length,startLon,startLat,endLon,endLat,endNodeL,startNodeL,startYear,endYear,tipLabel,startClade,endClade
146,147,0.561158950155445,112.770756460922,27.2833251401996,112.69574267127,27.2841279441238,828.816705431368,828.255546481213,1950.45663312782,1951.01779207798,NA,main,main
147,148,9.3532009542016,112.69574267127,27.2841279441238,112.442427930808,26.9470739196493,838.16990638557,828.816705431368,1951.01779207798,1960.37099303218,NA,main,main
148,151,0.84121139816439,112.442427930808,26.9470739196493,111.198234067589,26.3226528718722,839.011117783734,838.16990638557,1960.37099303218,1961.21220443034,NA,main,main
167,169,2.27160037261438,106.631484371491,24.5332106737832,106.483861978882,24.5616572888618,851.73205550018,849.460455127566,1971.66154177417,1973.93314214679,NA,main,main
230,231,18.8994618898982,114.163005333791,25.3001798000289,115.665993308769,25.4867724264205,852.415462803399,833.516000913501,1955.71708756011,1974.61654945001,NA,main,main
147,152,26.7683381072845,112.69574267127,27.2841279441238,102.607115846996,21.1376831870301,855.585043538653,828.816705431368,1951.01779207798,1977.78613018526,NA,main,main
169,210,4.1777121657478,106.483861978882,24.5616572888618,110.77288046811,24.780314643134,855.909767665928,851.73205550018,1973.93314214679,1978.11085431254,NA,main,main
148,149,18.2460666181218,112.442427930808,26.9470739196493,112.465682469315,26.472811692446,856.415973003692,838.16990638557,1960.37099303218,1978.6170596503,NA,main,main
210,211,3.02662138517036,110.77288046811,24.780314643134,110.549674554437,24.4650737140236,858.936389051098,855.909767665928,1978.11085431254,1981.13747569771,NA,main,main
169,170,7.3549470797664,106.483861978882,24.5616572888618,102.708735089465,24.477551508408,859.087002579946,851.73205550018,1973.93314214679,1981.28808922655,NA,main,main
170,171,2.1863140779191,102.708735089465,24.477551508408,102.900768101469,24.8089982631862,861.273316657866,859.087002579946,1981.28808922655,1983.47440330447,NA,main,main
231,244,12.201501713635,115.665993308769,25.4867724264205,115.452589557111,25.179423129207,864.616964517034,852.415462803399,1974.61654945001,1986.81805116364,NA,main,main
171,196,4.41410425667995,102.900768101469,24.8089982631862,103.067216925204,24.7582882346965,865.687420914546,861.273316657866,1983.47440330447,1987.88850756115,NA,main,main
220,221,31.3685947611825,109.323988697753,28.5972401842744,106.606547599723,31.0356090611763,867.932804226596,836.564209465414,1958.76529611202,1990.1338908732,NA,main,main
171,172,7.62653059579245,102.900768101469,24.8089982631862,102.901474590732,24.7799167614966,868.899847253658,861.273316657866,1983.47440330447,1991.10093390027,NA,main,main
196,198,4.61424590863628,103.067216925204,24.7582882346965,102.871200286534,24.9963648881901,870.301666823182,865.687420914546,1987.88850756115,1992.50275346979,NA,main,main
165,166,5.33485975387539,98.7756977307587,24.1633729141175,98.9272676564075,24.0825349898777,870.639577937734,865.304718183859,1987.50580483047,1992.84066458434,NA,main,main
244,247,6.69982678651266,115.452589557111,25.179423129207,115.262656341636,25.0833626671697,871.316791303546,864.616964517034,1986.81805116364,1993.51787795015,NA,main,main
198,199,1.04915682790887,102.871200286534,24.9963648881901,102.863162460717,25.0237899472088,871.350823651091,870.301666823182,1992.50275346979,1993.5519102977,NA,main,main
172,185,2.85351125061831,102.901474590732,24.7799167614966,102.797050082979,25.0194575673917,871.753358504276,868.899847253658,1991.10093390027,1993.95444515088,NA,main,main
199,200,0.459624303099165,102.863162460717,25.0237899472088,102.914010806778,25.0783363907681,871.81044795419,871.350823651091,1993.5519102977,1994.0115346008,NA,main,main
200,202,1.39366386932285,102.914010806778,25.0783363907681,104.836057593454,24.7219135200718,873.204111823513,871.81044795419,1994.0115346008,1995.40519847012,NA,main,main
172,173,4.32811170893967,102.901474590732,24.7799167614966,102.840373198941,24.7644746046847,873.227958962598,868.899847253658,1991.10093390027,1995.42904560921,NA,main,main
152,153,18.4083588123349,102.607115846996,21.1376831870301,101.548271619016,21.285664395099,873.993402350987,855.585043538653,1977.78613018526,1996.19448899759,NA,main,main
200,201,3.54958294828108,102.914010806778,25.0783363907681,102.93797834764,24.8946869614004,875.360030902471,871.81044795419,1994.0115346008,1997.56111754908,NA,main,main
231,232,24.4636239492292,115.665993308769,25.4867724264205,114.224285318202,22.354378253913,876.879086752628,852.415462803399,1974.61654945001,1999.08017339924,NA,main,main
247,255,5.78693511662198,115.262656341636,25.0833626671697,113.709002619574,24.316749362492,877.103726420168,871.316791303546,1993.51787795015,1999.30481306678,NA,main,main
185,186,5.78460662047233,102.797050082979,25.0194575673917,102.817157283285,25.0563925164022,877.537965124749,871.753358504276,1993.95444515088,1999.73905177136,NA,main,main
153,154,3.94152290228376,101.548271619016,21.285664395099,101.670928150852,21.3184675813882,877.934925253271,873.993402350987,1996.19448899759,2000.13601189988,NA,main,main
247,248,7.80957999909892,115.262656341636,25.0833626671697,115.498864737133,25.0508166390993,879.126371302645,871.316791303546,1993.51787795015,2001.32745794925,NA,main,main
255,265,2.89451502550189,113.709002619574,24.316749362492,116.089428952041,26.9500633042314,879.99824144567,877.103726420168,1999.30481306678,2002.19932809228,NA,main,main
224,228,5.1550519928674,111.017484144595,30.2916646816912,111.031152407236,30.4338603118215,880.589145541781,875.434093548914,1997.63518019552,2002.79023218839,NA,main,main
271,281,3.71404441004667,111.441817331871,30.4797400978555,111.329696746817,30.8052075462231,880.898188414856,877.184144004809,1999.38523065142,2003.09927506146,NA,main,main
244,245,16.3913206177737,115.452589557111,25.179423129207,116.291979707969,27.3758080757242,881.008285134807,864.616964517034,1986.81805116364,2003.20937178142,NA,main,main
154,155,3.11729092450853,101.670928150852,21.3184675813882,101.732531408822,21.2696729111765,881.05221617778,877.934925253271,2000.13601189988,2003.25330282439,NA,main,main
228,59,1.24812397599492,111.031152407236,30.4338603118215,111.073046590111,30.4866727195411,881.837269517776,880.589145541781,2002.79023218839,2004.03835616438,SC1_DQ648857.1,main,main
232,234,5.12205820079191,114.224285318202,22.354378253913,114.034287441162,22.2032223344666,882.00114495342,876.879086752628,1999.08017339924,2004.20223160003,NA,main,main
234,235,0.132692055849251,114.034287441162,22.2032223344666,113.949669569902,22.2531327343258,882.133837009269,882.00114495342,2004.20223160003,2004.33492365588,NA,main,main
173,174,8.94200433379735,102.840373198941,24.7644746046847,102.658526093254,24.925547155724,882.169963296395,873.227958962598,1995.42904560921,2004.371049943,NA,main,main
235,236,0.0488698043347675,113.949669569902,22.2531327343258,113.947969004113,22.2551920790653,882.182706813604,882.133837009269,2004.33492365588,2004.38379346021,NA,main,main
236,237,0.0835547879944656,113.947969004113,22.2551920790653,113.921036143739,22.2326349775373,882.266261601598,882.182706813604,2004.38379346021,2004.46734824821,NA,main,main
237,238,0.0297387842713981,113.921036143739,22.2326349775373,113.926914134216,22.2317673532007,882.29600038587,882.266261601598,2004.46734824821,2004.49708703248,NA,main,main
237,243,0.186463093303086,113.921036143739,22.2326349775373,113.974649719828,22.2139851280439,882.452724694901,882.266261601598,2004.46734824821,2004.65381134151,NA,main,main
232,233,5.75479143512623,114.224285318202,22.354378253913,114.138620245623,22.3455224746798,882.633878187754,876.879086752628,1999.08017339924,2004.83496483436,NA,main,main
228,58,2.08145730932818,111.031152407236,30.4338603118215,111.220567533874,30.5291955454713,882.670602851109,880.589145541781,2002.79023218839,2004.87168949772,SC1_DQ412043.1,main,main
281,131,1.77241443625321,111.329696746817,30.8052075462231,111.34455298907,30.7853471803196,882.670602851109,880.898188414856,2003.09927506146,2004.87168949772,SC1_DQ412042.1,main,main
210,123,26.8428023982963,110.77288046811,24.780314643134,108.149132157089,22.7354999110445,882.752570064224,855.909767665928,1978.11085431254,2004.95365671083,SC1_DQ071615.1,main,main
238,51,0.670036255193892,113.926914134216,22.2317673532007,113.977954861759,22.29205659937,882.966036641064,882.29600038587,2004.49708703248,2005.16712328767,SC1_DQ022305.2,main,main
235,45,0.851377713986253,113.949669569902,22.2531327343258,114.000413070911,22.5504636573755,882.985214723255,882.133837009269,2004.33492365588,2005.18630136986,SC1_DQ084199.1,main,main
243,53,0.590024274929348,113.974649719828,22.2139851280439,113.960194877896,22.1743926096292,883.042748969831,882.452724694901,2004.65381134151,2005.24383561644,SC1_DQ084200.1,main,main
238,239,1.23720787114245,113.926914134216,22.2317673532007,114.135132417838,22.3423094543716,883.533208257012,882.29600038587,2004.49708703248,2005.73429490362,NA,main,main
234,55,1.55393278353425,114.034287441162,22.2032223344666,113.991486564686,22.1928254406378,883.555077736954,882.00114495342,2004.20223160003,2005.75616438356,SC1_GQ153539.1,main,main
239,50,0.0218694799419232,114.135132417838,22.3423094543716,114.225050008498,22.3618430986102,883.555077736954,883.533208257012,2005.73429490362,2005.75616438356,SC1_GQ153540.1,main,main
236,52,1.61072708773374,113.947969004113,22.2551920790653,113.966418311692,22.2790749770742,883.793433901338,882.182706813604,2004.38379346021,2005.99452054795,SC1_GQ153541.1,main,main
202,84,10.6331576942633,104.836057593454,24.7219135200718,104.928391599216,25.0314988381687,883.837269517776,873.204111823513,1995.40519847012,2006.03835616438,SC1_FJ588686.1,main,main
239,240,0.325746139032747,114.135132417838,22.3423094543716,114.146082518538,22.380301119859,883.858954396045,883.533208257012,2005.73429490362,2006.06004104265,NA,main,main
248,249,4.75575056817241,115.498864737133,25.0508166390993,115.827019847834,25.0536575773444,883.882121870818,879.126371302645,2001.32745794925,2006.08320851743,NA,main,main
233,56,1.32667900125474,114.138620245623,22.3455224746798,114.116357198809,22.3497039528591,883.960557189009,882.633878187754,2004.83496483436,2006.16164383562,SC1_GQ153542.1,main,main
233,57,1.32667900125474,114.138620245623,22.3455224746798,114.389743044083,22.505175916153,883.960557189009,882.633878187754,2004.83496483436,2006.16164383562,SC1_GQ153543.1,main,main
240,241,0.331417707207564,114.146082518538,22.380301119859,114.143957326234,22.3757874420549,884.190372103253,883.858954396045,2006.06004104265,2006.39145874986,NA,main,main
186,187,6.76033628826745,102.817157283285,25.0563925164022,102.808851012914,25.0581497331955,884.298301413016,877.537965124749,1999.73905177136,2006.49938805962,NA,main,main
240,242,0.512143923405192,114.146082518538,22.380301119859,114.216149927043,22.5384043753937,884.37109831945,883.858954396045,2006.06004104265,2006.57218496606,NA,main,main
242,49,0.120965718873855,114.216149927043,22.5384043753937,114.10851742828,22.4614347213529,884.492064038324,884.37109831945,2006.57218496606,2006.69315068493,SC1_GQ153544.1,main,main
242,48,0.120965718873855,114.216149927043,22.5384043753937,114.228941219943,22.537447252432,884.492064038324,884.37109831945,2006.57218496606,2006.69315068493,SC1_GQ153545.1,main,main
271,272,7.31263571190041,111.441817331871,30.4797400978555,125.444985750936,41.1561415216963,884.49677971671,877.184144004809,1999.38523065142,2006.69786636332,NA,main,main
241,46,0.824979606304248,114.143957326234,22.3757874420549,114.296829798709,22.2604739055974,885.015351709557,884.190372103253,2006.39145874986,2007.21643835616,SC1_GQ153546.1,main,main
281,282,4.27544187182226,111.329696746817,30.8052075462231,112.59661141293,35.1856341524547,885.173630286678,880.898188414856,2003.09927506146,2007.37471693329,NA,main,main
243,54,2.75166811054571,113.974649719828,22.2139851280439,114.411723578113,22.258466093535,885.204392805447,882.452724694901,2004.65381134151,2007.40547945205,SC1_GQ153547.1,main,main
241,47,1.5181302912359,114.143957326234,22.3757874420549,113.942947635357,22.3905399905023,885.708502394488,884.190372103253,2006.39145874986,2007.9095890411,SC1_GQ153548.1,main,main
248,252,6.79469611483725,115.498864737133,25.0508166390993,115.343122869058,25.1984944284955,885.921067417483,879.126371302645,2001.32745794925,2008.12215406409,NA,main,main
186,192,8.98187424722222,102.817157283285,25.0563925164022,102.772434281829,25.0213350531943,886.519839371971,877.537965124749,1999.73905177136,2008.72092601858,NA,main,main
173,175,13.3937982074651,102.840373198941,24.7644746046847,102.751701115799,24.7902657931106,886.621757170063,873.227958962598,1995.42904560921,2008.82284381667,NA,main,main
175,176,0.624786459067453,102.751701115799,24.7902657931106,102.684332775775,24.7088606177449,887.24654362913,886.621757170063,2008.82284381667,2009.44763027574,NA,main,main
176,177,0.425498311763189,102.684332775775,24.7088606177449,102.627620981535,24.6914123951176,887.672041940893,887.24654362913,2009.44763027574,2009.8731285875,NA,main,main
187,188,4.45070543310745,102.808851012914,25.0581497331955,102.599600907716,25.0668249358491,888.749006846124,884.298301413016,2006.49938805962,2010.95009349273,NA,main,main
282,283,3.60514196644239,112.59661141293,35.1856341524547,113.374397101377,36.6508932718652,888.778772253121,885.173630286678,2007.37471693329,2010.97985889973,NA,main,main
165,127,23.5325513339173,98.7756977307587,24.1633729141175,98.6995816103076,24.4188224958784,888.837269517776,865.304718183859,1987.50580483047,2011.03835616438,SC1_JX993988.1,main,main
166,126,18.1976915800419,98.9272676564075,24.0825349898777,99.1147601436243,25.1033146202076,888.837269517776,870.639577937734,1992.84066458434,2011.03835616438,SC1_KF569996.1,main,main
187,189,4.59374945160962,102.808851012914,25.0581497331955,102.905029223433,24.898732476446,888.892050864626,884.298301413016,2006.49938805962,2011.09313751123,NA,main,main
272,273,4.5003654261494,125.444985750936,41.1561415216963,125.97382427906,41.5114290718086,888.997145142859,884.49677971671,2006.69786636332,2011.19823178947,NA,main,main
199,81,17.7768568255896,102.863162460717,25.0237899472088,103.053301029289,25.0775408427601,889.12768047668,871.350823651091,1993.5519102977,2011.32876712329,SC1_KC881005.1,main,main
177,178,1.66060258598754,102.627620981535,24.6914123951176,102.799196475603,24.7466414402057,889.332644526881,887.672041940893,2009.8731285875,2011.53373117349,NA,main,main
178,179,0.00110378213089923,102.799196475603,24.7466414402057,102.799336077749,24.7463854138454,889.333748309012,889.332644526881,2011.53373117349,2011.53483495562,NA,main,main
221,67,21.5702187158375,106.606547599723,31.0356090611763,107.446355342171,34.1276236062545,889.503022942434,867.932804226596,1990.1338908732,2011.70410958904,SC1_JX993987.1,main,main
249,250,5.67930962252409,115.827019847834,25.0536575773444,115.298299329451,29.7766594919973,889.561431493342,883.882121870818,2006.08320851743,2011.76251813995,NA,main,main
192,193,3.19838725930033,102.772434281829,25.0213350531943,102.789287270042,25.0465798344211,889.718226631271,886.519839371971,2008.72092601858,2011.91931327788,NA,main,main
151,13,50.8261517340419,111.198234067589,26.3226528718722,119.374343108779,28.247859379618,889.837269517776,839.011117783734,1961.21220443034,2012.03835616438,SC1_KF294457.1,main,main
166,125,19.1976915800419,98.9272676564075,24.0825349898777,98.6507640467925,24.5634969754853,889.837269517776,870.639577937734,1992.84066458434,2012.03835616438,SC1_KU973692.1,main,main
282,130,4.6636392310977,112.59661141293,35.1856341524547,112.570432531433,35.1839599242422,889.837269517776,885.173630286678,2007.37471693329,2012.03835616438,SC1_KY770860.1,main,main
273,133,0.840124374916817,125.97382427906,41.5114290718086,125.970710094863,41.4995809691326,889.837269517776,888.997145142859,2011.19823178947,2012.03835616438,SC1_KJ473811.1,main,main
193,108,0.332157640603155,102.789287270042,25.0465798344211,102.695640150055,25.0755225400698,890.050384271874,889.718226631271,2011.91931327788,2012.25147091848,SC1_KC881006.1,main,main
273,274,1.07594410476476,125.97382427906,41.5114290718086,125.992888672134,41.6547233082607,890.073089247624,888.997145142859,2011.19823178947,2012.27417589423,NA,main,main
189,190,1.28098504703488,102.905029223433,24.898732476446,102.847413135817,24.8401723993823,890.173035911661,888.892050864626,2011.09313751123,2012.37412255827,NA,main,main
265,266,10.2523921399976,116.089428952041,26.9500633042314,117.160497351704,27.5671213672893,890.250633585668,879.99824144567,2002.19932809228,2012.45172023228,NA,main,main
196,197,24.6565649022395,103.067216925204,24.7582882346965,101.799995937216,25.2037758994835,890.343985816785,865.687420914546,1987.88850756115,2012.54507246339,NA,main,main
202,203,17.1829980899144,104.836057593454,24.7219135200718,105.005225121256,24.8812613259173,890.387109913427,873.204111823513,1995.40519847012,2012.58819656003,NA,main,main
193,107,0.785709553171555,102.789287270042,25.0465798344211,102.871463619359,25.0826850016656,890.503936184443,889.718226631271,2011.91931327788,2012.70502283105,SC1_KF367457.1,main,main
201,86,15.1903533694035,102.93797834764,24.8946869614004,102.572646341916,24.811550269153,890.550384271874,875.360030902471,1997.56111754908,2012.75147091848,SC1_KY417145.1,main,main
178,92,1.21773974499338,102.799196475603,24.7466414402057,102.757590184496,24.6775071919668,890.550384271874,889.332644526881,2011.53373117349,2012.75147091848,SC1_KY417144.1,main,main
190,110,0.377348360213739,102.847413135817,24.8401723993823,102.888310448898,24.8861352681282,890.550384271874,890.173035911661,2012.37412255827,2012.75147091848,SC1_KY417143.1,main,main
267,70,56.7740715794665,114.294101360175,25.2866420798284,111.712723828288,24.2011652196656,890.837269517776,834.06319793831,1956.26428458492,2013.03835616438,SC1_KJ473815.1,main,main
198,89,20.5356026945942,102.871200286534,24.9963648881901,102.824436409575,25.0042426703933,890.837269517776,870.301666823182,1992.50275346979,2013.03835616438,SC1_KJ473816.1,main,main
283,129,2.05849726465531,113.374397101377,36.6508932718652,113.297266728958,36.5377790809531,890.837269517776,888.778772253121,2010.97985889973,2013.03835616438,SC1_KJ473813.1,main,main
283,128,2.05849726465531,113.374397101377,36.6508932718652,118.011517367504,39.6752106466927,890.837269517776,888.778772253121,2010.97985889973,2013.03835616438,SC1_KJ473812.1,main,main
203,83,0.450159604348912,105.005225121256,24.8812613259173,105.615995361005,24.8488035678369,890.837269517776,890.387109913427,2012.58819656003,2013.03835616438,SC1_KY770858.1,main,main
203,82,0.450159604348912,105.005225121256,24.8812613259173,105.466343758406,25.2612231849115,890.837269517776,890.387109913427,2012.58819656003,2013.03835616438,SC1_KY770859.1,main,main
174,90,8.95771718028519,102.658526093254,24.925547155724,102.621996338826,24.9431429213352,891.12768047668,882.169963296395,2004.371049943,2013.32876712329,SC1_KY417148.1,main,main
192,106,4.60784110470934,102.772434281829,25.0213350531943,102.833431254005,25.0407350344355,891.12768047668,886.519839371971,2008.72092601858,2013.32876712329,SC1_KY417147.1,main,main
189,112,2.23562961205448,102.905029223433,24.898732476446,102.589883003026,25.1137545455774,891.12768047668,888.892050864626,2011.09313751123,2013.32876712329,SC1_KY417149.1,main,main
179,94,1.79393216766834,102.799336077749,24.7463854138454,102.586399010914,24.6393210851472,891.12768047668,889.333748309012,2011.53483495562,2013.32876712329,SC1_KY417146.1,main,main
170,204,32.0752587494943,102.708735089465,24.477551508408,102.014331394982,23.3893105927598,891.162261329441,859.087002579946,1981.28808922655,2013.36334797605,NA,main,main
190,191,1.00279606598987,102.847413135817,24.8401723993823,102.832226004656,24.8941755968709,891.175831977651,890.173035911661,2012.37412255827,2013.37691862426,NA,main,main
197,88,0.882324796881388,101.799995937216,25.2037758994835,101.869645219069,25.2560668641424,891.226310613666,890.343985816785,2012.54507246339,2013.42739726027,SC1_KP886808.1,main,main
197,87,0.882324796881388,101.799995937216,25.2037758994835,101.834814718479,25.057862970701,891.226310613666,890.343985816785,2012.54507246339,2013.42739726027,SC1_KP886809.1,main,main
250,251,1.72870490375857,115.298299329451,29.7766594919973,115.318726737808,29.8381924540985,891.2901363971,889.561431493342,2011.76251813995,2013.49122304371,NA,main,main
191,109,0.212122471632316,102.832226004656,24.8941755968709,102.838300100498,24.9199540350606,891.387954449283,891.175831977651,2013.37691862426,2013.58904109589,SC1_KT444582.1,main,main
191,111,0.212122471632316,102.832226004656,24.8941755968709,102.640706745603,24.6675365841934,891.387954449283,891.175831977651,2013.37691862426,2013.58904109589,SC1_KY417150.1,main,main
274,134,1.34500218796023,125.992888672134,41.6547233082607,126.037453280533,41.6052465176304,891.418091435584,890.073089247624,2012.27417589423,2013.61917808219,SC1_KU182964.1,main,main
255,256,14.6638390301831,113.709002619574,24.316749362492,113.768572034234,24.0488485358325,891.767565450351,877.103726420168,1999.30481306678,2013.96865209696,NA,main,main
224,225,16.3987406504189,111.017484144595,30.2916646816912,112.084393348884,25.7728736125446,891.832834199333,875.434093548914,1997.63518019552,2014.03392084594,NA,main,main
177,180,4.31104774125445,102.627620981535,24.6914123951176,102.694055832166,24.70599247174,891.983089682148,887.672041940893,2009.8731285875,2014.18417632876,NA,main,main
180,181,0.153356970044285,102.694055832166,24.70599247174,102.641517362937,24.7263345411982,892.136446652192,891.983089682148,2014.18417632876,2014.3375332988,NA,main,main
188,114,3.4471667812415,102.599600907716,25.0668249358491,103.05106378676,25.0208265394581,892.196173627365,888.749006846124,2010.95009349273,2014.39726027397,SC1_KY417142.1,main,main
256,257,0.679735540889792,113.768572034234,24.0488485358325,113.741820787229,24.1689180576527,892.447300991241,891.767565450351,2013.96865209696,2014.64838763785,NA,main,main
188,113,3.89922157576206,102.599600907716,25.0668249358491,102.638387186296,25.1189857992851,892.648228421886,888.749006846124,2010.95009349273,2014.84931506849,SC1_KY417151.1,main,main
181,184,0.614453611973483,102.641517362937,24.7263345411982,102.666744645982,24.7149557586865,892.750900264166,892.136446652192,2014.3375332988,2014.95198691077,NA,main,main
211,212,33.9496699322009,110.549674554437,24.4650737140236,111.784502240465,23.6087331815281,892.886058983299,858.936389051098,1981.13747569771,2015.08714562991,NA,main,main
252,253,7.20034430069259,115.343122869058,25.1984944284955,115.257627289066,25.2095607141594,893.121411718175,885.921067417483,2008.12215406409,2015.32249836478,NA,main,main
149,12,36.9171869250435,112.465682469315,26.472811692446,122.353755565224,30.1910255679782,893.333159928735,856.415973003692,1978.6170596503,2015.53424657534,SC1_MG772934.1,main,main
179,93,4.29256230465444,102.799336077749,24.7463854138454,102.587197515851,24.689109315286,893.626310613666,889.333748309012,2011.53483495562,2015.82739726027,SC1_KY417152.1,main,main
181,182,1.573798142903,102.641517362937,24.7263345411982,100.885265540009,24.3224900350314,893.710244795095,892.136446652192,2014.3375332988,2015.9113314417,NA,main,main
225,227,2.05935699093292,112.084393348884,25.7728736125446,115.485869923684,27.6842640085368,893.892191190266,891.832834199333,2014.03392084594,2016.09327783687,NA,main,main
182,183,0.213353775731234,100.885265540009,24.3224900350314,100.893311186373,24.3134557538638,893.923598570826,893.710244795095,2015.9113314417,2016.12468521743,NA,main,main
272,132,9.63283952784213,125.444985750936,41.1561415216963,127.236414202835,35.5933409677286,894.129619244552,884.49677971671,2006.69786636332,2016.33070589116,SC1_KY938558.1,main,main
274,275,4.18191088329321,125.992888672134,41.6547233082607,125.396873900147,41.7063817939784,894.255000130917,890.073089247624,2012.27417589423,2016.45608677752,NA,main,main
256,39,2.56697182698746,113.768572034234,24.0488485358325,113.706577820442,24.0668297421359,894.334537277339,891.767565450351,2013.96865209696,2016.53562392395,SC1_OK017812.1,main,main
212,213,1.45771306159311,111.784502240465,23.6087331815281,112.224709173685,23.8274105557976,894.343772044892,892.886058983299,2015.08714562991,2016.5448586915,NA,main,main
221,68,26.4864325042946,106.606547599723,31.0356090611763,106.635906875618,31.0088468409974,894.419236730891,867.932804226596,1990.1338908732,2016.6203233775,SC1_OK017846.1,main,main
176,102,7.17269310176046,102.684332775775,24.7088606177449,103.312504978013,25.0640497298231,894.419236730891,887.24654362913,2009.44763027574,2016.6203233775,SC1_OK017848.1,main,main
180,101,2.43614704874283,102.694055832166,24.70599247174,102.620375031289,24.5915431895844,894.419236730891,891.983089682148,2014.18417632876,2016.6203233775,SC1_OK017847.1,main,main
184,100,1.66833646672506,102.666744645982,24.7149557586865,102.576292613922,24.8401801918139,894.419236730891,892.750900264166,2014.95198691077,2016.6203233775,SC1_OK017851.1,main,main
182,95,0.708991935795548,100.885265540009,24.3224900350314,100.922690529926,24.469948745724,894.419236730891,893.710244795095,2015.9113314417,2016.6203233775,SC1_OK017850.1,main,main
183,99,0.495638160064314,100.893311186373,24.3134557538638,100.873926029735,24.3022740995216,894.419236730891,893.923598570826,2016.12468521743,2016.6203233775,SC1_OK017849.1,main,main
153,157,20.4666436542874,101.548271619016,21.285664395099,103.768615714912,26.1668292194925,894.460046005275,873.993402350987,1996.19448899759,2016.66113265188,NA,main,main
201,85,19.1439052819719,102.93797834764,24.8946869614004,102.854137396552,24.7995795031991,894.503936184443,875.360030902471,1997.56111754908,2016.70502283105,SC1_MK211375.1,main,main
175,96,7.88217901437996,102.751701115799,24.7902657931106,102.870208564344,24.831651467576,894.503936184443,886.621757170063,2008.82284381667,2016.70502283105,SC1_MK211378.1,main,main
184,98,1.75303592027711,102.666744645982,24.7149557586865,102.55489411021,24.4740051092909,894.503936184443,892.750900264166,2014.95198691077,2016.70502283105,SC1_MK211377.1,main,main
183,97,0.580337613616362,100.893311186373,24.3134557538638,100.948060640504,24.3807306088531,894.503936184443,893.923598570826,2016.12468521743,2016.70502283105,SC1_MK211376.1,main,main
213,215,0.432688830076008,112.224709173685,23.8274105557976,112.223143261756,23.8592158553533,894.776460874968,894.343772044892,2016.5448586915,2016.97754752158,NA,main,main
146,1,66.6666545434125,112.770756460922,27.2833251401996,122.128413558553,30.1807326856772,894.922201024625,828.255546481213,1950.45663312782,2017.12328767123,SC1_MG772933.1,main,main
257,258,2.57535713130619,113.741820787229,24.1689180576527,112.999562689873,23.9794648727318,895.022658122547,892.447300991241,2014.64838763785,2017.22374476916,NA,main,main
225,226,3.33201380472498,112.084393348884,25.7728736125446,111.736752779749,25.3257038317878,895.164848004058,891.832834199333,2014.03392084594,2017.36593465067,NA,main,main
258,259,0.144096972966798,112.999562689873,23.9794648727318,113.032161826992,24.0099531098875,895.166755095514,895.022658122547,2017.22374476916,2017.36784174212,NA,main,main
259,261,0.0850641779921562,113.032161826992,24.0099531098875,112.800303096241,23.8188882477528,895.251819273506,895.166755095514,2017.36784174212,2017.45290592011,NA,main,main
259,260,0.131228125976976,113.032161826992,24.0099531098875,113.004861697337,24.0015961734589,895.297983221491,895.166755095514,2017.36784174212,2017.4990698681,NA,main,main
257,264,2.95431523418672,113.741820787229,24.1689180576527,114.560932415401,24.320896135119,895.401616225428,892.447300991241,2014.64838763785,2017.60270287204,NA,main,main
204,74,4.25583010614339,102.014331394982,23.3893105927598,109.909097645635,20.5270696433477,895.418091435584,891.162261329441,2013.36334797605,2017.61917808219,SC1_OK017792.1,main,main
258,262,0.446425505956128,112.999562689873,23.9794648727318,113.009280557692,24.588936378922,895.469083628504,895.022658122547,2017.22374476916,2017.67017027511,NA,main,main
262,263,0.0136329830573607,113.009280557692,24.588936378922,113.033458892002,24.5993849705471,895.482716611561,895.469083628504,2017.67017027511,2017.68380325817,NA,main,main
230,20,61.9870220289332,114.163005333791,25.3001798000289,114.250400817159,25.1931275761203,895.503022942434,833.516000913501,1955.71708756011,2017.70410958904,SC1_OK017823.1,main,main
215,122,0.726562067465432,112.223143261756,23.8592158553533,112.426727601538,24.0142608740748,895.503022942434,894.776460874968,2016.97754752158,2017.70410958904,SC1_OK017824.1,main,main
215,119,0.726562067465432,112.223143261756,23.8592158553533,112.21201802698,23.8529395722104,895.503022942434,894.776460874968,2016.97754752158,2017.70410958904,SC1_OK017822.1,main,main
261,34,0.251203668927277,112.800303096241,23.8188882477528,112.856869180156,23.9033180367287,895.503022942434,895.251819273506,2017.45290592011,2017.70410958904,SC1_OK017815.1,main,main
261,37,0.251203668927277,112.800303096241,23.8188882477528,112.4851510693,23.7371760801763,895.503022942434,895.251819273506,2017.45290592011,2017.70410958904,SC1_OK017820.1,main,main
260,36,0.205039720942457,113.004861697337,24.0015961734589,112.986532675479,24.0062721805174,895.503022942434,895.297983221491,2017.4990698681,2017.70410958904,SC1_OK017814.1,main,main
260,32,0.205039720942457,113.004861697337,24.0015961734589,113.041526758289,24.0742258229146,895.503022942434,895.297983221491,2017.4990698681,2017.70410958904,SC1_OK017821.1,main,main
264,40,0.101406717005696,114.560932415401,24.320896135119,114.55590975522,24.3135414937175,895.503022942434,895.401616225428,2017.60270287204,2017.70410958904,SC1_OK017819.1,main,main
264,41,0.101406717005696,114.560932415401,24.320896135119,114.63020315591,24.3319086771506,895.503022942434,895.401616225428,2017.60270287204,2017.70410958904,SC1_OK017813.1,main,main
262,33,0.0339393139301025,113.009280557692,24.588936378922,113.007188826136,24.5989774257102,895.503022942434,895.469083628504,2017.67017027511,2017.70410958904,SC1_OK017816.1,main,main
263,35,0.0203063308727418,113.033458892002,24.5993849705471,113.046848001117,24.5942760444912,895.503022942434,895.482716611561,2017.68380325817,2017.70410958904,SC1_OK017818.1,main,main
263,38,0.0203063308727418,113.033458892002,24.5993849705471,113.020113249604,24.5915875041323,895.503022942434,895.482716611561,2017.68380325817,2017.70410958904,SC1_OK017817.1,main,main
167,168,46.6302476211486,106.631484371491,24.5332106737832,108.192628003278,25.4691493998334,896.090702748714,849.460455127566,1971.66154177417,2018.29178939532,NA,main,main
213,214,1.94013359154249,112.224709173685,23.8274105557976,112.290845421328,23.8679902507924,896.283905636435,894.343772044892,2016.5448586915,2018.48499228304,NA,main,main
267,268,62.2675477409249,114.294101360175,25.2866420798284,115.106723929441,27.638621772338,896.330745679234,834.06319793831,1956.26428458492,2018.53183232584,NA,main,main
157,8,1.95804543030926,103.768615714912,26.1668292194925,103.577010304963,26.4725855562028,896.418091435584,894.460046005275,2016.66113265188,2018.61917808219,SC1_MW703458.1,main,main
275,277,2.23507742512369,125.396873900147,41.7063817939784,125.330614237199,41.631696063324,896.490077556041,894.255000130917,2016.45608677752,2018.69116420265,NA,main,main
204,205,5.50114413498933,102.014331394982,23.3893105927598,101.458520335819,23.5031659473083,896.66340546443,891.162261329441,2013.36334797605,2018.86449211104,NA,main,main
277,279,0.278965967250755,125.330614237199,41.631696063324,125.210771129708,41.5520771234668,896.769043523292,896.490077556041,2018.69116420265,2018.9701301699,NA,main,main
212,216,3.98487872914371,111.784502240465,23.6087331815281,111.792048873943,23.3252934543309,896.870937712443,892.886058983299,2015.08714562991,2019.07202435905,NA,main,main
268,269,0.694263426355341,115.106723929441,27.638621772338,115.13387800182,27.6586979646226,897.02500910559,896.330745679234,2018.53183232584,2019.2260957522,NA,main,main
245,246,16.0325188024142,116.291979707969,27.3758080757242,115.685317636402,27.5514750666781,897.040803937222,881.008285134807,2003.20937178142,2019.24189058383,NA,main,main
155,156,16.2477871831851,101.732531408822,21.2696729111765,101.9268004148,18.6506078129697,897.300003360965,881.05221617778,2003.25330282439,2019.50109000757,NA,main,main
154,3,19.3817963192993,101.670928150852,21.3184675813882,101.555672927705,21.3293485942988,897.316721572571,877.934925253271,2000.13601189988,2019.51780821918,SC1_EPI_ISL_412977,main,main
216,121,0.547153723141397,111.792048873943,23.3252934543309,111.791745682214,23.3238352162977,897.418091435584,896.870937712443,2019.07202435905,2019.61917808219,SC1_OK017825.1,main,main
216,120,0.547153723141397,111.792048873943,23.3252934543309,111.7952577713,23.3218359569587,897.418091435584,896.870937712443,2019.07202435905,2019.61917808219,SC1_OK017826.1,main,main
205,206,0.833422091559294,101.458520335819,23.5031659473083,101.460541220688,23.5073218189305,897.496827555989,896.66340546443,2018.86449211104,2019.6979142026,NA,main,main
226,62,2.33817493837602,111.736752779749,25.3257038317878,110.957278481967,25.767652833384,897.503022942434,895.164848004058,2017.36593465067,2019.70410958904,SC1_OK017859.1,main,main
214,118,1.21911730599895,112.290845421328,23.8679902507924,112.322995484087,24.0202748265907,897.503022942434,896.283905636435,2018.48499228304,2019.70410958904,SC1_OK017827.1,main,main
214,117,1.21911730599895,112.290845421328,23.8679902507924,112.293266715743,23.9609872497089,897.503022942434,896.283905636435,2018.48499228304,2019.70410958904,SC1_OK017828.1,main,main
206,207,0.23776799214905,101.460541220688,23.5073218189305,101.448268198969,23.5237719126136,897.734595548138,897.496827555989,2019.6979142026,2019.93568219475,NA,main,main
277,278,1.38772200941111,125.330614237199,41.631696063324,125.321512117774,41.6294000134414,897.877799565452,896.490077556041,2018.69116420265,2020.07888621206,NA,main,main
207,208,0.187356472110775,101.448268198969,23.5237719126136,101.351570085834,23.5085255543763,897.921952020249,897.734595548138,2019.93568219475,2020.12303866686,NA,main,main
275,276,3.95122074994572,125.396873900147,41.7063817939784,125.181003320335,41.4931841251829,898.206220880863,894.255000130917,2016.45608677752,2020.40730752747,NA,main,main
279,280,1.44659977441307,125.210771129708,41.5520771234668,125.113975066298,41.5467635796481,898.215643297705,896.769043523292,2018.9701301699,2020.41672994431,NA,main,main
155,4,17.1812282033842,101.732531408822,21.2696729111765,101.801644498479,21.2865058404442,898.233444381164,881.05221617778,2003.25330282439,2020.43453102777,SC1_MZ081381.1,main,main
205,209,1.57720120979566,101.458520335819,23.5031659473083,101.045927975635,23.5082329952046,898.240606674226,896.66340546443,2018.86449211104,2020.44169332083,NA,main,main
174,91,16.0826067678292,102.658526093254,24.925547155724,102.190473920541,24.9492681220569,898.252570064224,882.169963296395,2004.371049943,2020.45365671083,SC1_OK017858.1,main,main
206,77,0.755742508234764,101.460541220688,23.5073218189305,101.195349718127,23.2556834006776,898.252570064224,897.496827555989,2019.6979142026,2020.45365671083,SC1_OK017852.1,main,main
207,78,0.517974516085714,101.448268198969,23.5237719126136,101.459421865041,23.5337517034715,898.252570064224,897.734595548138,2019.93568219475,2020.45365671083,SC1_OK017855.1,main,main
208,75,0.330618043974939,101.351570085834,23.5085255543763,101.550531580044,23.4769266178222,898.252570064224,897.921952020249,2020.12303866686,2020.45365671083,SC1_OK017854.1,main,main
208,80,0.330618043974939,101.351570085834,23.5085255543763,101.323715396133,23.5297421880634,898.252570064224,897.921952020249,2020.12303866686,2020.45365671083,SC1_OK017856.1,main,main
209,79,0.0119633899984006,101.045927975635,23.5082329952046,101.078281506848,23.5193427100901,898.252570064224,898.240606674226,2020.44169332083,2020.45365671083,SC1_OK017857.1,main,main
209,76,0.0119633899984006,101.045927975635,23.5082329952046,101.055462797428,23.5064325926194,898.252570064224,898.240606674226,2020.44169332083,2020.45365671083,SC1_OK017853.1,main,main
152,2,42.7167068534403,102.607115846996,21.1376831870301,101.350145394029,13.7512131772655,898.301750392093,855.585043538653,1977.78613018526,2020.5028370387,SC1_MW251308.1,main,main
250,21,8.77310578399708,115.298299329451,29.7766594919973,115.191167243517,29.7512971428338,898.334537277339,889.561431493342,2011.76251813995,2020.53562392395,SC1_OK017802.1,main,main
251,22,7.04440088023851,115.318726737808,29.8381924540985,115.100229079292,29.805112860365,898.334537277339,891.2901363971,2013.49122304371,2020.53562392395,SC1_OK017801.1,main,main
156,6,1.05092735899689,101.9268004148,18.6506078129697,102.014519390968,18.6743791240962,898.350930719962,897.300003360965,2019.50109000757,2020.55201736657,SC1_MZ937002.1,main,main
156,5,1.05912408030827,101.9268004148,18.6506078129697,101.905432145022,18.6622727134667,898.359127441273,897.300003360965,2019.50109000757,2020.56021408788,SC1_MZ937004.1,main,main
211,124,39.5675471333445,110.549674554437,24.4650737140236,98.7837943019316,27.9936475113377,898.503936184443,858.936389051098,1981.13747569771,2020.70502283105,SC1_OK017793.1,main,main
279,135,1.73489266115115,125.210771129708,41.5520771234668,125.242711476574,41.6747481117463,898.503936184443,896.769043523292,2018.9701301699,2020.70502283105,SC1_OK017796.1,main,main
278,138,0.626136618990791,125.321512117774,41.6294000134414,125.216744708548,41.6196916134047,898.503936184443,897.877799565452,2020.07888621206,2020.70502283105,SC1_OK017798.1,main,main
278,139,0.626136618990791,125.321512117774,41.6294000134414,125.170710652849,41.6501069547433,898.503936184443,897.877799565452,2020.07888621206,2020.70502283105,SC1_OK017795.1,main,main
276,136,0.297715303579868,125.181003320335,41.4931841251829,125.008891700983,41.451059980319,898.503936184443,898.206220880863,2020.40730752747,2020.70502283105,SC1_OK017800.1,main,main
276,137,0.297715303579868,125.181003320335,41.4931841251829,125.214225485337,41.4513150622216,898.503936184443,898.206220880863,2020.40730752747,2020.70502283105,SC1_OK017797.1,main,main
280,141,0.288292886738081,125.113975066298,41.5467635796481,125.110339347945,41.5445416100274,898.503936184443,898.215643297705,2020.41672994431,2020.70502283105,SC1_OK017799.1,main,main
280,140,0.288292886738081,125.113975066298,41.5467635796481,125.106651303753,41.552908877115,898.503936184443,898.215643297705,2020.41672994431,2020.70502283105,SC1_OK017794.1,main,main
149,150,42.4130659345474,112.465682469315,26.472811692446,112.365925811567,26.5903483137858,898.829038938239,856.415973003692,1978.6170596503,2021.03012558485,NA,main,main
227,61,5.03000983435968,115.485869923684,27.6842640085368,112.70297405802,28.2287418885486,898.922201024625,893.892191190266,2016.09327783687,2021.12328767123,SC1_OK017832.1,main,main
226,63,3.75735302056761,111.736752779749,25.3257038317878,112.787437278292,26.0035467901685,898.922201024625,895.164848004058,2017.36593465067,2021.12328767123,SC1_OK017833.1,main,main
150,10,0.0931620863863174,112.365925811567,26.5903483137858,112.364372722696,26.5846974327644,898.922201024625,898.829038938239,2021.03012558485,2021.12328767123,SC1_OK017803.1,main,main
150,11,0.0931620863863174,112.365925811567,26.5903483137858,112.365405660447,26.5916245188945,898.922201024625,898.829038938239,2021.03012558485,2021.12328767123,SC1_OK017804.1,main,main
220,69,62.4347038879787,109.323988697753,28.5972401842744,108.14798290729,27.5528120611477,898.998913353392,836.564209465414,1958.76529611202,2021.2,SC1_OK017829.1,main,main
151,9,59.9877955696583,111.198234067589,26.3226528718722,111.676197942875,26.2517140012399,898.998913353392,839.011117783734,1961.21220443034,2021.2,SC1_OK017805.1,main,main
222,65,34.0989162375058,109.746189189223,26.1160167775755,111.698011146751,25.6470044883429,898.998913353392,864.899997115887,1987.10108376249,2021.2,SC1_OK017835.1,main,main
222,66,34.0989162375058,109.746189189223,26.1160167775755,109.723044072365,25.9941052550434,898.998913353392,864.899997115887,1987.10108376249,2021.2,SC1_OK017834.1,main,main
168,115,2.90821060467806,108.192628003278,25.4691493998334,108.257968221299,25.4892577551646,898.998913353392,896.090702748714,2018.29178939532,2021.2,SC1_OK017831.1,main,main
168,116,2.90821060467806,108.192628003278,25.4691493998334,108.106511469796,25.5462199552279,898.998913353392,896.090702748714,2018.29178939532,2021.2,SC1_OK017830.1,main,main
157,7,4.66379885496684,103.768615714912,26.1668292194925,103.667215515161,25.8833135229583,899.123844860242,894.460046005275,2016.66113265188,2021.32493150685,SC1_OK017806.1,main,main
265,29,19.1677951953934,116.089428952041,26.9500633042314,119.266974811936,26.5176151024682,899.166036641064,879.99824144567,2002.19932809228,2021.36712328767,SC1_OK017809.1,main,main
245,44,18.1577515062563,116.291979707969,27.3758080757242,117.17899008761,27.097269402504,899.166036641064,881.008285134807,2003.20937178142,2021.36712328767,SC1_OK017808.1,main,main
266,30,8.91540305539583,117.160497351704,27.5671213672893,117.358071038273,27.5797097480301,899.166036641064,890.250633585668,2012.45172023228,2021.36712328767,SC1_OK017810.1,main,main
266,31,8.91540305539583,117.160497351704,27.5671213672893,117.263765342889,27.5991009310937,899.166036641064,890.250633585668,2012.45172023228,2021.36712328767,SC1_OK017811.1,main,main
253,254,6.10683479984583,115.257627289066,25.2095607141594,115.246532365752,25.154787566745,899.228246518021,893.121411718175,2015.32249836478,2021.42933316463,NA,main,main
249,24,15.4510380579173,115.827019847834,25.0536575773444,115.220734715124,25.0327172222916,899.333159928735,883.882121870818,2006.08320851743,2021.53424657534,SC1_OK017837.1,main,main
252,28,13.4120925112524,115.343122869058,25.1984944284955,116.049755869,32.5326541291569,899.333159928735,885.921067417483,2008.12215406409,2021.53424657534,SC1_OK017807.1,main,main
251,23,8.0430235316346,115.318726737808,29.8381924540985,115.074797369661,29.5254430515572,899.333159928735,891.2901363971,2013.49122304371,2021.53424657534,SC1_OK017836.1,main,main
253,27,6.21174821055982,115.257627289066,25.2095607141594,115.310289148673,25.2272128506198,899.333159928735,893.121411718175,2015.32249836478,2021.53424657534,SC1_OK017838.1,main,main
227,60,5.44096873846942,115.485869923684,27.6842640085368,115.499214449341,28.4371269542538,899.333159928735,893.892191190266,2016.09327783687,2021.53424657534,SC1_OK017860.1,main,main
268,72,3.00241424950052,115.106723929441,27.638621772338,115.199372532367,27.4403984966607,899.333159928735,896.330745679234,2018.53183232584,2021.53424657534,SC1_OK017843.1,main,main
269,71,2.30815082314518,115.13387800182,27.6586979646226,115.314872214689,27.5245455598887,899.333159928735,897.02500910559,2019.2260957522,2021.53424657534,SC1_OK017842.1,main,main
269,73,2.30815082314518,115.13387800182,27.6586979646226,115.130481202463,27.6421668520245,899.333159928735,897.02500910559,2019.2260957522,2021.53424657534,SC1_OK017841.1,main,main
246,43,2.29235599151342,115.685317636402,27.5514750666781,115.653263277793,27.5892895620723,899.333159928735,897.040803937222,2019.24189058383,2021.53424657534,SC1_OK017845.1,main,main
246,42,2.29235599151342,115.685317636402,27.5514750666781,115.519579455065,27.7069455129817,899.333159928735,897.040803937222,2019.24189058383,2021.53424657534,SC1_OK017844.1,main,main
254,26,0.104913410713989,115.246532365752,25.154787566745,115.247718295844,25.1446039844754,899.333159928735,899.228246518021,2021.42933316463,2021.53424657534,SC1_OK017839.1,main,main
254,25,0.104913410713989,115.246532365752,25.154787566745,115.245462888388,25.1096158014919,899.333159928735,899.228246518021,2021.42933316463,2021.53424657534,SC1_OK017840.1,main,main
