node1,node2,length,startLon,startLat,endLon,endLat,endNodeL,startNodeL,startYear,endYear,tipLabel,startClade,endClade
175,177,15.0840045676334,110.889829130763,28.700629055348,111.344373814958,30.5923375611354,323.163840360671,308.079835793037,1954.86452401275,1969.94852858038,NA,main,main
269,273,19.9105492936566,113.800902697976,24.855902961191,113.835330665269,24.1961138664727,327.289115106779,307.378565813123,1954.16325403283,1974.07380332649,NA,main,main
269,270,20.0133302874446,113.800902697976,24.855902961191,113.907394039278,25.0906913022935,327.391896100567,307.378565813123,1954.16325403283,1974.17658432028,NA,main,main
200,201,4.14459325713784,101.511557051603,23.7525030181936,102.095668184279,23.9075302599058,328.031456977514,323.886863720376,1970.67155194009,1974.81614519723,NA,main,main
182,183,6.10820487844281,112.219841190984,33.9135160640196,112.237788665059,33.9219424845358,333.968320661991,327.860115783548,1974.64480400326,1980.7530088817,NA,main,main
148,163,16.6030209376119,116.483486576121,26.2318672820341,114.243758308008,22.6525528240996,335.419214335717,318.816193398105,1965.60088161782,1982.20390255543,NA,main,main
177,178,12.2838999203057,111.344373814958,30.5923375611354,111.245170579067,31.1997003808493,335.447740280976,323.163840360671,1969.94852858038,1982.23242850069,NA,main,main
280,281,3.6668384311801,102.561806342118,22.3440581238797,101.408769367107,21.4263564243745,335.692250352684,332.025411921504,1978.81010014121,1982.47693857239,NA,main,main
201,202,7.90140980663418,102.095668184279,23.9075302599058,102.813383506833,24.4637506831432,335.932866784148,328.031456977514,1974.81614519723,1982.71755500386,NA,main,main
182,185,8.11625782735033,112.219841190984,33.9135160640196,110.957386162814,33.883443281378,335.976373610899,327.860115783548,1974.64480400326,1982.76106183061,NA,main,main
202,224,3.50928616915836,102.813383506833,24.4637506831432,102.700334592967,24.4246168119196,339.442152953306,335.932866784148,1982.71755500386,1986.22684117302,NA,main,main
148,149,23.1466947989245,116.483486576121,26.2318672820341,116.136492490183,26.793626850182,341.962888197029,318.816193398105,1965.60088161782,1988.74757641674,NA,main,main
224,225,3.04365721796844,102.700334592967,24.4246168119196,102.847992941908,24.5390334795915,342.485810171275,339.442152953306,1986.22684117302,1989.27049839099,NA,main,main
202,203,8.25450111490821,102.813383506833,24.4637506831432,102.775734451831,24.4817335486281,344.187367899056,335.932866784148,1982.71755500386,1990.97205611877,NA,main,main
163,165,8.91580298085388,114.243758308008,22.6525528240996,114.05398850426,22.4987915068544,344.33501731657,335.419214335717,1982.20390255543,1991.11970553628,NA,main,main
203,204,0.605455565099245,102.775734451831,24.4817335486281,102.763402976512,24.4917530405946,344.792823464155,344.187367899056,1990.97205611877,1991.57751168387,NA,main,main
204,205,0.135420309093337,102.763402976512,24.4917530405946,102.892323518635,24.5959524333754,344.928243773249,344.792823464155,1991.57751168387,1991.71293199296,NA,main,main
149,161,6.54120762922629,116.136492490183,26.793626850182,116.504737211035,26.2769787253441,348.504095826255,341.962888197029,1988.74757641674,1995.28878404597,NA,main,main
149,150,7.27333788388173,116.136492490183,26.793626850182,116.948970712219,27.6695582054288,349.236226080911,341.962888197029,1988.74757641674,1996.02091430062,NA,main,main
205,212,5.71031084061344,102.892323518635,24.5959524333754,103.018921463578,24.7712740890485,350.638554613862,344.928243773249,1991.71293199296,1997.42324283357,NA,main,main
225,226,8.24156264053934,102.847992941908,24.5390334795915,103.019264169683,24.7880150419884,350.727372811814,342.485810171275,1989.27049839099,1997.51206103153,NA,main,main
205,206,6.65265598585385,102.892323518635,24.5959524333754,102.801114270215,24.6119157060669,351.580899759103,344.928243773249,1991.71293199296,1998.36558797881,NA,main,main
225,245,9.3906986925699,102.847992941908,24.5390334795915,108.697427605248,24.7027023679914,351.876508863845,342.485810171275,1989.27049839099,1998.66119708356,NA,main,main
212,213,1.45556316478047,103.018921463578,24.7712740890485,102.996184187824,24.6643236010336,352.094117778643,350.638554613862,1997.42324283357,1998.87880599835,NA,main,main
178,179,17.8632636179187,111.245170579067,31.1997003808493,111.078200477975,30.4963256027763,353.311003898895,335.447740280976,1982.23242850069,2000.09569211861,NA,main,main
206,207,2.23182437696809,102.801114270215,24.6119157060669,102.772687077335,24.564602912649,353.812724136071,351.580899759103,1998.36558797881,2000.59741235578,NA,main,main
150,154,5.04111135715922,116.948970712219,27.6695582054288,117.653915779331,28.0817424352658,354.27733743807,349.236226080911,1996.02091430062,2001.06202565778,NA,main,main
226,240,4.05990371167999,103.019264169683,24.7880150419884,105.24637717831,25.752854701224,354.787276523494,350.727372811814,1997.51206103153,2001.57196474321,NA,main,main
150,151,5.55417683262709,116.948970712219,27.6695582054288,116.790286646529,27.3182525566346,354.790402913538,349.236226080911,1996.02091430062,2001.57509113325,NA,main,main
226,227,4.13326573458041,103.019264169683,24.7880150419884,102.48105134366,24.6393916117524,354.860638546395,350.727372811814,1997.51206103153,2001.64532676611,NA,main,main
161,162,6.79768363184757,116.504737211035,26.2769787253441,122.041723673834,30.1466762151727,355.301779458103,348.504095826255,1995.28878404597,2002.08646767781,NA,main,main
203,218,11.528181851013,102.775734451831,24.4817335486281,102.6984205155,24.6485109823592,355.715549750069,344.187367899056,1990.97205611877,2002.50023796978,NA,main,main
207,209,2.00613308704908,102.772687077335,24.564602912649,102.951822666574,24.6779352479408,355.81885722312,353.812724136071,2000.59741235578,2002.60354544283,NA,main,main
154,155,1.99320756468433,117.653915779331,28.0817424352658,117.428630958979,27.9346473110921,356.270545002754,354.27733743807,2001.06202565778,2003.05523322247,NA,main,main
179,180,3.12806591835193,111.078200477975,30.4963256027763,111.191137991327,30.5013839067651,356.439069817247,353.311003898895,2000.09569211861,2003.22375803696,NA,main,main
281,282,21.0392850716064,101.408769367107,21.4263564243745,100.96592561678,21.8925573007185,356.73153542429,335.692250352684,1982.47693857239,2003.516223644,NA,main,main
180,43,0.814598127425157,111.191137991327,30.5013839067651,111.526913311035,30.559716509038,357.253667944672,356.439069817247,2003.22375803696,2004.03835616438,SC1_DQ648857.1,main,main
240,241,2.59918043646862,105.24637717831,25.752854701224,104.907202316786,25.2490225575449,357.386456959963,354.787276523494,2001.57196474321,2004.17114517967,NA,main,main
213,214,5.45635336691972,102.996184187824,24.6643236010336,102.860980142045,24.6072610277131,357.550471145562,352.094117778643,1998.87880599835,2004.33515936527,NA,main,main
165,166,13.4435439162784,114.05398850426,22.4987915068544,114.295953030777,22.0865060799143,357.778561232849,344.33501731657,1991.11970553628,2004.56324945256,NA,main,main
166,167,0.100133414836897,114.295953030777,22.0865060799143,114.320065033182,22.1069825604186,357.878694647686,357.778561232849,2004.56324945256,2004.6633828674,NA,main,main
167,168,0.0524583696628831,114.320065033182,22.1069825604186,114.231443915205,22.1001551864818,357.931153017349,357.878694647686,2004.6633828674,2004.71584123706,NA,main,main
168,169,0.149638646893912,114.231443915205,22.1001551864818,114.159893128846,22.1581990554987,358.080791664242,357.931153017349,2004.71584123706,2004.86547988395,NA,main,main
179,44,4.77599737911034,111.078200477975,30.4963256027763,111.197844634972,30.818179026115,358.087001278005,353.311003898895,2000.09569211861,2004.87168949772,SC1_DQ412042.1,main,main
180,42,1.64793146075841,111.191137991327,30.5013839067651,111.164207127911,30.4856459666279,358.087001278005,356.439069817247,2003.22375803696,2004.87168949772,SC1_DQ412043.1,main,main
245,54,6.29245962727567,108.697427605248,24.7027023679914,108.381372570048,22.6798507575013,358.16896849112,351.876508863845,1998.66119708356,2004.95365671083,SC1_DQ071615.1,main,main
169,174,0.25179616565454,114.159893128846,22.1581990554987,114.069757594746,22.1825894929811,358.332587829897,358.080791664242,2004.86547988395,2005.11727604961,NA,main,main
174,12,0.049847238062803,114.069757594746,22.1825894929811,114.03870225493,22.2252919790589,358.38243506796,358.332587829897,2005.11727604961,2005.16712328767,SC1_DQ022305.2,main,main
166,13,0.623051917302764,114.295953030777,22.0865060799143,114.417038046082,22.2295310343463,358.401613150152,357.778561232849,2004.56324945256,2005.18630136986,SC1_DQ084199.1,main,main
168,20,0.527994379378399,114.231443915205,22.1001551864818,114.236754633133,22.1132225434944,358.459147396727,357.931153017349,2004.71584123706,2005.24383561644,SC1_DQ084200.1,main,main
169,170,0.383585924773598,114.159893128846,22.1581990554987,114.178264699286,22.156427113433,358.464377589016,358.080791664242,2004.86547988395,2005.24906580873,NA,main,main
170,171,0.314451373308209,114.178264699286,22.156427113433,114.200976599917,22.2042784697726,358.778828962324,358.464377589016,2005.24906580873,2005.56351718204,NA,main,main
245,246,6.91902835281874,108.697427605248,24.7027023679914,111.990970215951,24.3974764003169,358.795537216663,351.876508863845,1998.66119708356,2005.58022543637,NA,main,main
167,21,1.09278151616462,114.320065033182,22.1069825604186,114.178041439072,22.1580008869618,358.97147616385,357.878694647686,2004.6633828674,2005.75616438356,SC1_GQ153539.1,main,main
171,15,0.192647201526015,114.200976599917,22.2042784697726,114.202327555151,22.209026926064,358.97147616385,358.778828962324,2005.56351718204,2005.75616438356,SC1_GQ153540.1,main,main
163,164,23.6208646165898,114.243758308008,22.6525528240996,114.020268091183,22.4318617606184,359.040078952306,335.419214335717,1982.20390255543,2005.82476717202,NA,main,main
224,263,19.7052627648723,102.700334592967,24.4246168119196,103.078703984237,24.5198520900697,359.147415718179,339.442152953306,1986.22684117302,2005.93210393789,NA,main,main
174,14,0.877244498336786,114.069757594746,22.1825894929811,114.054125619846,22.1317390942981,359.209832328234,358.332587829897,2005.11727604961,2005.99452054795,SC1_GQ153541.1,main,main
240,76,4.46639142117806,105.24637717831,25.752854701224,105.754016412866,26.3328731724733,359.253667944672,354.787276523494,2001.57196474321,2006.03835616438,SC1_FJ588686.1,main,main
154,157,5.02954095237741,117.653915779331,28.0817424352658,117.586491224521,27.9923070002393,359.306878390447,354.27733743807,2001.06202565778,2006.09156661016,NA,main,main
164,23,0.336876663598863,114.020268091183,22.4318617606184,114.072870244773,22.3653868759751,359.376955615905,359.040078952306,2005.82476717202,2006.16164383562,SC1_GQ153542.1,main,main
164,24,0.336876663598863,114.020268091183,22.4318617606184,114.050922204315,22.4511151436494,359.376955615905,359.040078952306,2005.82476717202,2006.16164383562,SC1_GQ153543.1,main,main
171,172,0.80522851869455,114.200976599917,22.2042784697726,114.208381906528,22.2514627643851,359.584057481019,358.778828962324,2005.56351718204,2006.36874570073,NA,main,main
214,215,2.24068924544748,102.860980142045,24.6072610277131,102.80022761851,24.5843949048364,359.79116039101,357.550471145562,2004.33515936527,2006.57584861072,NA,main,main
172,173,0.243583020182676,114.208381906528,22.2514627643851,114.228530590664,22.246038671381,359.827640501202,359.584057481019,2006.36874570073,2006.61232872091,NA,main,main
172,18,0.324404984201335,114.208381906528,22.2514627643851,114.097401727123,22.5820471452962,359.90846246522,359.584057481019,2006.36874570073,2006.69315068493,SC1_GQ153545.1,main,main
173,17,0.0808219640186589,114.228530590664,22.246038671381,114.372026755231,22.4055312357159,359.90846246522,359.827640501202,2006.61232872091,2006.69315068493,SC1_GQ153544.1,main,main
227,228,5.13450905205736,102.48105134366,24.6393916117524,101.70182159007,25.200884950976,359.995147598452,354.860638546395,2001.64532676611,2006.77983581816,NA,main,main
215,216,0.373301970920693,102.80022761851,24.5843949048364,102.888048539594,24.7802097025084,360.164462361931,359.79116039101,2006.57584861072,2006.94915058164,NA,main,main
227,230,5.4779155150764,102.48105134366,24.6393916117524,102.481279302229,24.671815878237,360.338554061471,354.860638546395,2001.64532676611,2007.12324228118,NA,main,main
173,16,0.604109635251424,114.228530590664,22.246038671381,114.209449438313,22.2265224263077,360.431750136453,359.827640501202,2006.61232872091,2007.21643835616,SC1_GQ153546.1,main,main
165,22,16.285773915773,114.05398850426,22.4987915068544,114.074591522015,22.4979553088042,360.620791232343,344.33501731657,1991.11970553628,2007.40547945205,SC1_GQ153547.1,main,main
170,19,2.66052323236851,114.178264699286,22.156427113433,114.233829412088,22.1687035566646,361.124900821385,358.464377589016,2005.24906580873,2007.9095890411,SC1_GQ153548.1,main,main
151,152,7.01521226798568,116.790286646529,27.3182525566346,117.240866198351,27.90538533536,361.805615181524,354.790402913538,2001.57509113325,2008.59030340123,NA,main,main
155,156,5.57507222678214,117.428630958979,27.9346473110921,117.401337168119,27.8149730540038,361.845617229536,356.270545002754,2003.05523322247,2008.63030544925,NA,main,main
270,271,35.0422685203959,113.907394039278,25.0906913022935,115.018994202412,23.1922852683185,362.434164620963,327.391896100567,1974.17658432028,2009.21885284067,NA,main,main
241,243,5.39882260565276,104.907202316786,25.2490225575449,109.493192197941,27.4211865421494,362.785279565615,357.386456959963,2004.17114517967,2009.56996778533,NA,main,main
207,208,9.45933859960959,102.772687077335,24.564602912649,102.998479926906,24.6540995884154,363.27206273568,353.812724136071,2000.59741235578,2010.05675095539,NA,main,main
263,264,4.8072306941295,103.078703984237,24.5198520900697,103.08710630857,25.1106673584958,363.954646412308,359.147415718179,2005.93210393789,2010.73933463202,NA,main,main
274,49,23.3435354791527,99.3373860608485,24.3189087712898,98.0087374284187,24.0804869855484,364.253667944672,340.910132465519,1987.69482068523,2011.03835616438,SC1_JX993988.1,main,main
274,48,23.3435354791527,99.3373860608485,24.3189087712898,99.2378098693001,25.3953171261042,364.253667944672,340.910132465519,1987.69482068523,2011.03835616438,SC1_KF569996.1,main,main
264,96,0.589432491268244,103.08710630857,25.1106673584958,103.028348147082,25.115251854225,364.544078903576,363.954646412308,2010.73933463202,2011.32876712329,SC1_KC881005.1,main,main
188,189,1.73664927280333,125.534065280032,36.0298717071622,125.996077913034,41.4814883225552,364.674482883545,362.937833610741,2009.72252183045,2011.45917110326,NA,main,main
246,247,5.89519252720261,111.990970215951,24.3974764003169,112.619030113157,24.3603971060013,364.690729743866,358.795537216663,2005.58022543637,2011.47541796358,NA,main,main
264,265,0.762078858380498,103.08710630857,25.1106673584958,102.968336107855,24.7791771215791,364.716725270689,363.954646412308,2010.73933463202,2011.5014134904,NA,main,main
265,266,0.13736589570099,102.968336107855,24.7791771215791,103.172085423921,24.841939958023,364.85409116639,364.716725270689,2011.5014134904,2011.6387793861,NA,main,main
185,186,28.8909384220902,110.957386162814,33.883443281378,113.165529604374,35.9628452665608,364.867312032989,335.976373610899,1982.76106183061,2011.6520002527,NA,main,main
183,141,30.9511007073386,112.237788665059,33.9219424845358,109.534874348948,34.3818310906073,364.91942136933,333.968320661991,1980.7530088817,2011.70410958904,SC1_JX993987.1,main,main
157,158,5.73965974634587,117.586491224521,27.9923070002393,117.596709540267,27.9947217557545,365.046538136793,359.306878390447,2006.09156661016,2011.8312263565,NA,main,main
216,217,4.8888806867569,102.888048539594,24.7802097025084,102.739056336422,24.9198054858498,365.053343048688,360.164462361931,2006.94915058164,2011.8380312684,NA,main,main
201,53,37.2222109671584,102.095668184279,23.9075302599058,98.640140974351,24.6022232270473,365.253667944672,328.031456977514,1974.81614519723,2012.03835616438,SC1_KU973692.1,main,main
155,30,8.98312294191791,117.428630958979,27.9346473110921,119.017441563116,27.9308621055675,365.253667944672,356.270545002754,2003.05523322247,2012.03835616438,SC1_KF294457.1,main,main
189,134,0.579185061127456,125.996077913034,41.4814883225552,126.101077817067,41.050090049767,365.253667944672,364.674482883545,2011.45917110326,2012.03835616438,SC1_KJ473811.1,main,main
186,137,0.386355911683285,113.165529604374,35.9628452665608,112.615454844517,35.1922479421661,365.253667944672,364.867312032989,2011.6520002527,2012.03835616438,SC1_KY770860.1,main,main
241,242,7.96410592693018,104.907202316786,25.2490225575449,105.362095710271,25.1381146741336,365.350562886893,357.386456959963,2004.17114517967,2012.1352511066,NA,main,main
189,190,0.758428412977457,125.996077913034,41.4814883225552,125.859592210528,41.5919885406537,365.432911296522,364.674482883545,2011.45917110326,2012.21759951623,NA,main,main
247,249,0.750364626312029,112.619030113157,24.3603971060013,112.602558429976,24.3999482552832,365.441094370178,364.690729743866,2011.47541796358,2012.22578258989,NA,main,main
265,93,0.750057428081885,102.968336107855,24.7791771215791,102.912422266628,24.7382677224719,365.466782698771,364.716725270689,2011.5014134904,2012.25147091848,SC1_KC881006.1,main,main
228,229,5.79182036215722,101.70182159007,25.200884950976,101.813031554969,25.1149898249891,365.786967960609,359.995147598452,2006.77983581816,2012.57165618032,NA,main,main
186,187,0.974401682941838,113.165529604374,35.9628452665608,113.219726419728,36.0195012125787,365.841713715931,364.867312032989,2011.6520002527,2012.62640193564,NA,main,main
266,94,1.0662434449493,103.172085423921,24.841939958023,103.069877582985,24.7654983494128,365.920334611339,364.85409116639,2011.6387793861,2012.70502283105,SC1_KF367457.1,main,main
209,114,10.1479254756507,102.951822666574,24.6779352479408,102.659289226039,24.8682969478808,365.966782698771,355.81885722312,2002.60354544283,2012.75147091848,SC1_KY417145.1,main,main
209,99,10.1479254756507,102.951822666574,24.6779352479408,102.923092213008,24.8721623168026,365.966782698771,355.81885722312,2002.60354544283,2012.75147091848,SC1_KY417143.1,main,main
263,97,6.81936698059188,103.078703984237,24.5198520900697,102.832870751811,24.8249016287023,365.966782698771,359.147415718179,2005.93210393789,2012.75147091848,SC1_KY417144.1,main,main
177,40,43.0898275840015,111.344373814958,30.5923375611354,111.569874821522,30.2005888143599,366.253667944672,323.163840360671,1969.94852858038,2013.03835616438,SC1_KJ473814.1,main,main
204,98,21.4608444805167,102.763402976512,24.4917530405946,102.726698253547,24.8993798243472,366.253667944672,344.792823464155,1991.57751168387,2013.03835616438,SC1_KJ473816.1,main,main
246,72,7.45813072800875,111.990970215951,24.3974764003169,111.492931502891,24.5796869890587,366.253667944672,358.795537216663,2005.58022543637,2013.03835616438,SC1_KJ473815.1,main,main
242,77,0.903105057779264,105.362095710271,25.1381146741336,105.371507598653,24.9641088900378,366.253667944672,365.350562886893,2012.1352511066,2013.03835616438,SC1_KY770859.1,main,main
242,78,0.903105057779264,105.362095710271,25.1381146741336,105.272539991469,25.1934544507887,366.253667944672,365.350562886893,2012.1352511066,2013.03835616438,SC1_KY770858.1,main,main
187,135,0.411954228741447,113.219726419728,36.0195012125787,113.222468347234,36.0285942923825,366.253667944672,365.841713715931,2012.62640193564,2013.03835616438,SC1_KJ473813.1,main,main
187,136,0.411954228741447,113.219726419728,36.0195012125787,114.316538166705,36.2903389166364,366.253667944672,365.841713715931,2012.62640193564,2013.03835616438,SC1_KJ473812.1,main,main
230,233,6.0355226227113,102.481279302229,24.671815878237,102.608654313319,24.6649238144979,366.374076684182,360.338554061471,2007.12324228118,2013.15876490389,NA,main,main
214,102,8.99360775801397,102.860980142045,24.6072610277131,102.75715804892,24.6764217376167,366.544078903576,357.550471145562,2004.33515936527,2013.32876712329,SC1_KY417148.1,main,main
215,106,6.7529185125665,102.80022761851,24.5843949048364,103.033886324728,24.8546347391614,366.544078903576,359.79116039101,2006.57584861072,2013.32876712329,SC1_KY417146.1,main,main
216,105,6.3796165416458,102.888048539594,24.7802097025084,102.824159549541,24.8242111842358,366.544078903576,360.164462361931,2006.94915058164,2013.32876712329,SC1_KY417149.1,main,main
233,92,0.170002219394146,102.608654313319,24.6649238144979,102.596460319883,24.6452615558545,366.544078903576,366.374076684182,2013.15876490389,2013.32876712329,SC1_KY417147.1,main,main
229,80,0.855741079953496,101.813031554969,25.1149898249891,101.828350842365,25.3159004372116,366.642709040563,365.786967960609,2012.57165618032,2013.42739726027,SC1_KP886808.1,main,main
229,81,0.855741079953496,101.813031554969,25.1149898249891,101.910453309164,24.9846478671414,366.642709040563,365.786967960609,2012.57165618032,2013.42739726027,SC1_KP886809.1,main,main
249,250,1.28777873474875,112.602558429976,24.3999482552832,112.593995150661,24.3654828624335,366.728873104927,365.441094370178,2012.22578258989,2013.51356132464,NA,main,main
217,104,1.75100982749149,102.739056336422,24.9198054858498,102.590629611675,24.9828174248609,366.804352876179,365.053343048688,2011.8380312684,2013.58904109589,SC1_KT444582.1,main,main
217,103,1.75100982749149,102.739056336422,24.9198054858498,102.954972601529,25.0457796955433,366.804352876179,365.053343048688,2011.8380312684,2013.58904109589,SC1_KY417150.1,main,main
190,133,1.40157856595818,125.859592210528,41.5919885406537,125.872153987961,41.7313157878131,366.83448986248,365.432911296522,2012.21759951623,2013.61917808219,SC1_KU182964.1,main,main
266,95,2.7584808878716,103.172085423921,24.841939958023,102.64860572749,25.1221119440325,367.612572054261,364.85409116639,2011.6387793861,2014.39726027397,SC1_KY417142.1,main,main
230,231,7.71587204713806,102.481279302229,24.671815878237,102.638191668167,24.8266184165141,368.054426108609,360.338554061471,2007.12324228118,2014.83911432832,NA,main,main
231,84,0.0102007401727962,102.638191668167,24.8266184165141,102.642842989982,24.8317089037642,368.064626848782,368.054426108609,2014.83911432832,2014.84931506849,SC1_KY417151.1,main,main
162,38,13.4477788975283,122.041723673834,30.1466762151727,122.252365300228,29.8526118948967,368.749558355631,355.301779458103,2002.08646767781,2015.53424657534,SC1_MG772934.1,main,main
231,232,0.739401725819016,102.638191668167,24.8266184165141,102.699730372208,24.8695837430588,368.793827834428,368.054426108609,2014.83911432832,2015.57851605414,NA,main,main
250,251,2.20097461863328,112.593995150661,24.3654828624335,112.650231271573,24.3358201802839,368.92984772356,366.728873104927,2013.51356132464,2015.71453594327,NA,main,main
190,191,3.58385691275077,125.859592210528,41.5919885406537,124.284183704538,41.6190069758981,369.016768209273,365.432911296522,2012.21759951623,2015.80145642898,NA,main,main
232,82,0.248881206134466,102.699730372208,24.8695837430588,102.609386261774,24.7457492607208,369.042709040562,368.793827834428,2015.57851605414,2015.82739726027,SC1_KY417152.1,main,main
233,234,2.70418717354687,102.608654313319,24.6649238144979,102.36531330664,24.6200743248217,369.078263857729,366.374076684182,2013.15876490389,2015.86295207744,NA,main,main
234,235,0.119304505911071,102.36531330664,24.6200743248217,102.308671611277,24.5741888057051,369.19756836364,369.078263857729,2015.86295207744,2015.98225658335,NA,main,main
234,237,0.203017582743692,102.36531330664,24.6200743248217,102.288650101021,24.5918462697894,369.281281440473,369.078263857729,2015.86295207744,2016.06596966018,NA,main,main
251,252,0.520386400820202,112.650231271573,24.3358201802839,112.872760658586,24.4647119465291,369.45023412438,368.92984772356,2015.71453594327,2016.23492234409,NA,main,main
235,236,0.257527781454415,102.308671611277,24.5741888057051,101.817660304292,24.4226092400438,369.455096145095,369.19756836364,2015.98225658335,2016.23978436481,NA,main,main
188,125,6.60818406070669,125.534065280032,36.0298717071622,127.128899413078,35.5101691514037,369.546017671448,362.937833610741,2009.72252183045,2016.33070589116,SC1_KY938558.1,main,main
237,238,0.3215567753485,102.288650101021,24.5918462697894,102.274786804525,24.5702003881346,369.602838215821,369.281281440473,2016.06596966018,2016.38752643553,NA,main,main
252,253,0.179326718596028,112.872760658586,24.4647119465291,113.485246382564,24.3968013538636,369.629560842976,369.45023412438,2016.23492234409,2016.41424906269,NA,main,main
247,248,4.96278624087756,112.619030113157,24.3603971060013,113.706299104912,24.5700236004052,369.653515984744,364.690729743866,2011.47541796358,2016.43820420445,NA,main,main
238,239,0.0901390604288377,102.274786804525,24.5702003881346,102.283018752835,24.5544017867558,369.69297727625,369.602838215821,2016.38752643553,2016.47766549596,NA,main,main
271,121,7.31677108327164,115.018994202412,23.1922852683185,114.824340492264,23.0036541053494,369.750935704235,362.434164620963,2009.21885284067,2016.53562392395,SC1_OK017812.1,main,main
185,138,33.8592615468882,110.957386162814,33.883443281378,104.394727239452,31.3247400768726,369.835635157787,335.976373610899,1982.76106183061,2016.6203233775,SC1_OK017846.1,main,main
237,90,0.554353717314069,102.288650101021,24.5918462697894,102.443419995223,24.7021031840202,369.835635157787,369.281281440473,2016.06596966018,2016.6203233775,SC1_OK017847.1,main,main
236,89,0.380539012692276,101.817660304292,24.4226092400438,101.831088020686,24.407983793952,369.835635157787,369.455096145095,2016.23978436481,2016.6203233775,SC1_OK017848.1,main,main
238,86,0.232796941965569,102.274786804525,24.5702003881346,102.403111891738,24.675135665524,369.835635157787,369.602838215821,2016.38752643553,2016.6203233775,SC1_OK017849.1,main,main
239,85,0.142657881536731,102.283018752835,24.5544017867558,101.612395799349,23.5398160935694,369.835635157787,369.69297727625,2016.47766549596,2016.6203233775,SC1_OK017850.1,main,main
239,91,0.142657881536731,102.283018752835,24.5544017867558,102.301212076149,24.5821188783688,369.835635157787,369.69297727625,2016.47766549596,2016.6203233775,SC1_OK017851.1,main,main
252,256,0.420675990167209,112.872760658586,24.4647119465291,112.903137779978,24.4501008819663,369.870910114548,369.45023412438,2016.23492234409,2016.65559833426,NA,main,main
183,184,35.9230479821614,112.237788665059,33.9219424845358,111.251899970676,28.0728770058768,369.891368644153,333.968320661991,1980.7530088817,2016.67605686386,NA,main,main
228,79,9.92518701288703,101.70182159007,25.200884950976,102.245579689409,25.2366517047878,369.920334611339,359.995147598452,2006.77983581816,2016.70502283105,SC1_MK211375.1,main,main
232,83,1.12650677691091,102.699730372208,24.8695837430588,102.765348365598,24.897961244396,369.920334611339,368.793827834428,2015.57851605414,2016.70502283105,SC1_MK211377.1,main,main
235,88,0.722766247698739,102.308671611277,24.5741888057051,102.338423392751,24.5808992697308,369.920334611339,369.19756836364,2015.98225658335,2016.70502283105,SC1_MK211376.1,main,main
236,87,0.465238466244324,101.817660304292,24.4226092400438,101.838728000874,24.4205588058621,369.920334611339,369.455096145095,2016.23978436481,2016.70502283105,SC1_MK211378.1,main,main
152,153,8.51666205914425,117.240866198351,27.90538533536,114.555035882936,30.1311555968125,370.322277240668,361.805615181524,2008.59030340123,2017.10696546038,NA,main,main
162,39,15.0368199934186,122.041723673834,30.1466762151727,121.950166411137,30.041718161005,370.338599451521,355.301779458103,2002.08646767781,2017.12328767123,SC1_MG772933.1,main,main
271,272,8.082460107652,115.018994202412,23.1922852683185,114.654575907815,23.2501481289479,370.516624728615,362.434164620963,2009.21885284067,2017.30131294833,NA,main,main
256,257,0.675705024962987,112.903137779978,24.4501008819663,112.951354312633,24.4410252186837,370.54661513951,369.870910114548,2016.65559833426,2017.33130335922,NA,main,main
253,254,1.03117710723405,113.485246382564,24.3968013538636,113.34198688661,24.2180718250116,370.66073795021,369.629560842976,2016.41424906269,2017.44542616992,NA,main,main
254,255,0.116633266682511,113.34198688661,24.2180718250116,113.360325002443,24.2072503435833,370.777371216893,370.66073795021,2017.44542616992,2017.5620594366,NA,main,main
218,113,15.1189401124112,102.6984205155,24.6485109823592,111.62526183456,22.9188736284527,370.83448986248,355.715549750069,2002.50023796978,2017.61917808219,SC1_OK017792.1,main,main
273,120,43.6303062625503,113.835330665269,24.1961138664727,113.490423185494,22.790650020894,370.91942136933,327.289115106779,1974.07380332649,2017.70410958904,SC1_OK017823.1,main,main
253,61,1.28986052635347,113.485246382564,24.3968013538636,113.349128509062,24.2971785937491,370.91942136933,369.629560842976,2016.41424906269,2017.70410958904,SC1_OK017815.1,main,main
248,70,1.2659053845862,113.706299104912,24.5700236004052,113.735917086585,24.6463208991995,370.91942136933,369.653515984744,2016.43820420445,2017.70410958904,SC1_OK017822.1,main,main
248,71,1.2659053845862,113.706299104912,24.5700236004052,113.297759022658,23.9371574787188,370.91942136933,369.653515984744,2016.43820420445,2017.70410958904,SC1_OK017824.1,main,main
256,63,1.04851125478229,112.903137779978,24.4501008819663,112.813676350709,24.4278776909743,370.91942136933,369.870910114548,2016.65559833426,2017.70410958904,SC1_OK017818.1,main,main
272,123,0.402796640714394,114.654575907815,23.2501481289479,114.730364455029,23.5077381679622,370.91942136933,370.516624728615,2017.30131294833,2017.70410958904,SC1_OK017813.1,main,main
272,122,0.402796640714394,114.654575907815,23.2501481289479,114.720762465474,23.2903070872436,370.91942136933,370.516624728615,2017.30131294833,2017.70410958904,SC1_OK017819.1,main,main
257,64,0.372806229819306,112.951354312633,24.4410252186837,112.245421909988,25.0213944608736,370.91942136933,370.54661513951,2017.33130335922,2017.70410958904,SC1_OK017820.1,main,main
257,60,0.372806229819306,112.951354312633,24.4410252186837,112.903868472448,24.4523359574999,370.91942136933,370.54661513951,2017.33130335922,2017.70410958904,SC1_OK017817.1,main,main
254,62,0.258683419119429,113.34198688661,24.2180718250116,113.325258843979,24.0553075199397,370.91942136933,370.66073795021,2017.44542616992,2017.70410958904,SC1_OK017814.1,main,main
255,66,0.142050152436918,113.360325002443,24.2072503435833,113.388133911761,24.379805858825,370.91942136933,370.777371216893,2017.5620594366,2017.70410958904,SC1_OK017816.1,main,main
255,65,0.142050152436918,113.360325002443,24.2072503435833,113.386954708151,24.0808807488673,370.91942136933,370.777371216893,2017.5620594366,2017.70410958904,SC1_OK017821.1,main,main
251,258,2.04140171446169,112.650231271573,24.3358201802839,115.186717030998,25.6107055767601,370.971249438022,368.92984772356,2015.71453594327,2017.75593765773,NA,main,main
218,219,15.7247682165922,102.6984205155,24.6485109823592,101.932106468264,25.401117502851,371.440317966661,355.715549750069,2002.50023796978,2018.22500618637,NA,main,main
208,118,8.56242712680005,102.998479926906,24.6540995884154,102.60701097953,24.338148617323,371.83448986248,363.27206273568,2010.05675095539,2018.61917808219,SC1_MW703458.1,main,main
191,193,3.13132382684601,124.284183704538,41.6190069758981,124.264029112018,41.2468445615154,372.148092036119,369.016768209273,2015.80145642898,2018.93278025583,NA,main,main
219,220,0.852995796050313,101.932106468264,25.401117502851,102.018037072286,25.4244682493876,372.293313762712,371.440317966661,2018.22500618637,2019.07800198242,NA,main,main
249,261,7.05435329311201,112.602558429976,24.3999482552832,112.006383003542,24.2973257048542,372.49544766329,365.441094370178,2012.22578258989,2019.280135883,NA,main,main
250,260,5.90096766235337,112.593995150661,24.3654828624335,112.574697531854,24.3876538753522,372.62984076728,366.728873104927,2013.51356132464,2019.41452898699,NA,main,main
261,262,0.170318186474976,112.006383003542,24.2973257048542,111.945236337452,24.2323467143559,372.665765849765,372.49544766329,2019.280135883,2019.45045406948,NA,main,main
193,196,0.521024018027891,124.264029112018,41.2468445615154,124.189566683804,41.2244576048765,372.669116054147,372.148092036119,2018.93278025583,2019.45380427386,NA,main,main
191,192,3.68861610218688,124.284183704538,41.6190069758981,123.959252609914,41.7219867589294,372.70538431146,369.016768209273,2015.80145642898,2019.49007253117,NA,main,main
281,9,37.0408696467831,101.408769367107,21.4263564243745,101.530202306774,21.3959067302369,372.733119999467,335.692250352684,1982.47693857239,2019.51780821918,SC1_EPI_ISL_412977,main,main
220,221,0.4549493216393,102.018037072286,25.4244682493876,101.159372704914,25.7319911221975,372.748263084351,372.293313762712,2019.07800198242,2019.53295130406,NA,main,main
221,223,0.0321976058008255,101.159372704914,25.7319911221975,101.341628059631,25.8220336939115,372.780460690152,372.748263084351,2019.53295130406,2019.56514890986,NA,main,main
260,55,0.204649095200172,112.574697531854,24.3876538753522,112.550313459066,24.4828148610839,372.83448986248,372.62984076728,2019.41452898699,2019.61917808219,SC1_OK017826.1,main,main
260,56,0.204649095200172,112.574697531854,24.3876538753522,112.438254526373,24.485936673612,372.83448986248,372.62984076728,2019.41452898699,2019.61917808219,SC1_OK017825.1,main,main
193,194,0.75386717680437,124.264029112018,41.2468445615154,124.409281610758,41.2329943161125,372.901959212923,372.148092036119,2018.93278025583,2019.68664743263,NA,main,main
261,69,0.423973706039724,112.006383003542,24.2973257048542,112.06936790399,24.3328791901795,372.91942136933,372.49544766329,2019.280135883,2019.70410958904,SC1_OK017827.1,main,main
262,68,0.253655519564748,111.945236337452,24.2323467143559,111.906064226941,24.2015389518894,372.91942136933,372.665765849765,2019.45045406948,2019.70410958904,SC1_OK017828.1,main,main
262,67,0.253655519564748,111.945236337452,24.2323467143559,111.943475364912,24.2924670438259,372.91942136933,372.665765849765,2019.45045406948,2019.70410958904,SC1_OK017859.1,main,main
221,222,0.630092234462472,101.159372704914,25.7319911221975,101.159009019674,25.8660979909751,373.378355318813,372.748263084351,2019.53295130406,2020.16304353852,NA,main,main
175,176,65.3238981790325,110.889829130763,28.700629055348,110.860731075143,28.507080802471,373.40373397207,308.079835793037,1954.86452401275,2020.18842219178,NA,main,main
282,283,16.8437842850216,100.96592561678,21.8925573007185,102.344848835926,18.7502841122208,373.575319709312,356.73153542429,2003.516223644,2020.36000792902,NA,main,main
282,6,16.9183073837701,100.96592561678,21.8925573007185,101.610280624144,21.7012054479688,373.64984280806,356.73153542429,2003.516223644,2020.43453102777,SC1_MZ081381.1,main,main
258,259,2.6874001459405,115.186717030998,25.6107055767601,115.372860372094,25.595769475831,373.658649583962,370.971249438022,2017.75593765773,2020.44333780367,NA,main,main
213,100,21.5748507124777,102.996184187824,24.6643236010336,103.056491270915,24.6961804613205,373.66896849112,352.094117778643,1998.87880599835,2020.45365671083,SC1_OK017858.1,main,main
219,109,2.22865052445902,101.932106468264,25.401117502851,102.056193940837,25.4043868534357,373.66896849112,371.440317966661,2018.22500618637,2020.45365671083,SC1_OK017855.1,main,main
220,112,1.3756547284087,102.018037072286,25.4244682493876,102.046920194317,25.3100003291326,373.66896849112,372.293313762712,2019.07800198242,2020.45365671083,SC1_OK017854.1,main,main
223,111,0.888507800968577,101.341628059631,25.8220336939115,101.028204950904,25.6694762292701,373.66896849112,372.780460690152,2019.56514890986,2020.45365671083,SC1_OK017852.1,main,main
223,110,0.888507800968577,101.341628059631,25.8220336939115,100.618698406071,25.5055650817311,373.66896849112,372.780460690152,2019.56514890986,2020.45365671083,SC1_OK017857.1,main,main
222,107,0.290613172306931,101.159009019674,25.8660979909751,101.214006100017,25.8762731129351,373.66896849112,373.378355318813,2020.16304353852,2020.45365671083,SC1_OK017856.1,main,main
222,108,0.290613172306931,101.159009019674,25.8660979909751,101.151640459822,25.8921321726445,373.66896849112,373.378355318813,2020.16304353852,2020.45365671083,SC1_OK017853.1,main,main
280,10,41.6927368974855,102.561806342118,22.3440581238797,100.945345558349,13.5112400804729,373.718148818989,332.025411921504,1978.81010014121,2020.5028370387,SC1_MW251308.1,main,main
206,210,22.1687077108138,102.801114270215,24.6119157060669,105.229009589054,25.4294971225374,373.749607469916,351.580899759103,1998.36558797881,2020.53429568963,NA,main,main
153,34,3.42865846356732,114.555035882936,30.1311555968125,114.599455768888,30.2291077705811,373.750935704235,370.322277240668,2017.10696546038,2020.53562392395,SC1_OK017801.1,main,main
153,35,3.42865846356732,114.555035882936,30.1311555968125,114.167214054501,30.1434853289184,373.750935704235,370.322277240668,2017.10696546038,2020.53562392395,SC1_OK017802.1,main,main
194,195,0.863620852258142,124.409281610758,41.2329943161125,124.376072797014,41.2243557996511,373.765580065181,372.901959212923,2019.68664743263,2020.55026828489,NA,main,main
283,8,0.192009437546277,102.344848835926,18.7502841122208,102.293735522412,18.7762118752515,373.767329146858,373.575319709312,2020.36000792902,2020.55201736657,SC1_MZ937002.1,main,main
283,7,0.200206158857656,102.344848835926,18.7502841122208,102.327089057838,18.7159097452489,373.775525868169,373.575319709312,2020.36000792902,2020.56021408788,SC1_MZ937004.1,main,main
212,101,23.2817799974767,103.018921463578,24.7712740890485,99.6254637889682,24.3537247834984,373.920334611339,350.638554613862,1997.42324283357,2020.70502283105,SC1_OK017793.1,main,main
196,126,1.25121855719206,124.189566683804,41.2244576048765,124.048854249017,41.2367036670372,373.920334611339,372.669116054147,2019.45380427386,2020.70502283105,SC1_OK017797.1,main,main
196,130,1.25121855719206,124.189566683804,41.2244576048765,124.166340297241,41.2363943105501,373.920334611339,372.669116054147,2019.45380427386,2020.70502283105,SC1_OK017795.1,main,main
192,131,1.21495029987909,123.959252609914,41.7219867589294,123.536492458776,41.7500494741988,373.920334611339,372.70538431146,2019.49007253117,2020.70502283105,SC1_OK017799.1,main,main
192,132,1.21495029987909,123.959252609914,41.7219867589294,123.825339944046,41.657575436764,373.920334611339,372.70538431146,2019.49007253117,2020.70502283105,SC1_OK017794.1,main,main
194,128,1.01837539841558,124.409281610758,41.2329943161125,124.481828101542,41.2684574768356,373.920334611339,372.901959212923,2019.68664743263,2020.70502283105,SC1_OK017796.1,main,main
195,129,0.154754546157441,124.376072797014,41.2243557996511,124.382168214529,41.2329338308554,373.920334611339,373.765580065181,2020.55026828489,2020.70502283105,SC1_OK017798.1,main,main
195,127,0.154754546157441,124.376072797014,41.2243557996511,124.347972160577,41.2029229524994,373.920334611339,373.765580065181,2020.55026828489,2020.70502283105,SC1_OK017800.1,main,main
158,159,9.26244878299269,117.596709540267,27.9947217557545,117.506842649254,27.1638677136082,374.308986919786,365.046538136793,2011.8312263565,2021.0936751395,NA,main,main
243,244,11.5332656467057,109.493192197941,27.4211865421494,109.883401363757,27.1387389938213,374.318545212321,362.785279565615,2009.56996778533,2021.10323343203,NA,main,main
184,140,4.44723080736881,111.251899970676,28.0728770058768,111.818790973881,27.8598298408191,374.338599451521,369.891368644153,2016.67605686386,2021.12328767123,SC1_OK017833.1,main,main
184,139,4.44723080736881,111.251899970676,28.0728770058768,111.809196844555,27.6750526939872,374.338599451521,369.891368644153,2016.67605686386,2021.12328767123,SC1_OK017832.1,main,main
244,75,0.0200542392001534,109.883401363757,27.1387389938213,109.884794655713,27.1600946765909,374.338599451521,374.318545212321,2021.10323343203,2021.12328767123,SC1_OK017804.1,main,main
244,74,0.0200542392001534,109.883401363757,27.1387389938213,109.959554186512,27.1216962607101,374.338599451521,374.318545212321,2021.10323343203,2021.12328767123,SC1_OK017803.1,main,main
210,211,0.645654256871032,105.229009589054,25.4294971225374,105.24992450474,25.4382060321277,374.395261726787,373.749607469916,2020.53429568963,2021.1799499465,NA,main,main
243,73,11.630032214673,109.493192197941,27.4211865421494,109.593212153035,27.3015371079475,374.415311780289,362.785279565615,2009.56996778533,2021.2,SC1_OK017805.1,main,main
176,45,1.01157780821883,110.860731075143,28.507080802471,111.144678772555,28.339193469869,374.415311780289,373.40373397207,2020.18842219178,2021.2,SC1_OK017835.1,main,main
176,46,1.01157780821883,110.860731075143,28.507080802471,110.820383975608,28.5130063091593,374.415311780289,373.40373397207,2020.18842219178,2021.2,SC1_OK017834.1,main,main
210,115,0.665704310372112,105.229009589054,25.4294971225374,105.22197535186,25.4150747929042,374.415311780289,373.749607469916,2020.53429568963,2021.2,SC1_OK017831.1,main,main
211,116,0.0200500535010807,105.24992450474,25.4382060321277,105.252781614778,25.4356014276173,374.415311780289,374.395261726787,2021.1799499465,2021.2,SC1_OK017829.1,main,main
211,117,0.0200500535010807,105.24992450474,25.4382060321277,105.24248078912,25.4479374039406,374.415311780289,374.395261726787,2021.1799499465,2021.2,SC1_OK017830.1,main,main
208,119,11.2681805514576,102.998479926906,24.6540995884154,103.225449514385,23.7746992869679,374.540243287138,363.27206273568,2010.05675095539,2021.32493150685,SC1_OK017806.1,main,main
156,31,12.7368178384234,117.401337168119,27.8149730540038,117.452243440865,27.7077471668434,374.58243506796,361.845617229536,2008.63030544925,2021.36712328767,SC1_OK017808.1,main,main
156,32,12.7368178384234,117.401337168119,27.8149730540038,117.480722692785,27.9369739354205,374.58243506796,361.845617229536,2008.63030544925,2021.36712328767,SC1_OK017809.1,main,main
159,29,0.273448148173928,117.506842649254,27.1638677136082,117.397943285165,27.1547859956488,374.58243506796,374.308986919786,2021.0936751395,2021.36712328767,SC1_OK017810.1,main,main
159,28,0.273448148173928,117.506842649254,27.1638677136082,117.40400124583,26.9774004770821,374.58243506796,374.308986919786,2021.0936751395,2021.36712328767,SC1_OK017811.1,main,main
158,160,9.67480011509718,117.596709540267,27.9947217557545,117.228811243657,27.7391112007143,374.72133825189,365.046538136793,2011.8312263565,2021.5060264716,NA,main,main
273,11,47.4604432488517,113.835330665269,24.1961138664727,114.794837766292,25.2681278441462,374.749558355631,327.289115106779,1974.07380332649,2021.53424657534,SC1_OK017839.1,main,main
270,124,47.3576622550637,113.907394039278,25.0906913022935,114.955789997774,25.2091378799292,374.749558355631,327.391896100567,1974.17658432028,2021.53424657534,SC1_OK017844.1,main,main
178,41,39.3018180746548,111.245170579067,31.1997003808493,116.175918382355,29.4574652040317,374.749558355631,335.447740280976,1982.23242850069,2021.53424657534,SC1_OK017860.1,main,main
161,37,26.2454625293759,116.504737211035,26.2769787253441,116.307294682883,26.3943797994835,374.749558355631,348.504095826255,1995.28878404597,2021.53424657534,SC1_OK017837.1,main,main
151,36,19.9591554420933,116.790286646529,27.3182525566346,118.002735774493,30.7408838532259,374.749558355631,354.790402913538,2001.57509113325,2021.53424657534,SC1_OK017807.1,main,main
157,25,15.4426799651838,117.586491224521,27.9923070002393,117.73808656777,28.3202439286166,374.749558355631,359.306878390447,2006.09156661016,2021.53424657534,SC1_OK017845.1,main,main
152,33,12.9439431741077,117.240866198351,27.90538533536,117.436740217306,28.108784431453,374.749558355631,361.805615181524,2008.59030340123,2021.53424657534,SC1_OK017836.1,main,main
258,57,3.77830891760936,115.186717030998,25.6107055767601,115.084627334044,25.5996881427399,374.749558355631,370.971249438022,2017.75593765773,2021.53424657534,SC1_OK017841.1,main,main
259,59,1.09090877166886,115.372860372094,25.595769475831,115.41438438344,25.6466494557916,374.749558355631,373.658649583962,2020.44333780367,2021.53424657534,SC1_OK017843.1,main,main
259,58,1.09090877166886,115.372860372094,25.595769475831,115.458971333125,25.5915524702139,374.749558355631,373.658649583962,2020.44333780367,2021.53424657534,SC1_OK017842.1,main,main
160,27,0.0282201037407449,117.228811243657,27.7391112007143,117.29382069229,27.7885889788737,374.749558355631,374.72133825189,2021.5060264716,2021.53424657534,SC1_OK017838.1,main,main
160,26,0.0282201037407449,117.228811243657,27.7391112007143,117.226544258891,27.7655777420563,374.749558355631,374.72133825189,2021.5060264716,2021.53424657534,SC1_OK017840.1,main,main
