node1,node2,length,startLon,startLat,endLon,endLat,endNodeL,startNodeL,startYear,endYear,tipLabel,startClade,endClade
242,244,0.546117505623414,118.031325733855,27.1185169081137,117.871678020054,27.0327040107836,418.528961654287,417.982844148664,1975.83736496381,1976.38348246943,NA,main,main
170,171,5.57165567769056,103.100172868,24.8397300586679,106.503876025193,25.705584649973,423.075831404302,417.504175726612,1975.35869654176,1980.93035221945,NA,main,main
221,222,10.6866059470843,111.289351271167,24.7663157001019,114.333696001148,24.2379249417949,425.651075327068,414.964469379984,1972.81899019513,1983.50559614221,NA,main,main
247,259,2.89457476633799,114.160882632828,22.5241112753849,114.244246000798,22.392489128431,426.76531986975,423.870745103412,1981.72526591856,1984.6198406849,NA,main,main
170,176,10.6715598427931,103.100172868,24.8397300586679,102.854171303253,25.1657691709819,428.175735569405,417.504175726612,1975.35869654176,1986.03025638455,NA,main,main
152,153,7.45092892438613,111.042603994056,33.2657875093765,110.882038254988,30.7518224905787,433.521452154003,426.070523229617,1983.92504404476,1991.37597296915,NA,main,main
171,174,10.9186029840517,106.503876025193,25.705584649973,110.962300163627,26.821940341748,433.994434388354,423.075831404302,1980.93035221945,1991.8489552035,NA,main,main
190,191,8.75132731211135,103.150110640272,25.0640653332123,103.214909073805,24.7586139755891,434.634851985562,425.88352467345,1983.7380454886,1992.48937280071,NA,main,main
247,248,11.5157314504361,114.160882632828,22.5241112753849,114.311182531544,22.5075789994514,435.386476553848,423.870745103412,1981.72526591856,1993.24099736899,NA,main,main
176,178,8.60384234492604,102.854171303253,25.1657691709819,102.935445464695,25.1984269301695,436.779577914331,428.175735569405,1986.03025638455,1994.63409872948,NA,main,main
191,192,2.44725756446826,103.214909073805,24.7586139755891,102.555814313243,24.6653547011962,437.08210955003,434.634851985562,1992.48937280071,1994.93663036518,NA,main,main
190,206,12.9884645168533,103.150110640272,25.0640653332123,102.53458843736,25.1409114192091,438.871989190304,425.88352467345,1983.7380454886,1996.72651000545,NA,main,main
178,179,2.4215007161726,102.935445464695,25.1984269301695,102.236377540798,25.2253243857295,439.201078630503,436.779577914331,1994.63409872948,1997.05559944565,NA,main,main
242,243,22.9482589804069,118.031325733855,27.1185169081137,122.010071637257,30.0734397313075,440.931103129071,417.982844148664,1975.83736496381,1998.78562394422,NA,main,main
179,180,2.85767395494343,102.236377540798,25.2253243857295,102.184622250522,25.3689723190321,442.058752585447,439.201078630503,1997.05559944565,1999.91327340059,NA,main,main
206,211,4.72013281413857,102.53458843736,25.1409114192091,102.818653340401,24.9143471716431,443.592122004442,438.871989190304,1996.72651000545,2001.44664281959,NA,main,main
222,223,19.397414997803,114.333696001148,24.2379249417949,114.961782801233,25.0097905349687,445.048490324871,425.651075327068,1983.50559614221,2002.90301114002,NA,main,main
248,249,9.88286154768102,114.311182531544,22.5075789994514,114.136827295831,22.4324019105165,445.269338101529,435.386476553848,1993.24099736899,2003.12385891667,NA,main,main
249,250,0.360715891098142,114.136827295831,22.4324019105165,114.072063730359,22.4058666808434,445.630053992627,445.269338101529,2003.12385891667,2003.48457480777,NA,main,main
250,251,0.0481228266971456,114.072063730359,22.4058666808434,114.100584777437,22.3604522515434,445.678176819324,445.630053992627,2003.48457480777,2003.53269763447,NA,main,main
251,254,0.396924944945614,114.100584777437,22.3604522515434,114.114355201515,22.4083125960549,446.07510176427,445.678176819324,2003.53269763447,2003.92962257942,NA,main,main
267,268,17.3031946742183,114.341860626355,29.2971149128201,110.945364376987,31.0100446434703,446.181740055887,428.878545381669,1986.73306619681,2004.03626087103,NA,main,main
268,117,0.00209529335053205,110.945364376987,31.0100446434703,110.995493389119,31.0278165916453,446.183835349238,446.181740055887,2004.03626087103,2004.03835616438,SC1_DQ648857.1,main,main
254,255,0.245278736880362,114.114355201515,22.4083125960549,114.200451028954,22.3697531388284,446.32038050115,446.07510176427,2003.92962257942,2004.1749013163,NA,main,main
192,193,9.26543604597348,102.555814313243,24.6653547011962,102.711360665288,25.1177095690947,446.347545596004,437.08210955003,1994.93663036518,2004.20206641115,NA,main,main
152,163,20.3488689674785,111.042603994056,33.2657875093765,112.613309006328,35.2458910171679,446.419392197096,426.070523229617,1983.92504404476,2004.27391301224,NA,main,main
193,198,0.269799832963624,102.711360665288,25.1177095690947,102.706485926375,25.1387724876996,446.617345428967,446.347545596004,2004.20206641115,2004.47186624411,NA,main,main
255,256,0.56080197380637,114.200451028954,22.3697531388284,114.317307079803,22.2952698850738,446.881182474956,446.32038050115,2004.1749013163,2004.7357032901,NA,main,main
251,252,1.25670291384705,114.100584777437,22.3604522515434,114.180295420075,22.3694758649297,446.934879733171,445.678176819324,2003.53269763447,2004.78940054832,NA,main,main
153,134,13.4957165285678,110.882038254988,30.7518224905787,111.291797519691,30.8301813284094,447.017168682571,433.521452154003,1991.37597296915,2004.87168949772,SC1_DQ412042.1,main,main
268,118,0.83542862668379,110.945364376987,31.0100446434703,111.063219065544,30.9256945439953,447.017168682571,446.181740055887,2004.03626087103,2004.87168949772,SC1_DQ412043.1,main,main
192,43,10.0170263456561,102.555814313243,24.6653547011962,108.374831556761,22.6680077246303,447.099135895686,437.08210955003,1994.93663036518,2004.95365671083,SC1_DQ071615.1,main,main
193,194,0.840625363357461,102.711360665288,25.1177095690947,102.815461262728,24.7208830825988,447.188170959361,446.347545596004,2004.20206641115,2005.04269177451,NA,main,main
254,89,1.23750070825603,114.114355201515,22.4083125960549,114.033606351715,22.3375129675848,447.312602472526,446.07510176427,2003.92962257942,2005.16712328767,SC1_DQ022305.2,main,main
250,88,1.70172656209052,114.072063730359,22.4058666808434,114.221559042812,22.5832298535038,447.331780554717,445.630053992627,2003.48457480777,2005.18630136986,SC1_DQ084199.1,main,main
256,91,0.50813232633644,114.317307079803,22.2952698850738,114.3533307389,22.3203196644583,447.389314801293,446.881182474956,2004.7357032901,2005.24383561644,SC1_DQ084200.1,main,main
194,196,0.247427494332065,102.815461262728,24.7208830825988,102.847019823099,24.7717709596547,447.435598453693,447.188170959361,2005.04269177451,2005.29011926884,NA,main,main
248,258,12.0943563920776,114.311182531544,22.5075789994514,114.231234937841,22.5413150394529,447.480832945925,435.386476553848,1993.24099736899,2005.33535376107,NA,main,main
252,253,0.627086780530966,114.180295420075,22.3694758649297,114.151730027671,22.2955321801815,447.561966513702,446.934879733171,2004.78940054832,2005.41648732885,NA,main,main
252,94,0.966763835245068,114.180295420075,22.3694758649297,114.19228158791,22.3814606000449,447.901643568416,446.934879733171,2004.78940054832,2005.75616438356,SC1_GQ153540.1,main,main
253,92,0.339677054714102,114.151730027671,22.2955321801815,114.014750308926,22.4405355036306,447.901643568416,447.561966513702,2005.41648732885,2005.75616438356,SC1_GQ153539.1,main,main
255,257,1.80799571319703,114.200451028954,22.3697531388284,114.260192740487,22.3218955444641,448.128376214347,446.32038050115,2004.1749013163,2005.98289702949,NA,main,main
249,90,2.87066163127091,114.136827295831,22.4324019105165,114.04130877843,22.506524281776,448.1399997328,445.269338101529,2003.12385891667,2005.99452054795,SC1_GQ153541.1,main,main
191,29,13.5489833636761,103.214909073805,24.7586139755891,108.718085915588,25.7091400112984,448.183835349238,434.634851985562,1992.48937280071,2006.03835616438,SC1_FJ588686.1,main,main
258,85,0.826290074545621,114.231234937841,22.5413150394529,114.341435830024,22.4474392007498,448.307123020471,447.480832945925,2005.33535376107,2006.16164383562,SC1_GQ153542.1,main,main
258,84,0.826290074545621,114.231234937841,22.5413150394529,114.037403790611,22.5069727831385,448.307123020471,447.480832945925,2005.33535376107,2006.16164383562,SC1_GQ153543.1,main,main
222,225,22.6824436125867,114.333696001148,24.2379249417949,114.268801138973,24.2627698775424,448.333518939655,425.651075327068,1983.50559614221,2006.1880397548,NA,main,main
253,95,1.27666335608397,114.151730027671,22.2955321801815,114.122071988061,22.253188696811,448.838629869786,447.561966513702,2005.41648732885,2006.69315068493,SC1_GQ153545.1,main,main
257,93,0.710253655438983,114.260192740487,22.3218955444641,114.38185729882,22.2863452858802,448.838629869786,448.128376214347,2005.98289702949,2006.69315068493,SC1_GQ153544.1,main,main
225,232,0.711042985120468,114.268801138973,24.2627698775424,114.363962206962,24.2957749385045,449.044561924775,448.333518939655,2006.1880397548,2006.89908273992,NA,main,main
198,199,2.46717278709971,102.706485926375,25.1387724876996,103.444034390967,25.4993809551707,449.084518216067,446.617345428967,2004.47186624411,2006.93903903121,NA,main,main
257,87,1.23354132667175,114.260192740487,22.3218955444641,114.190514624257,22.2079292258538,449.361917541019,448.128376214347,2005.98289702949,2007.21643835616,SC1_GQ153546.1,main,main
163,164,2.95394447369473,112.613309006328,35.2458910171679,112.395883854878,34.9852401534612,449.373336670791,446.419392197096,2004.27391301224,2007.22785748594,NA,main,main
198,200,2.86844488122346,102.706485926375,25.1387724876996,102.572337793696,25.1580751073287,449.485790310191,446.617345428967,2004.47186624411,2007.34031112534,NA,main,main
259,96,22.7856387671595,114.244246000798,22.392489128431,114.223098212813,22.3222831255197,449.550958636909,426.76531986975,1984.6198406849,2007.40547945205,SC1_GQ153547.1,main,main
244,245,31.4359793378318,117.871678020054,27.0327040107836,117.475831643103,26.9601781587165,449.964940992119,418.528961654287,1976.38348246943,2007.81946180726,NA,main,main
256,86,3.17388575099406,114.317307079803,22.2952698850738,114.3516200416,22.1688134911966,450.05506822595,446.881182474956,2004.7357032901,2007.9095890411,SC1_GQ153548.1,main,main
267,269,21.3726755532427,114.341860626355,29.2971149128201,115.588352105326,27.5338078622602,450.251220934912,428.878545381669,1986.73306619681,2008.10574175006,NA,main,main
176,177,22.9455968298972,102.854171303253,25.1657691709819,103.337292659925,24.7148927843826,451.121332399302,428.175735569405,1986.03025638455,2008.97585321445,NA,main,main
211,217,7.53112546602014,102.818653340401,24.9143471716431,102.8536816954,24.946996407328,451.123247470463,443.592122004442,2001.44664281959,2008.97776828561,NA,main,main
178,184,14.3691608394,102.935445464695,25.1984269301695,103.064979636156,24.999718780797,451.148738753731,436.779577914331,1994.63409872948,2009.00325956888,NA,main,main
184,185,0.415345784483284,103.064979636156,24.999718780797,102.874494983347,24.9155462935565,451.564084538214,451.148738753731,2009.00325956888,2009.41860535336,NA,main,main
269,270,1.3195989867209,115.588352105326,27.5338078622602,113.543362768115,26.8379450866873,451.570819921633,450.251220934912,2008.10574175006,2009.42534073678,NA,main,main
196,197,4.50613873063515,102.847019823099,24.7717709596547,102.530649639813,25.1376955916149,451.941737184328,447.435598453693,2005.29011926884,2009.79625799947,NA,main,main
259,260,25.2700808200423,114.244246000798,22.392489128431,114.698833255618,22.8801002400182,452.035400689792,426.76531986975,1984.6198406849,2009.88992150494,NA,main,main
185,186,0.897494351562878,102.874494983347,24.9155462935565,102.891370061846,24.9895395640412,452.461578889777,451.564084538214,2009.41860535336,2010.31609970492,NA,main,main
186,188,0.371183633853187,102.891370061846,24.9895395640412,102.660641766526,24.9788901866304,452.83276252363,452.461578889777,2010.31609970492,2010.68728333878,NA,main,main
197,32,1.24209816490972,102.530649639813,25.1376955916149,99.3263665937417,25.1643904469701,453.183835349238,451.941737184328,2009.79625799947,2011.03835616438,SC1_KF569996.1,main,main
153,154,19.7199680625227,110.882038254988,30.7518224905787,125.317102912516,41.6593506641638,453.241420216526,433.521452154003,1991.37597296915,2011.09594103167,NA,main,main
186,187,0.921240678121677,102.891370061846,24.9895395640412,102.91220563912,24.989162970301,453.382819567899,452.461578889777,2010.31609970492,2011.23734038304,NA,main,main
187,22,0.0914267402435236,102.91220563912,24.989162970301,102.820154342594,24.9305998054762,453.474246308142,453.382819567899,2011.23734038304,2011.32876712329,SC1_KC881005.1,main,main
194,195,6.67325977849183,102.815461262728,24.7208830825988,105.584625249836,24.9454810937911,453.861430737853,447.188170959361,2005.04269177451,2011.715951553,NA,main,main
217,218,2.85469717287453,102.8536816954,24.946996407328,102.68614829019,25.060131711328,453.977944643337,451.123247470463,2008.97776828561,2011.83246545848,NA,main,main
218,220,0.0948413766994758,102.68614829019,25.060131711328,102.694599013245,25.0651761652284,454.072786020037,453.977944643337,2011.83246545848,2011.92730683518,NA,main,main
211,212,10.5238524258062,102.818653340401,24.9143471716431,102.702995690124,24.6325547848134,454.115974430249,443.592122004442,2001.44664281959,2011.97049524539,NA,main,main
218,219,0.146842845406017,102.68614829019,25.060131711328,102.706726120457,25.0563118821112,454.124787488743,453.977944643337,2011.83246545848,2011.97930830389,NA,main,main
212,213,0.0257188033327989,102.702995690124,24.6325547848134,102.714163158557,24.636925947952,454.141693233581,454.115974430249,2011.97049524539,2011.99621404873,NA,main,main
154,155,0.923635975942737,125.317102912516,41.6593506641638,125.474789389873,41.6567433018704,454.165056192469,453.241420216526,2011.09594103167,2012.01957700761,NA,main,main
155,156,0.0128466572675965,125.474789389873,41.6567433018704,125.460812135113,41.6273719041004,454.177902849737,454.165056192469,2012.01957700761,2012.03242366488,NA,main,main
188,189,1.34920408609482,102.660641766526,24.9788901866304,102.672197543713,24.9715891701408,454.181966609725,452.83276252363,2010.68728333878,2012.03648742487,NA,main,main
179,28,14.9827567187346,102.236377540798,25.2253243857295,98.7175759516093,24.2191699386415,454.183835349238,439.201078630503,1997.05559944565,2012.03835616438,SC1_KU973692.1,main,main
164,121,4.81049867844743,112.395883854878,34.9852401534612,112.410929521185,34.9949688028553,454.183835349238,449.373336670791,2007.22785748594,2012.03835616438,SC1_KY770860.1,main,main
155,124,0.0187791567690745,125.474789389873,41.6567433018704,125.534762892523,41.8207968982705,454.183835349238,454.165056192469,2012.01957700761,2012.03835616438,SC1_KJ473811.1,main,main
189,23,0.214983493611328,102.672197543713,24.9715891701408,102.903278684285,25.0431999509139,454.396950103336,454.181966609725,2012.03648742487,2012.25147091848,SC1_KC881006.1,main,main
277,279,18.5503371808195,100.657307653202,19.5584794233532,101.199306110203,21.6989309920746,454.42696836391,435.876631183091,1993.73115199824,2012.28148917906,NA,main,main
189,24,0.668535406179728,102.672197543713,24.9715891701408,102.673750795413,24.9575600192787,454.850502015905,454.181966609725,2012.03648742487,2012.70502283105,SC1_KF367457.1,main,main
197,31,2.95521291900806,102.530649639813,25.1376955916149,102.620109846002,24.8406651741899,454.896950103336,451.941737184328,2009.79625799947,2012.75147091848,SC1_KY417145.1,main,main
188,21,2.06418757970615,102.660641766526,24.9788901866304,102.579281940877,24.8679243358078,454.896950103336,452.83276252363,2010.68728333878,2012.75147091848,SC1_KY417144.1,main,main
219,54,0.772162614593231,102.706726120457,25.0563118821112,102.689212328191,25.0472099971213,454.896950103336,454.124787488743,2011.97930830389,2012.75147091848,SC1_KY417143.1,main,main
163,123,8.76444315214217,112.613309006328,35.2458910171679,113.120957028324,35.5617908156805,455.183835349238,446.419392197096,2004.27391301224,2013.03835616438,SC1_KJ473813.1,main,main
164,122,5.81049867844743,112.395883854878,34.9852401534612,114.501044957851,36.9090411487034,455.183835349238,449.373336670791,2007.22785748594,2013.03835616438,SC1_KJ473812.1,main,main
195,40,1.32240461138511,105.584625249836,24.9454810937911,105.548188829181,24.8610184532481,455.183835349238,453.861430737853,2011.715951553,2013.03835616438,SC1_KY770859.1,main,main
195,39,1.32240461138511,105.584625249836,24.9454810937911,105.368309097542,24.8870550643275,455.183835349238,453.861430737853,2011.715951553,2013.03835616438,SC1_KY770858.1,main,main
213,55,1.04214211565661,102.714163158557,24.636925947952,102.680134256833,24.6345783049739,455.183835349238,454.141693233581,2011.99621404873,2013.03835616438,SC1_KJ473816.1,main,main
213,214,1.14792725844542,102.714163158557,24.636925947952,102.670881403879,24.7638490906007,455.289620492027,454.141693233581,2011.99621404873,2013.14414130717,NA,main,main
180,181,13.3892442468975,102.184622250522,25.3689723190321,101.909892040471,25.1932118072037,455.447996832344,442.058752585447,1999.91327340059,2013.30251764749,NA,main,main
214,215,0.161033527082527,102.670881403879,24.7638490906007,102.70413095474,24.7483742559907,455.450654019109,455.289620492027,2013.14414130717,2013.30517483425,NA,main,main
214,216,0.166946434993447,102.670881403879,24.7638490906007,102.67243090064,24.7757523126288,455.45656692702,455.289620492027,2013.14414130717,2013.31108774217,NA,main,main
196,30,8.03864785444908,102.847019823099,24.7717709596547,102.985483386666,24.8692903681515,455.474246308142,447.435598453693,2005.29011926884,2013.32876712329,SC1_KY417146.1,main,main
184,27,4.32550755441136,103.064979636156,24.999718780797,103.06457794003,24.9282912787329,455.474246308142,451.148738753731,2009.00325956888,2013.32876712329,SC1_KY417147.1,main,main
185,26,3.91016176992808,102.874494983347,24.9155462935565,102.867617070042,25.0195209581557,455.474246308142,451.564084538214,2009.41860535336,2013.32876712329,SC1_KY417148.1,main,main
187,25,2.09142674024352,102.91220563912,24.989162970301,102.70496006352,25.0784669055368,455.474246308142,453.382819567899,2011.23734038304,2013.32876712329,SC1_KY417149.1,main,main
181,16,0.124879612784106,101.909892040471,25.1932118072037,101.980024933049,25.2659513352184,455.572876445128,455.447996832344,2013.30251764749,2013.42739726027,SC1_KP886809.1,main,main
181,17,0.124879612784106,101.909892040471,25.1932118072037,102.051269707314,24.9454771257926,455.572876445128,455.447996832344,2013.30251764749,2013.42739726027,SC1_KP886808.1,main,main
217,50,4.61127281028222,102.8536816954,24.946996407328,102.767910805733,24.8938159658763,455.734520280745,451.123247470463,2008.97776828561,2013.58904109589,SC1_KT444582.1,main,main
220,51,1.66173426070822,102.694599013245,25.0651761652284,102.689561836126,25.0216481597492,455.734520280745,454.072786020037,2011.92730683518,2013.58904109589,SC1_KY417150.1,main,main
156,133,1.58675441730966,125.460812135113,41.6273719041004,125.782612247613,41.7270244899433,455.764657267046,454.177902849737,2012.03242366488,2013.61917808219,SC1_KU182964.1,main,main
156,157,1.76896682903401,125.460812135113,41.6273719041004,126.160568032695,42.1933675002581,455.946869678771,454.177902849737,2012.03242366488,2013.80139049392,NA,main,main
212,60,2.42676502857846,102.702995690124,24.6325547848134,102.914923234295,24.9528325289894,456.542739458827,454.115974430249,2011.97049524539,2014.39726027397,SC1_KY417142.1,main,main
216,58,1.53822732632736,102.67243090064,24.7757523126288,102.807786324059,24.9951765681083,456.994794253348,455.45656692702,2013.31108774217,2014.84931506849,SC1_KY417151.1,main,main
243,82,16.7486226311262,122.010071637257,30.0734397313075,122.060751778944,29.9152240200089,457.679725760197,440.931103129071,1998.78562394422,2015.53424657534,SC1_MG772934.1,main,main
232,237,8.63672300952546,114.363962206962,24.2957749385045,116.896376488055,28.0974379863288,457.6812849343,449.044561924775,2006.89908273992,2015.53580574945,NA,main,main
232,233,8.64953590644364,114.363962206962,24.2957749385045,113.952652430984,23.9477265946715,457.694097831219,449.044561924775,2006.89908273992,2015.54861864636,NA,main,main
225,226,9.41476496383343,114.268801138973,24.2627698775424,114.095432356376,24.2081373865612,457.748283903488,448.333518939655,2006.1880397548,2015.60280471863,NA,main,main
206,207,19.0036465006212,102.53458843736,25.1409114192091,102.812224224606,25.563360252228,457.875635690925,438.871989190304,1996.72651000545,2015.73015650607,NA,main,main
226,227,0.192794036419158,114.095432356376,24.2081373865612,114.082156744793,24.155335202744,457.941077939907,457.748283903488,2015.60280471863,2015.79559875505,NA,main,main
216,59,2.51630951810805,102.67243090064,24.7757523126288,102.580459120207,24.6414872516096,457.972876445128,455.45656692702,2013.31108774217,2015.82739726027,SC1_KY417152.1,main,main
226,230,0.457442308428134,114.095432356376,24.2081373865612,114.070627300231,24.1080275926777,458.205726211916,457.748283903488,2015.60280471863,2016.06024702706,NA,main,main
233,234,0.548572065120235,113.952652430984,23.9477265946715,113.818757764692,24.0507564093278,458.242669896339,457.694097831219,2015.54861864636,2016.09719071148,NA,main,main
207,208,0.368927642430656,102.812224224606,25.563360252228,102.89845754442,25.5475304005047,458.244563333356,457.875635690925,2015.73015650607,2016.0990841485,NA,main,main
260,261,6.23650846927735,114.698833255618,22.8801002400182,115.412656533416,23.0237405714111,458.271909159069,452.035400689792,2009.88992150494,2016.12642997421,NA,main,main
262,263,39.7210450043441,119.558439377262,28.3407656844971,117.050016131141,25.6593784457696,458.412866570081,418.691821565737,1976.54634238088,2016.26738738523,NA,main,main
154,125,5.23476485948772,125.317102912516,41.6593506641638,126.963901245355,35.283038609692,458.476185076014,453.241420216526,2011.09594103167,2016.33070589116,SC1_KY938558.1,main,main
171,172,35.4027767944005,106.503876025193,25.705584649973,105.73070128373,26.3804511754904,458.478608198703,423.075831404302,1980.93035221945,2016.33312901385,NA,main,main
207,209,0.604450454457174,102.812224224606,25.563360252228,102.889746169056,25.6092904659259,458.480086145382,457.875635690925,2015.73015650607,2016.33460696053,NA,main,main
209,210,0.117000412839789,102.889746169056,25.6092904659259,102.857296554739,25.6487268760778,458.597086558222,458.480086145382,2016.33460696053,2016.45160737337,NA,main,main
260,99,6.64570241900903,114.698833255618,22.8801002400182,114.773969876489,22.9047287295285,458.681103108801,452.035400689792,2009.88992150494,2016.53562392395,SC1_OK017812.1,main,main
233,236,1.06565307745896,113.952652430984,23.9477265946715,114.427108396959,23.3696137950103,458.759750908678,457.694097831219,2015.54861864636,2016.61427172382,NA,main,main
208,46,0.521239228997003,102.89845754442,25.5475304005047,102.828031718507,25.5235615974919,458.765802562353,458.244563333356,2016.0990841485,2016.6203233775,SC1_OK017851.1,main,main
208,49,0.521239228997003,102.89845754442,25.5475304005047,102.58449658249,25.7794272588046,458.765802562353,458.244563333356,2016.0990841485,2016.6203233775,SC1_OK017848.1,main,main
209,48,0.285716416970485,102.889746169056,25.6092904659259,102.890665329549,25.415759261302,458.765802562353,458.480086145382,2016.33460696053,2016.6203233775,SC1_OK017850.1,main,main
210,47,0.168716004130696,102.857296554739,25.6487268760778,102.849686152964,25.6682044232892,458.765802562353,458.597086558222,2016.45160737337,2016.6203233775,SC1_OK017847.1,main,main
210,45,0.168716004130696,102.857296554739,25.6487268760778,102.686728975736,25.5506713254165,458.765802562353,458.597086558222,2016.45160737337,2016.6203233775,SC1_OK017849.1,main,main
230,231,0.561702422654272,114.070627300231,24.1080275926777,113.766286749512,24.1928994277432,458.76742863457,458.205726211916,2016.06024702706,2016.62194944972,NA,main,main
199,41,9.76598379983781,103.444034390967,25.4993809551707,103.558415001417,25.6736049242466,458.850502015905,449.084518216067,2006.93903903121,2016.70502283105,SC1_MK211375.1,main,main
220,52,4.77771599586817,102.694599013245,25.0651761652284,102.583205829314,25.0138942005328,458.850502015905,454.072786020037,2011.92730683518,2016.70502283105,SC1_MK211377.1,main,main
219,53,4.72571452716163,102.706726120457,25.0563118821112,102.716480038992,25.0508215217305,458.850502015905,454.124787488743,2011.97930830389,2016.70502283105,SC1_MK211378.1,main,main
215,57,3.39984799679541,102.70413095474,24.7483742559907,102.691167359447,24.6087958171689,458.850502015905,455.450654019109,2013.30517483425,2016.70502283105,SC1_MK211376.1,main,main
227,228,1.0859581664338,114.082156744793,24.155335202744,113.579269341675,24.3906023790668,459.027036106341,457.941077939907,2015.79559875505,2016.88155692149,NA,main,main
200,201,9.5592303198368,102.572337793696,25.1580751073287,102.635634790037,25.2817654508381,459.045020630027,449.485790310191,2007.34031112534,2016.89954144517,NA,main,main
201,204,0.0704323800266522,102.635634790037,25.2817654508381,102.596595070019,25.2699226044032,459.115453010054,459.045020630027,2016.89954144517,2016.9699738252,NA,main,main
262,100,40.5769452903502,119.558439377262,28.3407656844971,122.412995738282,30.0710364731213,459.268766856087,418.691821565737,1976.54634238088,2017.12328767123,SC1_MG772933.1,main,main
174,175,25.304676146289,110.962300163627,26.821940341748,110.44744633504,27.3179354931639,459.299110534643,433.994434388354,1991.8489552035,2017.15363134979,NA,main,main
227,229,1.4817335193482,114.082156744793,24.155335202744,113.978989600481,24.0051560139197,459.422811459255,457.941077939907,2015.79559875505,2017.2773322744,NA,main,main
200,44,10.2788669568555,102.572337793696,25.1580751073287,112.397222146566,24.6348390700234,459.764657267046,449.485790310191,2007.34031112534,2017.61917808219,SC1_OK017792.1,main,main
221,80,44.8851193939121,111.289351271167,24.7663157001019,112.857646169554,25.3213936404067,459.849588773896,414.964469379984,1972.81899019513,2017.70410958904,SC1_OK017823.1,main,main
230,63,1.64386256197952,114.070627300231,24.1080275926777,114.083595429155,24.1221409502297,459.849588773896,458.205726211916,2016.06024702706,2017.70410958904,SC1_OK017815.1,main,main
261,98,1.57767961482643,115.412656533416,23.0237405714111,115.503721062783,23.1380069019826,459.849588773896,458.271909159069,2016.12642997421,2017.70410958904,SC1_OK017813.1,main,main
261,97,1.57767961482643,115.412656533416,23.0237405714111,115.405216801997,23.0369931522318,459.849588773896,458.271909159069,2016.12642997421,2017.70410958904,SC1_OK017819.1,main,main
236,73,1.08983786521801,114.427108396959,23.3696137950103,114.551755855167,23.6141612206311,459.849588773896,458.759750908678,2016.61427172382,2017.70410958904,SC1_OK017822.1,main,main
236,72,1.08983786521801,114.427108396959,23.3696137950103,114.263571673728,23.3217870595525,459.849588773896,458.759750908678,2016.61427172382,2017.70410958904,SC1_OK017824.1,main,main
231,68,1.08216013932524,113.766286749512,24.1928994277432,113.759656264673,24.2686221119894,459.849588773896,458.76742863457,2016.62194944972,2017.70410958904,SC1_OK017816.1,main,main
231,66,1.08216013932524,113.766286749512,24.1928994277432,113.497014959628,23.7057622323461,459.849588773896,458.76742863457,2016.62194944972,2017.70410958904,SC1_OK017814.1,main,main
228,64,0.822552667554689,113.579269341675,24.3906023790668,113.599424838285,24.4025911877558,459.849588773896,459.027036106341,2016.88155692149,2017.70410958904,SC1_OK017817.1,main,main
228,65,0.822552667554689,113.579269341675,24.3906023790668,113.763526636685,24.4132349917787,459.849588773896,459.027036106341,2016.88155692149,2017.70410958904,SC1_OK017820.1,main,main
229,67,0.426777314640287,113.978989600481,24.0051560139197,114.032942433577,23.9807674324888,459.849588773896,459.422811459255,2017.2773322744,2017.70410958904,SC1_OK017818.1,main,main
229,62,0.426777314640287,113.978989600481,24.0051560139197,114.125921318164,24.0195479388103,459.849588773896,459.422811459255,2017.2773322744,2017.70410958904,SC1_OK017821.1,main,main
274,275,32.4310866733113,115.323499499351,29.8806302796882,115.423681871902,30.0486678602139,460.716833458223,428.285746784912,1986.14026760006,2018.57135427337,NA,main,main
177,14,9.64332486774422,103.337292659925,24.7148927843826,102.702845642484,24.3291491134134,460.764657267046,451.121332399302,2008.97585321445,2018.61917808219,SC1_MW703458.1,main,main
270,272,9.20946019872686,113.543362768115,26.8379450866873,113.564391771069,26.9470076545904,460.78028012036,451.570819921633,2009.42534073678,2018.63480093551,NA,main,main
270,271,9.42293885102921,113.543362768115,26.8379450866873,114.817922692679,23.4070920322488,460.993758772662,451.570819921633,2009.42534073678,2018.84827958781,NA,main,main
157,158,5.09733498964711,126.160568032695,42.1933675002581,124.427789974287,41.8281143438777,461.044204668418,455.946869678771,2013.80139049392,2018.89872548356,NA,main,main
158,159,0.295445185774018,124.427789974287,41.8281143438777,124.413265036501,41.8334664905768,461.339649854192,461.044204668418,2018.89872548356,2019.19417066934,NA,main,main
234,235,3.15674446462377,113.818757764692,24.0507564093278,114.028276015905,23.7991776379636,461.399414360963,458.242669896339,2016.09719071148,2019.25393517611,NA,main,main
272,273,0.733702586007031,113.564391771069,26.9470076545904,113.504872072254,27.0808949313758,461.513982706367,460.78028012036,2018.63480093551,2019.36850352151,NA,main,main
279,140,7.23631904012234,101.199306110203,21.6989309920746,101.438061525417,21.6127324975773,461.663287404033,454.42696836391,2012.28148917906,2019.51780821918,SC1_EPI_ISL_412977,main,main
277,278,25.8768065063616,100.657307653202,19.5584794233532,102.224457430125,18.6970762274465,461.753437689452,435.876631183091,1993.73115199824,2019.6079585046,NA,main,main
201,202,2.71395884889648,102.635634790037,25.2817654508381,103.125556548826,24.9307426083382,461.758979478924,459.045020630027,2016.89954144517,2019.61350029407,NA,main,main
271,111,0.77089849438415,114.817922692679,23.4070920322488,114.736595173319,23.2653072737813,461.764657267046,460.993758772662,2018.84827958781,2019.61917808219,SC1_OK017826.1,main,main
271,112,0.77089849438415,114.817922692679,23.4070920322488,114.902440570352,23.4373839847849,461.764657267046,460.993758772662,2018.84827958781,2019.61917808219,SC1_OK017825.1,main,main
204,205,2.67476883520462,102.596595070019,25.2699226044032,102.72994257138,25.5372494133092,461.790221845259,459.115453010054,2016.9699738252,2019.6447426604,NA,main,main
234,69,3.60691887755674,113.818757764692,24.0507564093278,113.891799276001,23.831734495367,461.849588773896,458.242669896339,2016.09719071148,2019.70410958904,SC1_OK017828.1,main,main
235,71,0.450174412932967,114.028276015905,23.7991776379636,114.059470489296,23.8055234889151,461.849588773896,461.399414360963,2019.25393517611,2019.70410958904,SC1_OK017827.1,main,main
235,70,0.450174412932967,114.028276015905,23.7991776379636,111.939499439353,24.4032475371446,461.849588773896,461.399414360963,2019.25393517611,2019.70410958904,SC1_OK017859.1,main,main
159,160,0.669643918403335,124.413265036501,41.8334664905768,124.397084082605,41.8376227413644,462.009293772595,461.339649854192,2019.19417066934,2019.86381458774,NA,main,main
157,162,6.23518637881711,126.160568032695,42.1933675002581,122.598957120146,41.1700059592036,462.182056057588,455.946869678771,2013.80139049392,2020.03657687273,NA,main,main
202,203,0.474137649166152,103.125556548826,24.9307426083382,102.963906677965,24.955369521725,462.23311712809,461.758979478924,2019.61350029407,2020.08763794324,NA,main,main
279,141,8.15304184871581,101.199306110203,21.6989309920746,101.322027551395,21.6779463699273,462.580010212626,454.42696836391,2012.28148917906,2020.43453102777,SC1_MZ081381.1,main,main
215,56,7.14848187657685,102.70413095474,24.7483742559907,101.097145961763,23.8637984631189,462.599135895686,455.450654019109,2013.30517483425,2020.45365671083,SC1_OK017858.1,main,main
204,38,3.48368288563204,102.596595070019,25.2699226044032,102.518373326489,25.7577621643336,462.599135895686,459.115453010054,2016.9699738252,2020.45365671083,SC1_OK017856.1,main,main
202,36,0.840156416762208,103.125556548826,24.9307426083382,103.164251175526,24.9028931019785,462.599135895686,461.758979478924,2019.61350029407,2020.45365671083,SC1_OK017857.1,main,main
205,33,0.808914050427423,102.72994257138,25.5372494133092,102.694077233089,25.4668309072547,462.599135895686,461.790221845259,2019.6447426604,2020.45365671083,SC1_OK017852.1,main,main
205,34,0.808914050427423,102.72994257138,25.5372494133092,102.738408432067,25.551830659931,462.599135895686,461.790221845259,2019.6447426604,2020.45365671083,SC1_OK017854.1,main,main
203,37,0.366018767596056,102.963906677965,24.955369521725,103.199010457091,24.9335089473445,462.599135895686,462.23311712809,2020.08763794324,2020.45365671083,SC1_OK017855.1,main,main
203,35,0.366018767596056,102.963906677965,24.955369521725,103.000735888607,24.9562352279642,462.599135895686,462.23311712809,2020.08763794324,2020.45365671083,SC1_OK017853.1,main,main
275,110,1.964269650578,115.423681871902,30.0486678602139,115.278665905085,30.060732407102,462.681103108801,460.716833458223,2018.57135427337,2020.53562392395,SC1_OK017802.1,main,main
275,109,1.964269650578,115.423681871902,30.0486678602139,115.316991754463,30.1579776591073,462.681103108801,460.716833458223,2018.57135427337,2020.53562392395,SC1_OK017801.1,main,main
278,139,0.944058861971509,102.224457430125,18.6970762274465,102.14811324042,18.904115193787,462.697496551424,461.753437689452,2019.6079585046,2020.55201736657,SC1_MZ937002.1,main,main
278,138,0.952255583282887,102.224457430125,18.6970762274465,102.261070785721,18.6477306258197,462.705693272735,461.753437689452,2019.6079585046,2020.56021408788,SC1_MZ937004.1,main,main
160,161,0.713357162213609,124.397084082605,41.8376227413644,124.465102768781,41.7897054636422,462.722650934809,462.009293772595,2019.86381458774,2020.57717174995,NA,main,main
199,42,13.7659837998378,103.444034390967,25.4993809551707,103.335400572682,25.572162522704,462.850502015905,449.084518216067,2006.93903903121,2020.70502283105,SC1_OK017793.1,main,main
158,129,1.8062973474871,124.427789974287,41.8281143438777,124.389572388936,41.8248887861242,462.850502015905,461.044204668418,2018.89872548356,2020.70502283105,SC1_OK017800.1,main,main
159,130,1.51085216171308,124.413265036501,41.8334664905768,123.692394487521,41.4893580513946,462.850502015905,461.339649854192,2019.19417066934,2020.70502283105,SC1_OK017797.1,main,main
160,128,0.841208243309743,124.397084082605,41.8376227413644,124.280692382376,41.7626640254707,462.850502015905,462.009293772595,2019.86381458774,2020.70502283105,SC1_OK017798.1,main,main
162,126,0.668445958317103,122.598957120146,41.1700059592036,123.24257547652,42.695197043732,462.850502015905,462.182056057588,2020.03657687273,2020.70502283105,SC1_OK017799.1,main,main
162,127,0.668445958317103,122.598957120146,41.1700059592036,122.474939468278,41.1094506837368,462.850502015905,462.182056057588,2020.03657687273,2020.70502283105,SC1_OK017794.1,main,main
161,131,0.127851081096134,124.465102768781,41.7897054636422,124.448136302213,41.7991068917703,462.850502015905,462.722650934809,2020.57717174995,2020.70502283105,SC1_OK017795.1,main,main
161,132,0.127851081096134,124.465102768781,41.7897054636422,124.435210865144,41.7709159477157,462.850502015905,462.722650934809,2020.57717174995,2020.70502283105,SC1_OK017796.1,main,main
263,264,4.54319514669881,117.050016131141,25.6593784457696,117.833894391135,25.3380518422894,462.95606171678,458.412866570081,2016.26738738523,2020.81058253193,NA,main,main
223,224,17.9125606746146,114.961782801233,25.0097905349687,114.930280089064,24.9145825096699,462.961050999485,445.048490324871,2002.90301114002,2020.81557181463,NA,main,main
172,173,4.76397598194057,105.73070128373,26.3804511754904,105.875345392015,27.4086227016931,463.242584180643,458.478608198703,2016.33312901385,2021.09710499579,NA,main,main
175,13,3.96965632144426,110.44744633504,27.3179354931639,110.446475551777,27.3347280201266,463.268766856087,459.299110534643,2017.15363134979,2021.12328767123,SC1_OK017804.1,main,main
175,12,3.96965632144426,110.44744633504,27.3179354931639,110.767337905647,27.720677069613,463.268766856087,459.299110534643,2017.15363134979,2021.12328767123,SC1_OK017803.1,main,main
272,115,2.48848673572754,113.564391771069,26.9470076545904,113.614448355344,26.8375533691977,463.268766856087,460.78028012036,2018.63480093551,2021.12328767123,SC1_OK017832.1,main,main
273,114,1.75478414972051,113.504872072254,27.0808949313758,113.325011837811,26.9890167753139,463.268766856087,461.513982706367,2019.36850352151,2021.12328767123,SC1_OK017833.1,main,main
174,11,29.3510447965004,110.962300163627,26.821940341748,110.109299240188,26.2572627920995,463.345479184854,433.994434388354,1991.8489552035,2021.2,SC1_OK017805.1,main,main
172,10,4.86687098615159,105.73070128373,26.3804511754904,105.647476466404,26.2221747593016,463.345479184854,458.478608198703,2016.33312901385,2021.2,SC1_OK017829.1,main,main
150,135,3.91066662597969,112.07644199154,29.1156748689485,112.223220515682,28.9801676005374,463.345479184854,459.434812558875,2017.28933337402,2021.2,SC1_OK017834.1,main,main
150,136,3.91066662597969,112.07644199154,29.1156748689485,111.89617964141,28.8726432495612,463.345479184854,459.434812558875,2017.28933337402,2021.2,SC1_OK017835.1,main,main
173,8,0.102895004211017,105.875345392015,27.4086227016931,105.883249360698,27.4234386946386,463.345479184854,463.242584180643,2021.09710499579,2021.2,SC1_OK017830.1,main,main
173,9,0.102895004211017,105.875345392015,27.4086227016931,105.87253202249,27.3713699513729,463.345479184854,463.242584180643,2021.09710499579,2021.2,SC1_OK017831.1,main,main
177,15,12.3490782924018,103.337292659925,24.7148927843826,103.727327125811,24.5667911614377,463.470410691704,451.121332399302,2008.97585321445,2021.32493150685,SC1_OK017806.1,main,main
244,104,44.9836408182383,117.871678020054,27.0327040107836,118.049150287978,26.8808577159995,463.512602472526,418.528961654287,1976.38348246943,2021.36712328767,SC1_OK017808.1,main,main
263,103,5.09973590244449,117.050016131141,25.6593784457696,116.976590968249,25.6599771306527,463.512602472526,458.412866570081,2016.26738738523,2021.36712328767,SC1_OK017809.1,main,main
264,101,0.556540755745677,117.833894391135,25.3380518422894,117.615911077071,25.2024817318975,463.512602472526,462.95606171678,2020.81058253193,2021.36712328767,SC1_OK017810.1,main,main
264,102,0.556540755745677,117.833894391135,25.3380518422894,117.912929636267,25.3849736315019,463.512602472526,462.95606171678,2020.81058253193,2021.36712328767,SC1_OK017811.1,main,main
237,238,5.92565423009516,116.896376488055,28.0974379863288,116.893597253834,28.1183720817304,463.606939164396,457.6812849343,2015.53580574945,2021.46145997954,NA,main,main
274,108,35.3939789752854,115.323499499351,29.8806302796882,117.080615724595,29.8270125856337,463.679725760197,428.285746784912,1986.14026760006,2021.53424657534,SC1_OK017836.1,main,main
243,81,22.7486226311262,122.010071637257,30.0734397313075,117.841527527289,32.4032500713294,463.679725760197,440.931103129071,1998.78562394422,2021.53424657534,SC1_OK017807.1,main,main
223,79,18.6312354353261,114.961782801233,25.0097905349687,115.020749574407,25.0357237768948,463.679725760197,445.048490324871,2002.90301114002,2021.53424657534,SC1_OK017839.1,main,main
245,105,13.7147847680778,117.475831643103,26.9601781587165,116.442868257707,27.3522353355788,463.679725760197,449.964940992119,2007.81946180726,2021.53424657534,SC1_OK017845.1,main,main
245,106,13.7147847680778,117.475831643103,26.9601781587165,117.409416810273,28.3761841821946,463.679725760197,449.964940992119,2007.81946180726,2021.53424657534,SC1_OK017844.1,main,main
269,116,13.428504825285,115.588352105326,27.5338078622602,116.147639146261,27.082356862762,463.679725760197,450.251220934912,2008.10574175006,2021.53424657534,SC1_OK017837.1,main,main
237,76,5.99844082589649,116.896376488055,28.0974379863288,115.635403284409,28.2570027989401,463.679725760197,457.6812849343,2015.53580574945,2021.53424657534,SC1_OK017841.1,main,main
273,113,2.16574305383026,113.504872072254,27.0808949313758,114.640718201965,26.5720624584713,463.679725760197,461.513982706367,2019.36850352151,2021.53424657534,SC1_OK017860.1,main,main
224,78,0.718674760711543,114.930280089064,24.9145825096699,114.761385025746,24.8488172939953,463.679725760197,462.961050999485,2020.81557181463,2021.53424657534,SC1_OK017840.1,main,main
224,77,0.718674760711543,114.930280089064,24.9145825096699,115.064325525504,24.8922996070315,463.679725760197,462.961050999485,2020.81557181463,2021.53424657534,SC1_OK017838.1,main,main
238,74,0.0727865958013363,116.893597253834,28.1183720817304,116.84458375007,28.0770057889793,463.679725760197,463.606939164396,2021.46145997954,2021.53424657534,SC1_OK017843.1,main,main
238,75,0.0727865958013363,116.893597253834,28.1183720817304,116.722124371385,28.1098461047429,463.679725760197,463.606939164396,2021.46145997954,2021.53424657534,SC1_OK017842.1,main,main
