node1,node2,length,startLon,startLat,endLon,endLat,endNodeL,startNodeL,startYear,endYear,tipLabel
141,142,12.3152400915266,109.267577392409,20.2446056515858,108.749122756166,19.0650819761205,12.3152400915266,0,1875.6562416128,1887.97148170433,NA
141,152,47.3338088708506,109.267577392409,20.2446056515858,112.644042133602,22.8185901192859,47.3338088708506,0,1875.6562416128,1922.99005048365,NA
142,143,44.4455463185481,108.749122756166,19.0650819761205,108.156573350802,19.641788504081,56.7607864100747,12.3152400915266,1887.97148170433,1932.41702802287,NA
152,231,11.1795495760262,112.644042133602,22.8185901192859,112.857998650367,23.1627152355664,58.5133584468768,47.3338088708506,1922.99005048365,1934.16960005968,NA
231,232,12.7680417071713,112.857998650367,23.1627152355664,115.288942150793,27.3298589285791,71.2814001540481,58.5133584468768,1934.16960005968,1946.93764176685,NA
152,153,26.8037488048531,112.644042133602,22.8185901192859,112.165748462596,25.6809670853224,74.1375576757037,47.3338088708506,1922.99005048365,1949.7937992885,NA
232,248,10.3971993902275,115.288942150793,27.3298589285791,115.214020581482,27.269759987485,81.6785995442756,71.2814001540481,1946.93764176685,1957.33484115707,NA
231,256,29.0022379264866,112.857998650367,23.1627152355664,113.568385723036,22.94853301836,87.5155963733634,58.5133584468768,1934.16960005968,1963.17183798616,NA
153,154,21.5681618654583,112.165748462596,25.6809670853224,112.342235891484,25.0891303256476,95.705719541162,74.1375576757037,1949.7937992885,1971.36196115396,NA
248,250,16.2533585123756,115.214020581482,27.269759987485,115.695251359801,28.0757766123004,97.9319580566512,81.6785995442756,1957.33484115707,1973.58819966945,NA
154,155,8.49550797761915,112.342235891484,25.0891303256476,112.538639764322,25.1093755364613,104.201227518781,95.705719541162,1971.36196115396,1979.85746913158,NA
256,257,17.8982835353814,113.568385723036,22.94853301836,113.391956848651,23.2426782348368,105.413879908745,87.5155963733634,1963.17183798616,1981.07012152154,NA
250,251,9.45539339161823,115.695251359801,28.0757766123004,115.225805935439,27.5587215158207,107.387351448269,97.9319580566512,1973.58819966945,1983.04359306107,NA
232,233,36.7840885605023,115.288942150793,27.3298589285791,111.197318928509,32.9222900817054,108.06548871455,71.2814001540481,1946.93764176685,1983.72173032735,NA
143,144,52.2079865914776,108.156573350802,19.641788504081,106.731357301613,18.8485096456107,108.968773001552,56.7607864100747,1932.41702802287,1984.62501461435,NA
155,156,6.02981279257031,112.538639764322,25.1093755364613,111.601618791636,24.6653082963766,110.231040311351,104.201227518781,1979.85746913158,1985.88728192415,NA
257,270,5.49637070039545,113.391956848651,23.2426782348368,116.083682133479,26.0589931382811,110.91025060914,105.413879908745,1981.07012152154,1986.56649222194,NA
270,271,3.55701785148557,116.083682133479,26.0589931382811,115.419466177127,26.3477906540426,114.467268460626,110.91025060914,1986.56649222194,1990.12351007342,NA
155,181,12.1725959381536,112.538639764322,25.1093755364613,102.228104354778,25.1551840631243,116.373823456935,104.201227518781,1979.85746913158,1992.03006506973,NA
233,234,8.46843306043925,111.197318928509,32.9222900817054,111.644903557358,32.6304011456607,116.53392177499,108.06548871455,1983.72173032735,1992.19016338779,NA
181,182,1.17257867129489,102.228104354778,25.1551840631243,102.330718961212,25.0259481113709,117.54640212823,116.373823456935,1992.03006506973,1993.20264374103,NA
182,183,1.52014140026245,102.330718961212,25.0259481113709,101.575769444844,25.1744710852773,119.066543528492,117.54640212823,1993.20264374103,1994.72278514129,NA
271,272,5.12558412365837,115.419466177127,26.3477906540426,119.601365491216,29.4852124163989,119.592852584284,114.467268460626,1990.12351007342,1995.24909419708,NA
181,188,3.30504354389155,102.228104354778,25.1551840631243,103.095934358335,24.9905997408598,119.678867000826,116.373823456935,1992.03006506973,1995.33510861363,NA
257,258,14.8056248697884,113.391956848651,23.2426782348368,114.056479450437,22.402662619823,120.219504778533,105.413879908745,1981.07012152154,1995.87574639133,NA
270,278,9.59742809599867,116.083682133479,26.0589931382811,116.218697017573,26.1616148271447,120.507678705139,110.91025060914,1986.56649222194,1996.16392031794,NA
233,235,14.8390113486496,111.197318928509,32.9222900817054,111.7939042663,33.183694391631,122.9045000632,108.06548871455,1983.72173032735,1998.560741676,NA
156,159,13.2510002346111,111.601618791636,24.6653082963766,111.573920379427,24.5759235495323,123.482040545963,110.231040311351,1985.88728192415,1999.13828215876,NA
159,160,0.7469299583157,111.573920379427,24.5759235495323,111.597468780895,24.0907130749169,124.228970504278,123.482040545963,1999.13828215876,1999.88521211708,NA
188,189,4.60293597652922,103.095934358335,24.9905997408598,103.080651206287,24.9782412702191,124.281802977355,119.678867000826,1995.33510861363,1999.93804459015,NA
189,190,0.12400109627789,103.080651206287,24.9782412702191,103.180799561899,25.0978276994617,124.405804073633,124.281802977355,1999.93804459015,2000.06204568643,NA
251,253,17.7624853448772,115.225805935439,27.5587215158207,115.376949956272,27.9652267622243,125.149836793147,107.387351448269,1983.04359306107,2000.80607840595,NA
188,210,5.88606307869193,103.095934358335,24.9905997408598,103.111784681697,24.951036522296,125.564930079518,119.678867000826,1995.33510861363,2001.22117169232,NA
182,186,8.39667768652808,102.330718961212,25.0259481113709,101.888757199374,25.365890463507,125.943079814758,117.54640212823,1993.20264374103,2001.59932142756,NA
251,252,18.9606232054116,115.225805935439,27.5587215158207,111.202026200155,30.598838076377,126.347974653681,107.387351448269,1983.04359306107,2002.00421626648,NA
189,191,2.07484373424998,103.080651206287,24.9782412702191,102.990420626095,25.1078358410692,126.356646711605,124.281802977355,1999.93804459015,2002.0128883244,NA
272,274,7.08355927318877,119.601365491216,29.4852124163989,119.687817862289,29.5486184745876,126.676411857473,119.592852584284,1995.24909419708,2002.33265347027,NA
235,236,3.79976498231082,111.7939042663,33.183694391631,111.897793455692,35.8162489794692,126.704265045511,122.9045000632,1998.560741676,2002.36050665831,NA
272,273,7.62646514204188,119.601365491216,29.4852124163989,120.463207190194,29.7587476458669,127.219317726326,119.592852584284,1995.24909419708,2002.87555933913,NA
154,128,31.5914635035733,112.342235891484,25.0891303256476,113.008632811514,23.153789970799,127.297183044735,95.705719541162,1971.36196115396,2002.95342465753,SC1_AY394995.1
210,211,1.86477055197428,103.111784681697,24.951036522296,103.11385137363,25.0492484864306,127.429700631492,125.564930079518,2001.22117169232,2003.08594224429,NA
258,261,7.97902052047775,114.056479450437,22.402662619823,114.468852483148,22.3534728334264,128.198525299011,120.219504778533,1995.87574639133,2003.85476691181,NA
261,262,0.0322749039005927,114.468852483148,22.3534728334264,114.438800916156,22.3462465830602,128.230800202912,128.198525299011,2003.85476691181,2003.88704181571,NA
191,194,1.91111464562111,102.990420626095,25.1078358410692,102.455484418186,24.6495033345742,128.267761357227,126.356646711605,2002.0128883244,2003.92400297003,NA
252,20,2.03413989790343,111.202026200155,30.598838076377,111.141056631442,30.503931719857,128.382114551584,126.347974653681,2002.00421626648,2004.03835616438,SC1_DQ648857.1
261,263,0.657466974280634,114.468852483148,22.3534728334264,114.221496563187,22.4192365965617,128.855992273292,128.198525299011,2003.85476691181,2004.51223388609,NA
263,264,0.0390962440451901,114.221496563187,22.4192365965617,114.228816265504,22.4170597369811,128.895088517337,128.855992273292,2004.51223388609,2004.55133013014,NA
264,265,0.0979337703470513,114.228816265504,22.4170597369811,114.349392523718,22.4239269034427,128.993022287684,128.895088517337,2004.55133013014,2004.64926390048,NA
211,215,1.61282244427521,103.11385137363,25.0492484864306,103.073245183795,24.9717758684231,129.042523075768,127.429700631492,2003.08594224429,2004.69876468857,NA
235,1,6.3109478217177,111.7939042663,33.183694391631,111.1470412052,30.8629639880162,129.215447884918,122.9045000632,1998.560741676,2004.87168949772,SC1_DQ412042.1
252,19,2.86747323123669,111.202026200155,30.598838076377,111.216384447403,30.5973525886896,129.215447884918,126.347974653681,2002.00421626648,2004.87168949772,SC1_DQ412043.1
190,115,4.89161102439926,103.180799561899,25.0978276994617,108.247968304116,22.7816556449361,129.297415098033,124.405804073633,2000.06204568643,2004.95365671083,SC1_DQ071615.1
264,269,0.413212834406497,114.228816265504,22.4170597369811,114.396956049294,22.2156104673183,129.308301351743,128.895088517337,2004.55133013014,2004.96454296454,NA
191,192,3.01373665851425,102.990420626095,25.1078358410692,102.223967248234,26.2745624209612,129.37038337012,126.356646711605,2002.0128883244,2005.02662498292,NA
265,266,0.499632677379207,114.349392523718,22.4239269034427,114.143302548554,22.3562261645738,129.492654965063,128.993022287684,2004.64926390048,2005.14889657786,NA
262,31,1.2800814719605,114.438800916156,22.3462465830602,114.366463315768,22.1831986831021,129.510881674872,128.230800202912,2003.88704181571,2005.16712328767,SC1_DQ022305.2
266,32,0.0374047920007428,114.143302548554,22.3562261645738,114.146982688514,22.3623071823044,129.530059757064,129.492654965063,2005.14889657786,2005.18630136986,SC1_DQ084199.1
262,30,1.35679380072765,114.438800916156,22.3462465830602,113.934510690232,22.502387144225,129.587594003639,128.230800202912,2003.88704181571,2005.24383561644,SC1_DQ084200.1
258,259,9.4501685796805,114.056479450437,22.402662619823,113.94651937439,22.4843443536382,129.669673358214,120.219504778533,1995.87574639133,2005.32591497101,NA
259,260,0.12085646998467,113.94651937439,22.4843443536382,113.915200853053,22.5038884909813,129.790529828198,129.669673358214,2005.32591497101,2005.446771441,NA
266,267,0.555696393352331,114.143302548554,22.3562261645738,114.255187849959,22.4774715435186,130.048351358415,129.492654965063,2005.14889657786,2005.70459297121,NA
265,36,1.1069004830787,114.349392523718,22.4239269034427,114.257415281151,22.1629343778058,130.099922770763,128.993022287684,2004.64926390048,2005.75616438356,SC1_GQ153539.1
269,37,0.791621419019254,114.396956049294,22.2156104673183,114.061935088604,22.1306222555842,130.099922770763,129.308301351743,2004.96454296454,2005.75616438356,SC1_GQ153540.1
278,279,9.73034286468248,116.218697017573,26.1616148271447,116.236209752824,26.9056366190288,130.238021569821,120.507678705139,1996.16392031794,2005.89426318262,NA
267,38,0.289927576730665,114.255187849959,22.4774715435186,114.273020754365,22.4631046621009,130.338278935146,130.048351358415,2005.70459297121,2005.99452054795,SC1_GQ153541.1
190,117,5.97631047795108,103.180799561899,25.0978276994617,106.570969512879,27.8506705379916,130.382114551584,124.405804073633,2000.06204568643,2006.03835616438,SC1_FJ588686.1
267,268,0.346209546251556,114.255187849959,22.4774715435186,114.171932463747,22.5904544015803,130.394560904667,130.048351358415,2005.70459297121,2006.05080251747,NA
260,28,0.714872394618961,113.915200853053,22.5038884909813,114.395203645524,22.4199630284715,130.505402222817,129.790529828198,2005.446771441,2006.16164383562,SC1_GQ153542.1
260,29,0.714872394618961,113.915200853053,22.5038884909813,114.014505302627,22.5670257245591,130.505402222817,129.790529828198,2005.446771441,2006.16164383562,SC1_GQ153543.1
268,39,0.642348167465476,114.171932463747,22.5904544015803,114.248556679342,22.5494722413088,131.036909072132,130.394560904667,2006.05080251747,2006.69315068493,SC1_GQ153544.1
268,33,0.642348167465476,114.171932463747,22.5904544015803,114.018019400355,22.5621322748266,131.036909072132,130.394560904667,2006.05080251747,2006.69315068493,SC1_GQ153545.1
211,212,3.8088326907511,103.11385137363,25.0492484864306,102.940279917537,25.2696171104805,131.238533322244,127.429700631492,2003.08594224429,2006.89477493504,NA
194,195,3.2262931335562,102.455484418186,24.6495033345742,102.530993261894,24.5938275563368,131.494054490783,128.267761357227,2003.92400297003,2007.15029610358,NA
263,35,2.70420447007358,114.221496563187,22.4192365965617,114.331007574218,22.4416807179386,131.560196743365,128.855992273292,2004.51223388609,2007.21643835616,SC1_GQ153546.1
259,27,2.07956448104185,113.94651937439,22.4843443536382,113.95481897305,22.4505526452126,131.749237839256,129.669673358214,2005.32591497101,2007.40547945205,SC1_GQ153547.1
195,202,0.422481798252827,102.530993261894,24.5938275563368,102.515265365372,24.5694615109796,131.916536289036,131.494054490783,2007.15029610358,2007.57277790183,NA
160,175,7.74622888980231,111.597468780895,24.0907130749169,113.514843765405,24.5037043512179,131.975199394081,124.228970504278,1999.88521211708,2007.63144100688,NA
210,220,6.58427692486649,103.111784681697,24.951036522296,102.989610343321,24.8876282795356,132.149207004385,125.564930079518,2001.22117169232,2007.80544861718,NA
269,34,2.94504607655354,114.396956049294,22.2156104673183,114.363451011437,22.2958691565138,132.253347428297,129.308301351743,2004.96454296454,2007.9095890411,SC1_GQ153548.1
274,275,5.81408465272316,119.687817862289,29.5486184745876,119.15534338228,27.9878647088095,132.490496510196,126.676411857473,2002.33265347027,2008.146738123,NA
215,216,3.4963434314169,103.073245183795,24.9717758684231,103.248827204777,24.8128125724572,132.538866507185,129.042523075768,2004.69876468857,2008.19510811998,NA
195,196,1.86720338130586,102.530993261894,24.5938275563368,102.48409149073,24.6491563788325,133.361257872089,131.494054490783,2007.15029610358,2009.01749948489,NA
253,254,8.93126531834898,115.376949956272,27.9652267622243,115.322910250467,28.6769385798028,134.081102111496,125.149836793147,2000.80607840595,2009.73734372429,NA
216,218,1.62335630882602,103.248827204777,24.8128125724572,104.490997876209,24.6541620142229,134.162222816011,132.538866507185,2008.19510811998,2009.81846442881,NA
202,203,2.32571090978868,102.515265365372,24.5694615109796,102.959689785027,25.1557171815765,134.242247198824,131.916536289036,2007.57277790183,2009.89848881162,NA
236,239,7.75950519736282,111.897793455692,35.8162489794692,126.075654781162,42.0492101994905,134.463770242874,126.704265045511,2002.36050665831,2010.12001185567,NA
236,237,8.09912244196666,111.897793455692,35.8162489794692,111.830451287398,35.8939301485191,134.803387487477,126.704265045511,2002.36050665831,2010.45962910028,NA
218,219,1.15083705027024,104.490997876209,24.6541620142229,104.39561809645,24.3799848745688,135.313059866281,134.162222816011,2009.81846442881,2010.96930147908,NA
153,129,61.2445568758808,112.165748462596,25.6809670853224,103.817701404679,25.1252433860573,135.382114551584,74.1375576757037,1949.7937992885,2011.03835616438,SC1_JX993988.1
192,118,6.01173118146474,102.223967248234,26.2745624209612,99.0026440849544,25.0015245498724,135.382114551584,129.37038337012,2005.02662498292,2011.03835616438,SC1_KF569996.1
212,213,4.16410487018197,102.940279917537,25.2696171104805,102.915472707706,25.2673071917826,135.402638192426,131.238533322244,2006.89477493504,2011.05887980522,NA
203,205,1.25894837282506,102.959689785027,25.1557171815765,102.91407544632,25.1381681081669,135.501195571649,134.242247198824,2009.89848881162,2011.15743718445,NA
205,102,0.171329938839323,102.91407544632,25.1381681081669,102.922216041972,25.0412359381803,135.672525510489,135.501195571649,2011.15743718445,2011.32876712329,SC1_KC881005.1
213,214,0.312340915964851,102.915472707706,25.2673071917826,102.736953987221,24.9929109482409,135.71497910839,135.402638192426,2011.05887980522,2011.37122072119,NA
205,206,0.405202421394531,102.91407544632,25.1381681081669,102.943096306251,25.024864816205,135.906397993044,135.501195571649,2011.15743718445,2011.56263960584,NA
237,238,1.12665058828612,111.830451287398,35.8939301485191,111.682844032665,35.9361530237338,135.930038075764,134.803387487477,2010.45962910028,2011.58627968856,NA
239,240,1.52866021685312,126.075654781162,42.0492101994905,125.722425216799,41.8551986662796,135.992430459727,134.463770242874,2010.12001185567,2011.64867207253,NA
234,15,19.5139462012524,111.644903557358,32.6304011456607,109.793808685221,33.3993344719706,136.047867976242,116.53392177499,1992.19016338779,2011.70410958904,SC1_JX993987.1
206,209,0.179477013655408,102.943096306251,25.024864816205,102.928229120152,25.0430445001663,136.085875006699,135.906397993044,2011.56263960584,2011.7421166195,NA
240,241,0.154345133984298,125.722425216799,41.8551986662796,125.702888279188,41.9052146149321,136.146775593711,135.992430459727,2011.64867207253,2011.80301720651,NA
206,207,0.249261257682909,102.943096306251,25.024864816205,102.936535136612,25.0252207368234,136.155659250727,135.906397993044,2011.56263960584,2011.81190086353,NA
203,204,2.00184868668164,102.959689785027,25.1557171815765,102.696525938628,25.0717138847333,136.244095885506,134.242247198824,2009.89848881162,2011.9003374983,NA
254,255,2.244868434525,115.322910250467,28.6769385798028,113.696589439483,28.6236652956154,136.325970546021,134.081102111496,2009.73734372429,2011.98221215882,NA
144,145,27.3583121726783,106.731357301613,18.8485096456107,101.878016344421,21.7319630799763,136.327085174231,108.968773001552,1984.62501461435,2011.98332678703,NA
186,125,10.4390347368268,101.888757199374,25.365890463507,98.3743563077101,24.6118490059022,136.382114551584,125.943079814758,2001.59932142756,2012.03835616438,SC1_KU973692.1
275,46,3.89161804138832,119.15534338228,27.9878647088095,119.215558109204,28.0435174982689,136.382114551584,132.490496510196,2008.146738123,2012.03835616438,SC1_KF294457.1
238,2,0.452076475820848,111.682844032665,35.9361530237338,112.728101047425,35.2755338059853,136.382114551584,135.930038075764,2011.58627968856,2012.03835616438,SC1_KY770860.1
240,6,0.38968409185768,125.722425216799,41.8551986662796,125.731991468357,41.8484531186855,136.382114551584,135.992430459727,2011.64867207253,2012.03835616438,SC1_KJ473811.1
207,103,0.439570054956022,102.936535136612,25.0252207368234,102.804137248386,24.7713332123959,136.595229305683,136.155659250727,2011.81190086353,2012.25147091848,SC1_KC881006.1
156,157,26.5384592113264,111.601618791636,24.6653082963766,114.348649862817,29.8582378033083,136.769499522678,110.231040311351,1985.88728192415,2012.42574113548,NA
207,208,0.76629017076179,102.936535136612,25.0252207368234,103.068259190857,25.1226480104136,136.921949421489,136.155659250727,2011.81190086353,2012.57819103429,NA
192,193,7.55664473571368,102.223967248234,26.2745624209612,105.411303386842,24.8819169876195,136.927028105833,129.37038337012,2005.02662498292,2012.58326971863,NA
208,104,0.126831796762632,103.068259190857,25.1226480104136,103.063820650303,25.1101154539863,137.048781218251,136.921949421489,2012.57819103429,2012.70502283105,SC1_KF367457.1
214,85,1.38025019729239,102.736953987221,24.9929109482409,102.748147699945,24.9764998095727,137.095229305683,135.71497910839,2011.37122072119,2012.75147091848,SC1_KY417143.1
209,101,1.00935429898352,102.928229120152,25.0430445001663,102.687536383276,24.7207291760408,137.095229305683,136.085875006699,2011.7421166195,2012.75147091848,SC1_KY417144.1
204,100,0.851133420176879,102.696525938628,25.0717138847333,102.661042060916,24.9931877715293,137.095229305683,136.244095885506,2011.9003374983,2012.75147091848,SC1_KY417145.1
220,221,4.98638431102527,102.989610343321,24.8876282795356,102.804547844758,24.7914822258432,137.13559131541,132.149207004385,2007.80544861718,2012.79183292821,NA
248,249,55.5324905060564,115.214020581482,27.269759987485,113.758646902696,25.7628780594812,137.211090050332,81.6785995442756,1957.33484115707,2012.86733166313,NA
186,187,11.4039861915188,101.888757199374,25.365890463507,102.286193967848,25.0409832033857,137.347066006277,125.943079814758,2001.59932142756,2013.00330761908,NA
142,130,125.066874460058,108.749122756166,19.0650819761205,141.191010617993,39.59556175833,137.382114551584,12.3152400915266,1887.97148170433,2013.03835616438,SC1_LC556375.1
250,25,39.4501564949333,115.695251359801,28.0757766123004,114.991292681079,29.6168196494486,137.382114551584,97.9319580566512,1973.58819966945,2013.03835616438,SC1_KJ473814.1
159,69,13.9000740056219,111.573920379427,24.5759235495323,111.612439778266,24.511552156504,137.382114551584,123.482040545963,1999.13828215876,2013.03835616438,SC1_KJ473815.1
237,4,2.57872706410696,111.830451287398,35.8939301485191,112.129546661552,36.1812818658527,137.382114551584,134.803387487477,2010.45962910028,2013.03835616438,SC1_KJ473813.1
238,3,1.45207647582085,111.682844032665,35.9361530237338,113.888340656622,36.4248334213521,137.382114551584,135.930038075764,2011.58627968856,2013.03835616438,SC1_KJ473812.1
193,119,0.455086445751055,105.411303386842,24.8819169876195,105.684486556633,25.3360523444446,137.382114551584,136.927028105833,2012.58326971863,2013.03835616438,SC1_KY770858.1
193,120,0.455086445751055,105.411303386842,24.8819169876195,105.441989505011,24.8581728583467,137.382114551584,136.927028105833,2012.58326971863,2013.03835616438,SC1_KY770859.1
221,88,0.246523236174504,102.804547844758,24.7914822258432,102.988169623038,24.6890985510258,137.382114551584,137.13559131541,2012.79183292821,2013.03835616438,SC1_KJ473816.1
215,82,8.63000243472096,103.073245183795,24.9717758684231,102.726375796626,24.6398235628355,137.672525510489,129.042523075768,2004.69876468857,2013.32876712329,SC1_KY417147.1
212,86,6.43399218824507,102.940279917537,25.2696171104805,102.850201825932,24.9891491658715,137.672525510489,131.238533322244,2006.89477493504,2013.32876712329,SC1_KY417146.1
220,87,5.52331850610397,102.989610343321,24.8876282795356,102.776614864365,24.9472419065672,137.672525510489,132.149207004385,2007.80544861718,2013.32876712329,SC1_KY417148.1
208,106,0.750576089000093,103.068259190857,25.1226480104136,102.919452331988,24.6888826305665,137.672525510489,136.921949421489,2012.57819103429,2013.32876712329,SC1_KY417149.1
187,126,0.424089641198393,102.286193967848,25.0409832033857,102.292322329682,25.0509509620908,137.771155647475,137.347066006277,2013.00330761908,2013.42739726027,SC1_KP886808.1
187,127,0.424089641198393,102.286193967848,25.0409832033857,102.258130532518,25.059659501244,137.771155647475,137.347066006277,2013.00330761908,2013.42739726027,SC1_KP886809.1
213,83,2.5301612906657,102.915472707706,25.2673071917826,103.01502998549,25.125343782,137.932799483091,135.402638192426,2011.05887980522,2013.58904109589,SC1_KY417150.1
214,84,2.21782037470085,102.736953987221,24.9929109482409,102.975508014703,24.6857193450124,137.932799483091,135.71497910839,2011.37122072119,2013.58904109589,SC1_KT444582.1
241,7,1.81616087568156,125.702888279188,41.9052146149321,125.75771254377,41.8957078716342,137.962936469393,136.146775593711,2011.80301720651,2013.61917808219,SC1_KU182964.1
221,222,1.15285347981386,102.804547844758,24.7914822258432,102.784052034194,24.8006325279068,138.288444795224,137.13559131541,2012.79183292821,2013.94468640802,NA
222,223,0.16588947277204,102.784052034194,24.8006325279068,102.667598167063,24.6665563343627,138.454334267996,138.288444795224,2013.94468640802,2014.11057588079,NA
223,224,0.144413111866249,102.667598167063,24.6665563343627,102.673506405484,24.6732188780415,138.598747379862,138.454334267996,2014.11057588079,2014.25498899266,NA
160,161,14.3973032671993,111.597468780895,24.0907130749169,114.534108096556,23.6126656748587,138.626273771478,124.228970504278,1999.88521211708,2014.28251538428,NA
224,95,0.142271281311401,102.673506405484,24.6732188780415,102.666119642962,24.6712657091156,138.741018661174,138.598747379862,2014.25498899266,2014.39726027397,SC1_KY417142.1
223,225,0.424119189236999,102.667598167063,24.6665563343627,102.734700100923,24.8752710094435,138.878453457233,138.454334267996,2014.11057588079,2014.53469507003,NA
161,167,0.479931786048281,114.534108096556,23.6126656748587,114.379861610347,23.5853559950279,139.106205557526,138.626273771478,2014.28251538428,2014.76244717032,NA
225,97,0.314619998461215,102.734700100923,24.8752710094435,102.794892272479,24.8541132768221,139.193073455694,138.878453457233,2014.53469507003,2014.84931506849,SC1_KY417151.1
175,176,7.46672351647,113.514843765405,24.5037043512179,113.129246728544,24.5537890903678,139.441922910551,131.975199394081,2007.63144100688,2015.09816452335,NA
143,148,82.9160575131017,108.156573350802,19.641788504081,108.736224691776,22.1336773534516,139.676843923176,56.7607864100747,1932.41702802287,2015.33308553598,NA
273,41,12.6586872362173,120.463207190194,29.7587476458669,122.324130334183,29.8217273312434,139.878004962543,127.219317726326,2002.87555933913,2015.53424657534,SC1_MG772934.1
241,242,3.74329671277912,125.702888279188,41.9052146149321,124.578387627524,41.5406936312052,139.89007230649,136.146775593711,2011.80301720651,2015.54631391929,NA
145,146,3.57610679309712,101.878016344421,21.7319630799763,101.454759307205,21.1505797850546,139.903191967328,136.327085174231,2011.98332678703,2015.55943358013,NA
176,178,0.59077820458828,113.129246728544,24.5537890903678,112.957514907995,24.4715110200013,140.032701115139,139.441922910551,2015.09816452335,2015.68894272794,NA
225,98,1.2927021902419,102.734700100923,24.8752710094435,102.807955816218,24.9499483324243,140.171155647475,138.878453457233,2014.53469507003,2015.82739726027,SC1_KY417152.1
148,149,0.571854165627506,108.736224691776,22.1336773534516,108.741626181946,22.1370579517958,140.248698088804,139.676843923176,2015.33308553598,2015.9049397016,NA
222,226,2.1091850954775,102.784052034194,24.8006325279068,102.787464789315,24.7976342513948,140.397629890701,138.288444795224,2013.94468640802,2016.0538715035,NA
176,177,0.991322033229602,113.129246728544,24.5537890903678,112.539587252295,24.0624685889745,140.43324494378,139.441922910551,2015.09816452335,2016.08948655658,NA
167,169,1.40565063626672,114.379861610347,23.5853559950279,114.250254164904,23.5723362212688,140.511856193793,139.106205557526,2014.76244717032,2016.16809780659,NA
149,150,0.275980621307899,108.741626181946,22.1370579517958,108.747242516586,22.127456242221,140.524678710112,140.248698088804,2015.9049397016,2016.18092032291,NA
169,174,0.111355096753883,114.250254164904,23.5723362212688,114.242120613852,23.5820491810909,140.623211290546,140.511856193793,2016.16809780659,2016.27945290335,NA
226,228,0.238192822699916,102.787464789315,24.7976342513948,102.724592921612,25.0509453615409,140.635822713401,140.397629890701,2016.0538715035,2016.2920643262,NA
239,5,6.21069403548671,126.075654781162,42.0492101994905,127.033274598228,35.3978556133316,140.67446427836,134.463770242874,2010.12001185567,2016.33070589116,SC1_KY938558.1
228,229,0.122368928038932,102.724592921612,25.0509453615409,102.790833877787,24.995426970184,140.75819164144,140.635822713401,2016.2920643262,2016.41443325424,NA
226,227,0.391243056737411,102.787464789315,24.7976342513948,102.77905751844,24.860221410159,140.788872947439,140.397629890701,2016.0538715035,2016.44511456024,NA
271,47,26.4121138505215,115.419466177127,26.3477906540426,116.66962202551,24.6064336685114,140.879382311147,114.467268460626,1990.12351007342,2016.53562392395,SC1_OK017812.1
150,151,0.36830849345483,108.747242516586,22.127456242221,108.721680762082,22.0790356907975,140.892987203567,140.524678710112,2016.18092032291,2016.54922881637,NA
228,230,0.268392335192305,102.724592921612,25.0509453615409,102.344860960205,24.5882088810327,140.904215048594,140.635822713401,2016.2920643262,2016.56045666139,NA
234,16,24.4301599897095,111.644903557358,32.6304011456607,104.560090377501,32.4201907120523,140.964081764699,116.53392177499,1992.19016338779,2016.6203233775,SC1_OK017846.1
183,124,21.8975382362071,101.575769444844,25.1744710852773,100.973813009706,27.9269346205273,140.964081764699,119.066543528492,1994.72278514129,2016.6203233775,SC1_MK211374.1
229,91,0.205890123258985,102.790833877787,24.995426970184,103.070777261209,25.0666155566266,140.964081764699,140.75819164144,2016.41443325424,2016.6203233775,SC1_OK017848.1
229,89,0.205890123258985,102.790833877787,24.995426970184,102.724283072273,24.9784840559105,140.964081764699,140.75819164144,2016.41443325424,2016.6203233775,SC1_OK017850.1
227,94,0.175208817260422,102.77905751844,24.860221410159,103.384660892249,24.3452505938173,140.964081764699,140.788872947439,2016.44511456024,2016.6203233775,SC1_OK017849.1
230,90,0.0598667161056126,102.344860960205,24.5882088810327,102.462848010079,24.6183028326734,140.964081764699,140.904215048594,2016.56045666139,2016.6203233775,SC1_OK017847.1
230,92,0.0598667161056126,102.344860960205,24.5882088810327,102.360073937241,24.5902025514691,140.964081764699,140.904215048594,2016.56045666139,2016.6203233775,SC1_OK017851.1
194,116,12.7810198610246,102.455484418186,24.6495033345742,102.140229359424,25.1192110639042,141.048781218251,128.267761357227,2003.92400297003,2016.70502283105,SC1_MK211375.1
209,105,4.96290621155192,102.928229120152,25.0430445001663,102.900467126023,25.0399373659931,141.048781218251,136.085875006699,2011.7421166195,2016.70502283105,SC1_MK211378.1
224,96,2.4500338383891,102.673506405484,24.6732188780415,102.856816145186,24.4858352923111,141.048781218251,138.598747379862,2014.25498899266,2016.70502283105,SC1_MK211377.1
227,93,0.25990827081247,102.77905751844,24.860221410159,102.769493150299,24.8518789049608,141.048781218251,140.788872947439,2016.44511456024,2016.70502283105,SC1_MK211376.1
169,170,0.756132987444642,114.250254164904,23.5723362212688,114.266338147267,23.5916152089033,141.267989181237,140.511856193793,2016.16809780659,2016.92423079404,NA
148,137,1.70527062840803,108.736224691776,22.1336773534516,108.751374623552,22.1542630081208,141.382114551584,139.676843923176,2015.33308553598,2017.03835616438,SC1_MT040334.1
149,138,1.13341646278053,108.741626181946,22.1370579517958,108.712025834612,21.7903884904932,141.382114551584,140.248698088804,2015.9049397016,2017.03835616438,SC1_MT040336.1
151,140,0.489127348017798,108.721680762082,22.0790356907975,108.870065021691,22.0030803184122,141.382114551584,140.892987203567,2016.54922881637,2017.03835616438,SC1_MT040333.1
151,139,0.489127348017798,108.721680762082,22.0790356907975,108.729629641149,22.065013514649,141.382114551584,140.892987203567,2016.54922881637,2017.03835616438,SC1_MT040335.1
274,42,14.7906342009607,119.687817862289,29.5486184745876,122.371321033305,30.0407360739082,141.467046058434,126.676411857473,2002.33265347027,2017.12328767123,SC1_MG772933.1
167,168,2.64487690145004,114.379861610347,23.5853559950279,114.437933699448,23.2978570063798,141.751082458976,139.106205557526,2014.76244717032,2017.40732407177,NA
170,171,0.587564418881287,114.266338147267,23.5916152089033,114.272040235159,23.6519635778833,141.855553600118,141.267989181237,2016.92423079404,2017.51179521292,NA
196,113,8.60167859730401,102.48409149073,24.6491563788325,112.179347671257,22.4262026088258,141.962936469393,133.361257872089,2009.01749948489,2017.61917808219,SC1_OK017792.1
171,172,0.173254273342016,114.272040235159,23.6519635778833,114.274642319838,23.6500816105086,142.02880787346,141.855553600118,2017.51179521292,2017.68504948626,NA
172,173,0.0156867368215661,114.274642319838,23.6500816105086,114.269395577034,23.6643670066677,142.044494610282,142.02880787346,2017.68504948626,2017.70073622308,NA
256,26,54.5322716028787,113.568385723036,22.94853301836,113.770857932836,23.9540853935305,142.047867976242,87.5155963733634,1963.17183798616,2017.70410958904,SC1_OK017823.1
177,73,1.61462303246188,112.539587252295,24.0624685889745,112.642349861902,24.0188640295431,142.047867976242,140.43324494378,2016.08948655658,2017.70410958904,SC1_OK017824.1
177,74,1.61462303246188,112.539587252295,24.0624685889745,112.572407121903,24.0893126137241,142.047867976242,140.43324494378,2016.08948655658,2017.70410958904,SC1_OK017822.1
174,57,1.42465668569565,114.242120613852,23.5820491810909,114.342882295982,23.5439385095461,142.047867976242,140.623211290546,2016.27945290335,2017.70410958904,SC1_OK017818.1
174,54,1.42465668569565,114.242120613852,23.5820491810909,114.295936412395,23.5768953147782,142.047867976242,140.623211290546,2016.27945290335,2017.70410958904,SC1_OK017815.1
170,60,0.779878795004892,114.266338147267,23.5916152089033,113.588533878825,23.5384666314929,142.047867976242,141.267989181237,2016.92423079404,2017.70410958904,SC1_OK017817.1
168,67,0.29678551726621,114.437933699448,23.2978570063798,114.376361744749,22.9622611619339,142.047867976242,141.751082458976,2017.40732407177,2017.70410958904,SC1_OK017813.1
168,68,0.29678551726621,114.437933699448,23.2978570063798,114.996132718024,23.3414784571072,142.047867976242,141.751082458976,2017.40732407177,2017.70410958904,SC1_OK017819.1
171,55,0.192314376123605,114.272040235159,23.6519635778833,114.222833983715,23.5692147775226,142.047867976242,141.855553600118,2017.51179521292,2017.70410958904,SC1_OK017821.1
172,56,0.0190601027815887,114.274642319838,23.6500816105086,114.345609708114,23.698831148736,142.047867976242,142.02880787346,2017.68504948626,2017.70410958904,SC1_OK017816.1
173,59,0.00337336596002258,114.269395577034,23.6643670066677,114.29173353894,23.6773311878308,142.047867976242,142.044494610282,2017.70073622308,2017.70410958904,SC1_OK017820.1
173,58,0.00337336596002258,114.269395577034,23.6643670066677,114.26960469091,23.6637930750784,142.047867976242,142.044494610282,2017.70073622308,2017.70410958904,SC1_OK017814.1
150,136,1.85743584147263,108.747242516586,22.127456242221,108.727625083486,22.1617415943124,142.382114551584,140.524678710112,2016.18092032291,2018.03835616438,SC1_MT072864.1
157,158,6.0434457184983,114.348649862817,29.8582378033083,112.603242602,29.6080245972975,142.812945241176,136.769499522678,2012.42574113548,2018.46918685398,NA
219,77,7.64987660311178,104.39561809645,24.3799848745688,104.474136191447,25.3493450929706,142.962936469393,135.313059866281,2010.96930147908,2018.61917808219,SC1_MW703458.1
196,197,9.99049901012516,102.48409149073,24.6491563788325,102.529018623215,24.6445669616057,143.351756882214,133.361257872089,2009.01749948489,2019.00799849501,NA
161,162,4.74661508599976,114.534108096556,23.6126656748587,114.969135999431,27.6447822727245,143.372888857477,138.626273771478,2014.28251538428,2019.02913047028,NA
178,179,3.41073188378347,112.957514907995,24.4715110200013,112.900860442614,24.436498663408,143.443432998922,140.032701115139,2015.68894272794,2019.09967461172,NA
275,276,11.0476127745971,119.15534338228,27.9878647088095,119.010826979662,26.994463780685,143.538109284793,132.490496510196,2008.146738123,2019.19435089759,NA
175,180,11.5985043717434,113.514843765405,24.5037043512179,113.511853156941,24.5093996431688,143.573703765824,131.975199394081,2007.63144100688,2019.22994537862,NA
162,165,0.419161346851845,114.969135999431,27.6447822727245,114.958966430682,27.6668284474944,143.792050204329,143.372888857477,2019.02913047028,2019.44829181713,NA
145,135,7.53448143214853,101.878016344421,21.7319630799763,101.316592931801,21.5778713450118,143.861566606379,136.327085174231,2011.98332678703,2019.51780821918,SC1_EPI_ISL_412977
242,244,3.97396753665501,124.578387627524,41.5406936312052,124.516972802842,41.6322535981485,143.864039843145,139.89007230649,2015.54631391929,2019.52028145594,NA
244,245,0.0428752627370748,124.516972802842,41.6322535981485,124.51644559887,41.6310481332268,143.906915105882,143.864039843145,2019.52028145594,2019.56315671868,NA
180,75,0.389232703568603,113.511853156941,24.5093996431688,113.454893840941,24.6198846938049,143.962936469393,143.573703765824,2019.22994537862,2019.61917808219,SC1_OK017826.1
180,76,0.389232703568603,113.511853156941,24.5093996431688,113.471014915198,24.4660437722398,143.962936469393,143.573703765824,2019.22994537862,2019.61917808219,SC1_OK017825.1
178,70,4.0151668611032,112.957514907995,24.4715110200013,111.099840695206,24.6532735516391,144.047867976242,140.032701115139,2015.68894272794,2019.70410958904,SC1_OK017859.1
179,71,0.604434977319726,112.900860442614,24.436498663408,113.083331645465,24.4234861418334,144.047867976242,143.443432998922,2019.09967461172,2019.70410958904,SC1_OK017827.1
179,72,0.604434977319726,112.900860442614,24.436498663408,112.880192704223,24.33347999882,144.047867976242,143.443432998922,2019.09967461172,2019.70410958904,SC1_OK017828.1
197,199,0.854488255531066,102.529018623215,24.6445669616057,102.436506872157,24.7398911103652,144.206245137745,143.351756882214,2019.00799849501,2019.86248675054,NA
199,200,0.0960778783410656,102.436506872157,24.7398911103652,102.434370998984,24.7059161081128,144.302323016086,144.206245137745,2019.86248675054,2019.95856462888,NA
146,147,4.55947166654552,101.454759307205,21.1505797850546,101.860549818625,18.468101825565,144.462663633873,139.903191967328,2015.55943358013,2020.11890524667,NA
200,201,0.175790501934534,102.434370998984,24.7059161081128,102.387932229215,24.7760411824952,144.47811351802,144.302323016086,2019.95856462888,2020.13435513082,NA
197,198,1.18524195628456,102.529018623215,24.6445669616057,101.992066635866,24.4261784240513,144.536998838498,143.351756882214,2019.00799849501,2020.1932404513,NA
183,184,25.6214587029308,101.575769444844,25.1744710852773,104.718435868996,26.3201957242215,144.688002231423,119.066543528492,1994.72278514129,2020.34424384422,NA
244,246,0.911016631426813,124.516972802842,41.6322535981485,124.550890547527,41.6427086119241,144.775056474572,143.864039843145,2019.52028145594,2020.43129808737,NA
146,132,4.87509744764489,101.454759307205,21.1505797850546,101.769533719638,21.5426313899015,144.778289414973,139.903191967328,2015.55943358013,2020.43453102777,SC1_MZ081381.1
204,99,8.55331921252672,102.696525938628,25.0717138847333,102.547295435292,25.0074646420236,144.797415098033,136.244095885506,2011.9003374983,2020.45365671083,SC1_OK017858.1
199,108,0.591169960287778,102.436506872157,24.7398911103652,102.56903589038,24.8470446880201,144.797415098033,144.206245137745,2019.86248675054,2020.45365671083,SC1_OK017856.1
200,109,0.495092081946712,102.434370998984,24.7059161081128,102.326238928413,24.7352595665214,144.797415098033,144.302323016086,2019.95856462888,2020.45365671083,SC1_OK017852.1
201,107,0.319301580012178,102.387932229215,24.7760411824952,102.382913994439,24.7682578500399,144.797415098033,144.47811351802,2020.13435513082,2020.45365671083,SC1_OK017857.1
201,110,0.319301580012178,102.387932229215,24.7760411824952,102.382737100716,24.8350240950884,144.797415098033,144.47811351802,2020.13435513082,2020.45365671083,SC1_OK017855.1
198,111,0.260416259534287,101.992066635866,24.4261784240513,101.821735519018,24.5626150840206,144.797415098033,144.536998838498,2020.1932404513,2020.45365671083,SC1_OK017853.1
198,112,0.260416259534287,101.992066635866,24.4261784240513,101.979285426511,24.4235796402446,144.797415098033,144.536998838498,2020.1932404513,2020.45365671083,SC1_OK017854.1
246,247,0.0297216962118643,124.550890547527,41.6427086119241,124.57069694112,41.6564443667391,144.804778170784,144.775056474572,2020.43129808737,2020.46101978358,NA
144,131,35.8778224243491,106.731357301613,18.8485096456107,101.091056312748,13.651515082643,144.846595425901,108.968773001552,1984.62501461435,2020.5028370387,SC1_MW251308.1
242,243,4.96947380978432,124.578387627524,41.5406936312052,124.585596862518,41.4612579052643,144.859546116275,139.89007230649,2015.54631391929,2020.51578772907,NA
158,52,2.06643706997121,112.603242602,29.6080245972975,112.518774626116,29.6115606568902,144.879382311147,142.812945241176,2018.46918685398,2020.53562392395,SC1_OK017801.1
158,53,2.06643706997121,112.603242602,29.6080245972975,112.419799144176,30.3328724531432,144.879382311147,142.812945241176,2018.46918685398,2020.53562392395,SC1_OK017802.1
147,134,0.433112119897163,101.860549818625,18.468101825565,101.909515547828,18.4186946053191,144.89577575377,144.462663633873,2020.11890524667,2020.55201736657,SC1_MZ937002.1
147,133,0.441308841208542,101.860549818625,18.468101825565,102.007532206258,18.8938601618552,144.903972475082,144.462663633873,2020.11890524667,2020.56021408788,SC1_MZ937004.1
202,114,13.1322449292156,102.515265365372,24.5694615109796,103.06939196232,22.8519626081734,145.048781218251,131.916536289036,2007.57277790183,2020.70502283105,SC1_OK017793.1
245,8,1.14186611236892,124.51644559887,41.6310481332268,124.388530858351,41.4819208308716,145.048781218251,143.906915105882,2019.56315671868,2020.70502283105,SC1_OK017797.1
245,12,1.14186611236892,124.51644559887,41.6310481332268,124.563333363463,41.5805713925653,145.048781218251,143.906915105882,2019.56315671868,2020.70502283105,SC1_OK017796.1
246,9,0.273724743679178,124.550890547527,41.6427086119241,124.461038590325,41.688291902978,145.048781218251,144.775056474572,2020.43129808737,2020.70502283105,SC1_OK017795.1
247,11,0.244003047467313,124.57069694112,41.6564443667391,124.638406657724,41.7022804855095,145.048781218251,144.804778170784,2020.46101978358,2020.70502283105,SC1_OK017798.1
247,10,0.244003047467313,124.57069694112,41.6564443667391,124.48361279855,41.6156192308121,145.048781218251,144.804778170784,2020.46101978358,2020.70502283105,SC1_OK017800.1
243,13,0.18923510197668,124.585596862518,41.4612579052643,124.577161479422,41.4493461643482,145.048781218251,144.859546116275,2020.51578772907,2020.70502283105,SC1_OK017799.1
243,14,0.18923510197668,124.585596862518,41.4612579052643,124.607440525799,41.4139514531214,145.048781218251,144.859546116275,2020.51578772907,2020.70502283105,SC1_OK017794.1
184,185,0.546122087660205,104.718435868996,26.3201957242215,104.900818374361,26.7187400833369,145.234124319083,144.688002231423,2020.34424384422,2020.89036593188,NA
216,217,12.8908156206876,103.248827204777,24.8128125724572,113.098148611006,27.1228640593568,145.429682127872,132.538866507185,2008.19510811998,2021.08592374067,NA
165,166,1.66236114012881,114.958966430682,27.6668284474944,114.680596849907,27.6072529329555,145.454411344458,143.792050204329,2019.44829181713,2021.11065295726,NA
276,277,1.92569842251887,119.010826979662,26.994463780685,118.934555271644,27.0081056734524,145.463807707312,143.538109284793,2019.19435089759,2021.12004932011,NA
255,21,9.14107551241308,113.696589439483,28.6236652956154,113.513388161393,28.5608438134043,145.467046058434,136.325970546021,2011.98221215882,2021.12328767123,SC1_OK017832.1
255,22,9.14107551241308,113.696589439483,28.6236652956154,114.037503436784,28.5630418318924,145.467046058434,136.325970546021,2011.98221215882,2021.12328767123,SC1_OK017833.1
217,79,0.0373639305615203,113.098148611006,27.1228640593568,113.1010348859,27.1435327654866,145.467046058434,145.429682127872,2021.08592374067,2021.12328767123,SC1_OK017804.1
217,80,0.0373639305615203,113.098148611006,27.1228640593568,113.108570488259,27.0987052523022,145.467046058434,145.429682127872,2021.08592374067,2021.12328767123,SC1_OK017803.1
162,163,2.15480074915143,114.969135999431,27.6447822727245,115.005559936457,27.6469018909037,145.527689606629,143.372888857477,2019.02913047028,2021.18393121943,NA
218,81,11.3815355711902,104.490997876209,24.6541620142229,110.465076581608,26.7826416913421,145.543758387201,134.162222816011,2009.81846442881,2021.2,SC1_OK017805.1
249,17,8.33266833686878,113.758646902696,25.7628780594812,113.853473367863,25.5749287620359,145.543758387201,137.211090050332,2012.86733166313,2021.2,SC1_OK017834.1
249,18,8.33266833686878,113.758646902696,25.7628780594812,113.56439565932,27.2407328854598,145.543758387201,137.211090050332,2012.86733166313,2021.2,SC1_OK017835.1
184,123,0.855756155777917,104.718435868996,26.3201957242215,104.691689480473,26.2984878526511,145.543758387201,144.688002231423,2020.34424384422,2021.2,SC1_OK017831.1
185,121,0.309634068117713,104.900818374361,26.7187400833369,104.88004148408,26.7442824051588,145.543758387201,145.234124319083,2020.89036593188,2021.2,SC1_OK017829.1
185,122,0.309634068117713,104.900818374361,26.7187400833369,104.865862555195,26.7923546104423,145.543758387201,145.234124319083,2020.89036593188,2021.2,SC1_OK017830.1
163,164,0.0907063324618855,115.005559936457,27.6469018909037,115.016437438213,27.6466045562818,145.618395939091,145.527689606629,2021.18393121943,2021.27463755189,NA
219,78,10.3556300277694,104.39561809645,24.3799848745688,103.22047139378,25.4573138534777,145.66868989405,135.313059866281,2010.96930147908,2021.32493150685,SC1_OK017806.1
278,48,25.2032029697332,116.218697017573,26.1616148271447,117.016397552443,24.571873928721,145.710881674872,120.507678705139,1996.16392031794,2021.36712328767,SC1_OK017808.1
276,43,2.17277239007889,119.010826979662,26.994463780685,118.841661300886,26.9275289091292,145.710881674872,143.538109284793,2019.19435089759,2021.36712328767,SC1_OK017809.1
277,44,0.247073967560015,118.934555271644,27.0081056734524,118.915137768218,26.992486797168,145.710881674872,145.463807707312,2021.12004932011,2021.36712328767,SC1_OK017811.1
277,45,0.247073967560015,118.934555271644,27.0081056734524,118.93588368921,27.0390621276317,145.710881674872,145.463807707312,2021.12004932011,2021.36712328767,SC1_OK017810.1
253,24,20.7281681693968,115.376949956272,27.9652267622243,115.481541729478,27.9178077341112,145.878004962543,125.149836793147,2000.80607840595,2021.53424657534,SC1_OK017860.1
273,40,18.6586872362173,120.463207190194,29.7587476458669,117.323110512868,30.1531110802176,145.878004962543,127.219317726326,2002.87555933913,2021.53424657534,SC1_OK017807.1
279,49,15.639983392722,116.236209752824,26.9056366190288,116.760135965104,27.1361096077409,145.878004962543,130.238021569821,2005.89426318262,2021.53424657534,SC1_OK017845.1
279,50,15.639983392722,116.236209752824,26.9056366190288,116.363670080475,26.8358269396348,145.878004962543,130.238021569821,2005.89426318262,2021.53424657534,SC1_OK017844.1
254,23,11.7969028510478,115.322910250467,28.6769385798028,115.271008810679,28.7293433633405,145.878004962543,134.081102111496,2009.73734372429,2021.53424657534,SC1_OK017837.1
157,51,9.1085054398656,114.348649862817,29.8582378033083,115.762809633886,29.005984241008,145.878004962543,136.769499522678,2012.42574113548,2021.53424657534,SC1_OK017836.1
165,63,2.08595475821427,114.958966430682,27.6668284474944,114.790553365882,27.0397650431288,145.878004962543,143.792050204329,2019.44829181713,2021.53424657534,SC1_OK017838.1
166,61,0.42359361808546,114.680596849907,27.6072529329555,115.2082941713,28.0520643742372,145.878004962543,145.454411344458,2021.11065295726,2021.53424657534,SC1_OK017839.1
166,62,0.42359361808546,114.680596849907,27.6072529329555,114.67029548876,27.60923195683,145.878004962543,145.454411344458,2021.11065295726,2021.53424657534,SC1_OK017840.1
163,64,0.350315355914686,115.005559936457,27.6469018909037,114.215354496743,27.6013329998708,145.878004962543,145.527689606629,2021.18393121943,2021.53424657534,SC1_OK017842.1
164,65,0.2596090234528,115.016437438213,27.6466045562818,114.992938471129,27.7847212038869,145.878004962543,145.618395939091,2021.27463755189,2021.53424657534,SC1_OK017843.1
164,66,0.2596090234528,115.016437438213,27.6466045562818,115.024411525871,27.7266237584447,145.878004962543,145.618395939091,2021.27463755189,2021.53424657534,SC1_OK017841.1
