node1,node2,length,startLon,startLat,endLon,endLat,endNodeL,startNodeL,startYear,endYear,tipLabel,startClade,endClade
275,276,1.7655238382935,106.491539326156,26.3243150437835,107.786882528682,27.0693191248985,289.118145923972,287.352622085678,1982.69996954359,1984.46549338188,NA,main,main
203,220,7.83014872958411,104.185831987326,26.6154995634476,104.709236343409,26.6633508362876,289.470594731409,281.640446001824,1976.98779345974,1984.81794218932,NA,main,main
203,204,8.41834163516349,104.185831987326,26.6154995634476,111.670737943187,31.0099656168743,290.058787636988,281.640446001824,1976.98779345974,1985.4061350949,NA,main,main
198,199,13.3859775605624,105.970756220082,27.0645623689095,105.450530656996,27.8072199357185,291.647951035039,278.261973474477,1973.60932093239,1986.99529849295,NA,main,main
276,278,6.96718901704066,107.786882528682,27.0693191248985,109.48470959351,26.9037770993069,296.085334941013,289.118145923972,1984.46549338188,1991.43268239892,NA,main,main
271,272,3.21713443433019,101.442894033478,21.5610553208987,101.634260892253,21.6468455645785,297.002391614371,293.785257180041,1989.13260463795,1992.34973907228,NA,main,main
263,264,10.4929670510052,101.755607360992,25.9250633501005,101.762227221833,25.9228540367466,297.515318492318,287.022351441313,1982.36969889922,1992.86266595023,NA,main,main
220,222,8.12619818837551,104.709236343409,26.6633508362876,104.070662417084,26.1444366038664,297.596792919784,289.470594731409,1984.81794218932,1992.9441403777,NA,main,main
222,223,0.501913373511513,104.070662417084,26.1444366038664,104.00555715844,26.0481560107894,298.098706293296,297.596792919784,1992.9441403777,1993.44605375121,NA,main,main
204,205,9.56696319113711,111.670737943187,31.0099656168743,111.584321167716,30.965868856041,299.625750828125,290.058787636988,1985.4061350949,1994.97309828604,NA,main,main
223,224,3.89143786804837,104.00555715844,26.0481560107894,103.898189594889,26.0018846674285,301.990144161344,298.098706293296,1993.44605375121,1997.33749161926,NA,main,main
149,160,8.75747058773117,114.30089011544,22.0565209960446,113.266585471407,22.700818644903,302.519432137051,293.76196154932,1989.10930900723,1997.86677959496,NA,main,main
160,161,1.92242643793452,113.266585471407,22.700818644903,113.382016847429,22.7608985477095,304.441858574986,302.519432137051,1997.86677959496,1999.7892060329,NA,main,main
204,218,15.2175313109679,111.670737943187,31.0099656168743,111.326337876921,30.7044519414233,305.276318947956,290.058787636988,1985.4061350949,2000.62366640587,NA,main,main
149,150,12.2219329875832,114.30089011544,22.0565209960446,114.268025419161,22.2162405663636,305.983894536904,293.76196154932,1989.10930900723,2001.33124199482,NA,main,main
224,256,4.11369108132436,103.898189594889,26.0018846674285,103.869369025134,26.0811342142153,306.103835242668,301.990144161344,1997.33749161926,2001.45118270058,NA,main,main
224,225,4.60336085612123,103.898189594889,26.0018846674285,102.773299490675,24.9210656701178,306.593505017465,301.990144161344,1997.33749161926,2001.94085247538,NA,main,main
205,206,7.34499705454181,111.584321167716,30.965868856041,112.917316256988,35.0428510505881,306.970747882667,299.625750828125,1994.97309828604,2002.31809534058,NA,main,main
161,163,2.90120126257387,113.382016847429,22.7608985477095,113.476444517216,22.8232374019647,307.34305983756,304.441858574986,1999.7892060329,2002.69040729547,NA,main,main
163,182,0.032514696490324,113.476444517216,22.8232374019647,113.472267371179,22.809662707046,307.37557453405,307.34305983756,2002.69040729547,2002.72292199196,NA,main,main
225,242,1.05071440208361,102.773299490675,24.9210656701178,102.738137005216,24.9059707309574,307.644219419549,306.593505017465,2001.94085247538,2002.99156687746,NA,main,main
242,243,0.312057798765554,102.738137005216,24.9059707309574,102.749042256017,24.8648582560496,307.956277218314,307.644219419549,2002.99156687746,2003.30362467623,NA,main,main
243,246,0.00901090283230133,102.749042256017,24.8648582560496,102.758257139175,24.8553146057304,307.965288121147,307.956277218314,2003.30362467623,2003.31263557906,NA,main,main
225,226,1.6046882406195,102.773299490675,24.9210656701178,102.887578738125,24.9406919025735,308.198193258085,306.593505017465,2001.94085247538,2003.545540716,NA,main,main
150,153,2.21940200664291,114.268025419161,22.2162405663636,114.243066979889,22.1986076380103,308.203296543546,305.983894536904,2001.33124199482,2003.55064400146,NA,main,main
218,219,3.05564774521681,111.326337876921,30.7044519414233,111.352288401744,30.621592635986,308.331966693173,305.276318947956,2000.62366640587,2003.67931415108,NA,main,main
153,154,0.457759831511282,114.243066979889,22.1986076380103,114.275609544335,22.2003734858462,308.661056375058,308.203296543546,2003.55064400146,2004.00840383297,NA,main,main
163,164,1.3421960367721,113.476444517216,22.8232374019647,113.276956524108,22.9757803646722,308.685255874332,307.34305983756,2002.69040729547,2004.03260333224,NA,main,main
219,92,0.359042013298918,111.352288401744,30.621592635986,111.487960831757,30.6362743054318,308.691008706472,308.331966693173,2003.67931415108,2004.03835616438,SC1_DQ648857.1,main,main
154,155,0.501379024921661,114.275609544335,22.2003734858462,114.392039408909,22.12849337759,309.162435399979,308.661056375058,2004.00840383297,2004.50978285789,NA,main,main
242,250,1.67415313862063,102.738137005216,24.9059707309574,102.795428912695,24.9072691513589,309.318372558169,307.644219419549,2002.99156687746,2004.66572001608,NA,main,main
150,151,3.35132479363885,114.268025419161,22.2162405663636,114.237303367113,22.3536279190223,309.335219330542,305.983894536904,2001.33124199482,2004.68256678845,NA,main,main
151,152,0.0687434304280643,114.237303367113,22.3536279190223,114.220786332683,22.3282197569626,309.40396276097,309.335219330542,2004.68256678845,2004.75131021888,NA,main,main
205,91,9.89859121167976,111.584321167716,30.965868856041,111.520715692379,30.910005039689,309.524342039805,299.625750828125,1994.97309828604,2004.87168949772,SC1_DQ412042.1,main,main
219,93,1.19237534663218,111.352288401744,30.621592635986,111.362452674874,30.634621394941,309.524342039805,308.331966693173,2003.67931415108,2004.87168949772,SC1_DQ412043.1,main,main
223,109,11.5076029596241,104.00555715844,26.0481560107894,108.309942477776,22.7034726965756,309.60630925292,298.098706293296,1993.44605375121,2004.95365671083,SC1_DQ071615.1,main,main
152,62,0.415813068788658,114.220786332683,22.3282197569626,114.302860901314,22.3507936154341,309.819775829759,309.40396276097,2004.75131021888,2005.16712328767,SC1_DQ022305.2,main,main
151,61,0.503734581408452,114.237303367113,22.3536279190223,114.212727102953,22.5154657651414,309.838953911951,309.335219330542,2004.68256678845,2005.18630136986,SC1_DQ084199.1,main,main
152,60,0.492525397555802,114.220786332683,22.3282197569626,114.17942207457,22.3422078032007,309.896488158526,309.40396276097,2004.75131021888,2005.24383561644,SC1_DQ084200.1,main,main
153,158,1.72884785497556,114.243066979889,22.1986076380103,114.230370736871,22.1449896573254,309.932144398522,308.203296543546,2003.55064400146,2005.27949185643,NA,main,main
256,257,4.14233967930054,103.869369025134,26.0811342142153,103.238155822871,25.0148576723722,310.246174921969,306.103835242668,2001.45118270058,2005.59352237988,NA,main,main
155,69,1.24638152567021,114.392039408909,22.12849337759,114.354337667283,22.1521383937712,310.40881692565,309.162435399979,2004.50978285789,2005.75616438356,SC1_GQ153539.1,main,main
158,64,0.476672527127587,114.230370736871,22.1449896573254,114.168338378697,22.1172002385668,310.40881692565,309.932144398522,2005.27949185643,2005.75616438356,SC1_GQ153540.1,main,main
161,162,6.01734924684901,113.382016847429,22.7608985477095,113.847846118764,22.2927440325621,310.459207821835,304.441858574986,1999.7892060329,2005.80655527975,NA,main,main
243,244,2.58951732267873,102.749042256017,24.8648582560496,102.329222454211,25.1197407440793,310.545794540993,307.956277218314,2003.30362467623,2005.8931419989,NA,main,main
182,183,3.20850202996015,113.472267371179,22.809662707046,116.646233346762,29.4036240814996,310.58407656401,307.37557453405,2002.72292199196,2005.93142402192,NA,main,main
155,68,1.48473769005371,114.392039408909,22.12849337759,114.332992340194,22.4852462219303,310.647173090033,309.162435399979,2004.50978285789,2005.99452054795,SC1_GQ153541.1,main,main
256,122,4.58717346380324,103.869369025134,26.0811342142153,104.91901234845,26.1283062514192,310.691008706472,306.103835242668,2001.45118270058,2006.03835616438,SC1_FJ588686.1,main,main
162,58,0.355088555869395,113.847846118764,22.2927440325621,113.967884114484,22.2345917347779,310.814296377704,310.459207821835,2005.80655527975,2006.16164383562,SC1_GQ153543.1,main,main
162,57,0.355088555869395,113.847846118764,22.2927440325621,114.016033486323,22.5772744400704,310.814296377704,310.459207821835,2005.80655527975,2006.16164383562,SC1_GQ153542.1,main,main
154,156,2.18698113669915,114.275609544335,22.2003734858462,114.048263766746,22.5200921849909,310.848037511757,308.661056375058,2004.00840383297,2006.19538496967,NA,main,main
183,184,0.314597994105382,116.646233346762,29.4036240814996,116.860205360816,29.3726868673784,310.898674558116,310.58407656401,2005.93142402192,2006.24602201603,NA,main,main
156,157,0.434091587305481,114.048263766746,22.5200921849909,114.080947289567,22.2011450544141,311.282129099062,310.848037511757,2006.19538496967,2006.62947655697,NA,main,main
156,70,0.497765715262586,114.048263766746,22.5200921849909,113.971644449852,22.5737893037783,311.345803227019,310.848037511757,2006.19538496967,2006.69315068493,SC1_GQ153545.1,main,main
157,66,0.0636741279571051,114.080947289567,22.2011450544141,114.040779888238,22.1521887442042,311.345803227019,311.282129099062,2006.62947655697,2006.69315068493,SC1_GQ153544.1,main,main
184,185,0.63887614706821,116.860205360816,29.3726868673784,117.209865442672,29.4781131605712,311.537550705184,310.898674558116,2006.24602201603,2006.8848981631,NA,main,main
158,159,1.77721863477164,114.230370736871,22.1449896573254,114.284904924682,22.2603166082056,311.709363033294,309.932144398522,2005.27949185643,2007.05671049121,NA,main,main
159,67,0.159727864958587,114.284904924682,22.2603166082056,114.271561762174,22.263725878343,311.869090898252,311.709363033294,2007.05671049121,2007.21643835616,SC1_GQ153546.1,main,main
257,260,1.71160893925945,103.238155822871,25.0148576723722,103.128733924244,24.908649011876,311.957783861228,310.246174921969,2005.59352237988,2007.30513131914,NA,main,main
260,261,0.09781258103318,103.128733924244,24.908649011876,102.892784759856,25.0783113140244,312.055596442261,311.957783861228,2007.30513131914,2007.40294390017,NA,main,main
159,63,0.348768960848975,114.284904924682,22.2603166082056,114.404193047065,22.2308837610998,312.058131994143,311.709363033294,2007.05671049121,2007.40547945205,SC1_GQ153547.1,main,main
198,200,34.0939081767244,105.970756220082,27.0645623689095,112.505387515986,30.2609243497191,312.355881651201,278.261973474477,1973.60932093239,2007.70322910911,NA,main,main
157,65,1.28011248412152,114.080947289567,22.2011450544141,114.028580809948,22.2944227674864,312.562241583184,311.282129099062,2006.62947655697,2007.9095890411,SC1_GQ153548.1,main,main
206,209,5.95400523056881,112.917316256988,35.0428510505881,125.977418019338,41.9981996041311,312.924753113236,306.970747882667,2002.31809534058,2008.27210057115,NA,main,main
206,207,6.11364270373511,112.917316256988,35.0428510505881,112.37562813906,35.1942256800925,313.084390586402,306.970747882667,2002.31809534058,2008.43173804431,NA,main,main
222,262,15.5385729925666,104.070662417084,26.1444366038664,103.738448873006,25.3629787523019,313.135365912351,297.596792919784,1992.9441403777,2008.48271337026,NA,main,main
226,232,5.07571103106106,102.887578738125,24.9406919025735,102.696951110782,24.8554870140722,313.273904289146,308.198193258085,2003.545540716,2008.62125174706,NA,main,main
184,188,2.88443365606887,116.860205360816,29.3726868673784,117.998588875029,28.8920955236019,313.783108214185,310.898674558116,2006.24602201603,2009.1304556721,NA,main,main
183,190,3.23871137743969,116.646233346762,29.4036240814996,116.442939126174,29.5403782744828,313.82278794145,310.58407656401,2005.93142402192,2009.17013539936,NA,main,main
209,217,1.34471685185205,125.977418019338,41.9981996041311,126.078591522358,42.0060705408845,314.269469965088,312.924753113236,2008.27210057115,2009.616817423,NA,main,main
246,247,6.474496799035,102.758257139175,24.8553146057304,102.558784321432,24.865580568835,314.439784920182,307.965288121147,2003.31263557906,2009.78713237809,NA,main,main
232,233,1.37938953268816,102.696951110782,24.8554870140722,102.601662898502,24.8280193278543,314.653293821834,313.273904289146,2008.62125174706,2010.00064127975,NA,main,main
233,234,0.00552944562106461,102.601662898502,24.8280193278543,102.594305160628,24.8279788216162,314.658823267455,314.653293821834,2010.00064127975,2010.00617072537,NA,main,main
164,166,6.14805190332929,113.276956524108,22.9757803646722,113.535686486713,23.6088914351637,314.833307777661,308.685255874332,2004.03260333224,2010.18065523557,NA,main,main
247,248,0.820307554880289,102.558784321432,24.865580568835,102.567498985048,24.9912879929713,315.260092475062,314.439784920182,2009.78713237809,2010.60743993297,NA,main,main
190,191,1.46856083203874,116.442939126174,29.5403782744828,116.435851321985,29.4417477759104,315.291348773489,313.82278794145,2009.17013539936,2010.6386962314,NA,main,main
250,251,6.19237507440176,102.795428912695,24.9072691513589,102.839833494655,24.9185753392721,315.510747632571,309.318372558169,2004.66572001608,2010.85809509048,NA,main,main
272,273,18.6567530981246,101.634260892253,21.6468455645785,101.611854573421,21.6210658963761,315.659144712496,297.002391614371,1992.34973907228,2011.00649217041,NA,main,main
146,19,20.993755105909,101.591564195125,26.3499647293272,101.738750074645,26.0822063544569,315.691008706472,294.697253600562,1990.04460105847,2011.03835616438,SC1_JX993988.1,main,main
146,20,20.993755105909,101.591564195125,26.3499647293272,99.3383254767251,25.4245611423395,315.691008706472,294.697253600562,1990.04460105847,2011.03835616438,SC1_KF569996.1,main,main
247,249,1.34287957694026,102.558784321432,24.865580568835,102.756235952647,24.8713423410393,315.782664497122,314.439784920182,2009.78713237809,2011.13001195503,NA,main,main
248,126,0.721327190313811,102.567498985048,24.9912879929713,102.573272472992,24.9526131790972,315.981419665376,315.260092475062,2010.60743993297,2011.32876712329,SC1_KC881005.1,main,main
278,279,19.9403165088937,109.48470959351,26.9037770993069,122.407042935228,29.7320922998653,316.025651449906,296.085334941013,1991.43268239892,2011.37299890782,NA,main,main
166,167,1.24316808073251,113.535686486713,23.6088914351637,113.458360837344,22.6531586849234,316.076475858394,314.833307777661,2010.18065523557,2011.42382331631,NA,main,main
209,210,3.33444965934184,125.977418019338,41.9981996041311,126.028124212421,41.9542223588397,316.259202772577,312.924753113236,2008.27210057115,2011.60655023049,NA,main,main
166,179,1.49245989562624,113.535686486713,23.6088914351637,113.533441561461,23.7370254097079,316.325767673287,314.833307777661,2010.18065523557,2011.6731151312,NA,main,main
199,72,24.7088110960902,105.450530656996,27.8072199357185,108.251101872045,33.6062274826433,316.356762131129,291.647951035039,1986.99529849295,2011.70410958904,SC1_JX993987.1,main,main
191,192,1.07093168574857,116.435851321985,29.4417477759104,116.487868468921,29.5098385677852,316.362280459237,315.291348773489,2010.6386962314,2011.70962791715,NA,main,main
251,252,1.12866102216789,102.839833494655,24.9185753392721,103.020579269939,24.8182715149773,316.639408654739,315.510747632571,2010.85809509048,2011.98675611265,NA,main,main
252,253,0.00677517444392173,103.020579269939,24.8182715149773,103.029140403414,24.8215740156337,316.646183829183,316.639408654739,2011.98675611265,2011.99353128709,NA,main,main
263,142,29.6686572651589,101.755607360992,25.9250633501005,98.7359534366798,24.4437515596364,316.691008706472,287.022351441313,1982.36969889922,2012.03835616438,SC1_KU973692.1,main,main
207,80,3.60661812006959,112.37562813906,35.1942256800925,112.621051188038,35.2160761515106,316.691008706472,313.084390586402,2008.43173804431,2012.03835616438,SC1_KY770860.1,main,main
190,52,2.86822076502147,116.442939126174,29.5403782744828,118.961819141278,28.2274447131151,316.691008706472,313.82278794145,2009.17013539936,2012.03835616438,SC1_KF294457.1,main,main
217,90,2.42153874138384,126.078591522358,42.0060705408845,126.095234637292,42.0801350253399,316.691008706472,314.269469965088,2009.616817423,2012.03835616438,SC1_KJ473811.1,main,main
191,195,1.493048959639,116.435851321985,29.4417477759104,117.138801079539,29.7738551949454,316.784397733128,315.291348773489,2010.6386962314,2012.13174519104,NA,main,main
253,254,0.159488162333382,103.029140403414,24.8215740156337,103.030556108205,24.849019515244,316.805671991516,316.646183829183,2011.99353128709,2012.15301944943,NA,main,main
207,208,3.75982493891103,112.37562813906,35.1942256800925,113.751964094597,36.4434465104429,316.844215525313,313.084390586402,2008.43173804431,2012.19156298322,NA,main,main
261,112,4.84852701830841,102.892784759856,25.0783113140244,102.574004664085,24.7487971713785,316.90412346057,312.055596442261,2007.40294390017,2012.25147091848,SC1_KC881006.1,main,main
264,267,19.4046362782606,101.762227221833,25.9228540367466,102.247545280153,25.1239313798823,316.919954770578,297.515318492318,1992.86266595023,2012.26730222849,NA,main,main
210,211,0.814211293528233,126.028124212421,41.9542223588397,125.814894085001,41.9978939441569,317.073414066106,316.259202772577,2011.60655023049,2012.42076152402,NA,main,main
253,255,0.570938719484175,103.029140403414,24.8215740156337,102.75600430069,25.1103723574224,317.217122548667,316.646183829183,2011.99353128709,2012.56447000658,NA,main,main
233,236,2.58677325979723,102.601662898502,24.8280193278543,102.645021424951,24.8353023664623,317.240067081631,314.653293821834,2010.00064127975,2012.58741453954,NA,main,main
167,168,1.17415569958897,113.458360837344,22.6531586849234,113.444721501199,22.5926502084854,317.250631557983,316.076475858394,2011.42382331631,2012.59797901589,NA,main,main
236,97,0.117608291507169,102.645021424951,24.8353023664623,102.699734609068,24.8505882304368,317.357675373138,317.240067081631,2012.58741453954,2012.70502283105,SC1_KF367457.1,main,main
248,125,2.14403098550795,102.567498985048,24.9912879929713,102.689130007249,24.6727893093498,317.40412346057,315.260092475062,2010.60743993297,2012.75147091848,SC1_KY417143.1,main,main
254,132,0.598451469053515,103.030556108205,24.849019515244,103.064297870803,24.8638803675073,317.40412346057,316.805671991516,2012.15301944943,2012.75147091848,SC1_KY417145.1,main,main
255,128,0.187000911902722,102.75600430069,25.1103723574224,102.960543894031,25.127570372046,317.40412346057,317.217122548667,2012.56447000658,2012.75147091848,SC1_KY417144.1,main,main
182,197,10.0478451436936,113.472267371179,22.809662707046,113.731701586721,22.7770260620966,317.423419677744,307.37557453405,2002.72292199196,2012.77076713566,NA,main,main
244,245,6.91374771731465,102.329222454211,25.1197407440793,105.301677617106,25.0420011850714,317.459542258308,310.545794540993,2005.8931419989,2012.80688971622,NA,main,main
179,180,1.2298514661501,113.533441561461,23.7370254097079,113.532632267911,23.7677461212975,317.555619139438,316.325767673287,2011.6731151312,2012.90296659735,NA,main,main
185,186,6.14283602558372,117.209865442672,29.4781131605712,115.73305357759,28.8702631792132,317.680386730768,311.537550705184,2006.8848981631,2013.02773418868,NA,main,main
160,23,15.17157656942,113.266585471407,22.700818644903,111.32031272095,24.2960967532679,317.691008706472,302.519432137051,1997.86677959496,2013.03835616438,SC1_KJ473815.1,main,main
218,94,12.4146897585157,111.326337876921,30.7044519414233,111.264400120088,30.5629224775867,317.691008706472,305.276318947956,2000.62366640587,2013.03835616438,SC1_KJ473814.1,main,main
250,133,8.37263614830213,102.795428912695,24.9072691513589,102.965601381524,24.9798398379557,317.691008706472,309.318372558169,2004.66572001608,2013.03835616438,SC1_KJ473816.1,main,main
208,78,0.84679318115856,113.751964094597,36.4434465104429,113.805838586221,36.4416509642387,317.691008706472,316.844215525313,2012.19156298322,2013.03835616438,SC1_KJ473812.1,main,main
208,79,0.84679318115856,113.751964094597,36.4434465104429,113.132920784997,36.3822048399617,317.691008706472,316.844215525313,2012.19156298322,2013.03835616438,SC1_KJ473813.1,main,main
245,120,0.23146644816382,105.301677617106,25.0420011850714,105.290005702947,25.0564203634924,317.691008706472,317.459542258308,2012.80688971622,2013.03835616438,SC1_KY770858.1,main,main
245,121,0.23146644816382,105.301677617106,25.0420011850714,105.29389941012,25.0515213128956,317.691008706472,317.459542258308,2012.80688971622,2013.03835616438,SC1_KY770859.1,main,main
234,235,3.2907336800087,102.594305160628,24.8279788216162,102.627178893801,24.8409506011725,317.949556947464,314.658823267455,2010.00617072537,2013.29690440538,NA,main,main
261,113,5.92582322311427,102.892784759856,25.0783113140244,102.931075330005,25.0658092598562,317.981419665376,312.055596442261,2007.40294390017,2013.32876712329,SC1_KY417147.1,main,main
251,127,2.47067203280457,102.839833494655,24.9185753392721,102.741599037332,25.068190175577,317.981419665376,315.510747632571,2010.85809509048,2013.32876712329,SC1_KY417148.1,main,main
249,124,2.19875516825384,102.756235952647,24.8713423410393,102.845735095269,24.7588882207755,317.981419665376,315.782664497122,2011.13001195503,2013.32876712329,SC1_KY417149.1,main,main
254,129,1.17574767385938,103.030556108205,24.849019515244,103.001906983095,24.8734593534774,317.981419665376,316.805671991516,2012.15301944943,2013.32876712329,SC1_KY417146.1,main,main
267,140,1.16009503178351,102.247545280153,25.1239313798823,102.243808016849,25.2148872667312,318.080049802362,316.919954770578,2012.26730222849,2013.42739726027,SC1_KP886808.1,main,main
267,141,1.16009503178351,102.247545280153,25.1239313798823,101.954038103542,25.1709931655513,318.080049802362,316.919954770578,2012.26730222849,2013.42739726027,SC1_KP886809.1,main,main
195,196,1.37712634696858,117.138801079539,29.7738551949454,117.095912859415,29.729473566179,318.161524080096,316.784397733128,2012.13174519104,2013.50887153801,NA,main,main
235,95,0.292136690514683,102.627178893801,24.8409506011725,103.055336750611,24.666341398732,318.241693637978,317.949556947464,2013.29690440538,2013.58904109589,SC1_KY417150.1,main,main
235,96,0.292136690514683,102.627178893801,24.8409506011725,102.695612439507,24.8355589181436,318.241693637978,317.949556947464,2013.29690440538,2013.58904109589,SC1_KT444582.1,main,main
211,88,1.19841655817399,125.814894085001,41.9978939441569,125.769092789763,41.9460857650542,318.27183062428,317.073414066106,2012.42076152402,2013.61917808219,SC1_KU182964.1,main,main
200,201,6.11834903501502,112.505387515986,30.2609243497191,110.376942715577,27.3798393179036,318.474230686216,312.355881651201,2007.70322910911,2013.82157814413,NA,main,main
220,221,29.5386672314954,104.709236343409,26.6633508362876,110.541641499233,28.2688757738154,319.009261962904,289.470594731409,1984.81794218932,2014.35660942082,NA,main,main
249,123,3.26724831893869,102.756235952647,24.8713423410393,102.776337663864,24.8826050555895,319.049912816061,315.782664497122,2011.13001195503,2014.39726027397,SC1_KY417142.1,main,main
257,258,8.99428667659433,103.238155822871,25.0148576723722,105.270946945666,26.60202091742,319.240461598563,310.246174921969,2005.59352237988,2014.58780905648,NA,main,main
232,105,6.22806332143543,102.696951110782,24.8554870140722,102.705071567166,24.8660571700826,319.501967610581,313.273904289146,2008.62125174706,2014.84931506849,SC1_KY417151.1,main,main
168,175,2.6628381351869,113.444721501199,22.5926502084854,112.916266588766,22.747766661627,319.91346969317,317.250631557983,2012.59797901589,2015.26081715108,NA,main,main
167,177,3.91646663861797,113.458360837344,22.6531586849234,113.342780579002,22.3365277190934,319.992942497012,316.076475858394,2011.42382331631,2015.34028995492,NA,main,main
236,237,2.91574042741125,102.645021424951,24.8353023664623,102.670379762446,24.9936538889466,320.155807509042,317.240067081631,2012.58741453954,2015.50315496695,NA,main,main
279,6,4.16124766752425,122.407042935228,29.7320922998653,122.44390999611,29.7760720892831,320.18689911743,316.025651449906,2011.37299890782,2015.53424657534,SC1_MG772934.1,main,main
252,131,3.84064114762277,103.020579269939,24.8182715149773,102.846624047475,24.7829720819153,320.480049802362,316.639408654739,2011.98675611265,2015.82739726027,SC1_KY417152.1,main,main
175,176,0.646224537646059,112.916266588766,22.747766661627,113.016272426756,22.3995127445214,320.559694230816,319.91346969317,2015.26081715108,2015.90704168873,NA,main,main
237,238,0.644654009546317,102.670379762446,24.9936538889466,102.966504351475,24.9163772907245,320.800461518589,320.155807509042,2015.50315496695,2016.1478089765,NA,main,main
168,169,3.59391075139221,113.444721501199,22.5926502084854,113.335554537041,22.477921966994,320.844542309375,317.250631557983,2012.59797901589,2016.19188976729,NA,main,main
238,239,0.102911268606424,102.966504351475,24.9163772907245,103.079736200123,25.029904478191,320.903372787195,320.800461518589,2016.1478089765,2016.25072024511,NA,main,main
169,170,0.0846042179972644,113.335554537041,22.477921966994,113.326642955346,22.4860118455126,320.929146527372,320.844542309375,2016.19188976729,2016.27649398528,NA,main,main
239,240,0.0284166040059608,103.079736200123,25.029904478191,103.084562746211,25.0261711166315,320.931789391201,320.903372787195,2016.25072024511,2016.27913684911,NA,main,main
217,89,6.71388846815975,126.078591522358,42.0060705408845,126.977097329973,35.3679326811427,320.983358433247,314.269469965088,2009.616817423,2016.33070589116,SC1_KY938558.1,main,main
170,172,0.2184216101156,113.326642955346,22.4860118455126,113.323422898922,22.4982262624201,321.147568137488,320.929146527372,2016.27649398528,2016.4949155954,NA,main,main
180,25,3.63265732659677,113.532632267911,23.7677461212975,113.822290455246,23.8476987615304,321.188276466034,317.555619139438,2012.90296659735,2016.53562392395,SC1_OK017812.1,main,main
240,241,0.27934212728656,103.084562746211,25.0261711166315,103.103199405235,25.0040648225632,321.211131518488,320.931789391201,2016.27913684911,2016.5584789764,NA,main,main
188,189,7.47006828206804,117.998588875029,28.8920955236019,117.232078114835,28.5800891835785,321.253176496253,313.783108214185,2009.1304556721,2016.60052395416,NA,main,main
199,71,29.6250248845473,105.450530656996,27.8072199357185,105.129083062487,28.1554120037008,321.272975919586,291.647951035039,1986.99529849295,2016.6203233775,SC1_OK017846.1,main,main
260,111,9.31519205835794,103.128733924244,24.908649011876,102.040239900619,26.2538295115703,321.272975919586,311.957783861228,2007.30513131914,2016.6203233775,SC1_MK211374.1,main,main
237,104,1.11716841054387,102.670379762446,24.9936538889466,102.662716209191,25.0790572889585,321.272975919586,320.155807509042,2015.50315496695,2016.6203233775,SC1_OK017851.1,main,main
238,102,0.472514400997558,102.966504351475,24.9163772907245,103.004066643601,24.6437944575647,321.272975919586,320.800461518589,2016.1478089765,2016.6203233775,SC1_OK017849.1,main,main
239,103,0.369603132391134,103.079736200123,25.029904478191,103.079606654501,25.0344049763716,321.272975919586,320.903372787195,2016.25072024511,2016.6203233775,SC1_OK017848.1,main,main
240,99,0.341186528385173,103.084562746211,25.0261711166315,102.871756033285,24.8569561431388,321.272975919586,320.931789391201,2016.27913684911,2016.6203233775,SC1_OK017850.1,main,main
241,100,0.0618444010986137,103.103199405235,25.0040648225632,103.107652027022,24.9940240338392,321.272975919586,321.211131518488,2016.5584789764,2016.6203233775,SC1_OK017847.1,main,main
164,165,12.5979338772066,113.276956524108,22.9757803646722,112.213663318985,23.050204499619,321.283189751539,308.685255874332,2004.03260333224,2016.63053720945,NA,main,main
244,110,10.8118808321452,102.329222454211,25.1197407440793,102.231685032427,25.2483150919908,321.357675373138,310.545794540993,2005.8931419989,2016.70502283105,SC1_MK211375.1,main,main
234,98,6.69885210568333,102.594305160628,24.8279788216162,103.278080278586,24.682557441044,321.357675373138,314.658823267455,2010.00617072537,2016.70502283105,SC1_MK211378.1,main,main
255,130,4.14055282447112,102.75600430069,25.1103723574224,102.713789105579,24.9707556072932,321.357675373138,317.217122548667,2012.56447000658,2016.70502283105,SC1_MK211377.1,main,main
241,101,0.146543854650662,103.103199405235,25.0040648225632,103.05345924899,25.0162147802217,321.357675373138,321.211131518488,2016.5584789764,2016.70502283105,SC1_MK211376.1,main,main
172,173,0.451165676629667,113.323422898922,22.4982262624201,113.385785184803,22.5229963533667,321.598733814118,321.147568137488,2016.4949155954,2016.94608127203,NA,main,main
279,5,5.7502887634145,122.407042935228,29.7320922998653,122.06992686995,29.8858002773681,321.775940213321,316.025651449906,2011.37299890782,2017.12328767123,SC1_MG772933.1,main,main
173,174,0.32400703912554,113.385785184803,22.5229963533667,113.220072849188,22.6595051126332,321.922740853243,321.598733814118,2016.94608127203,2017.27008831115,NA,main,main
186,187,4.30831428322113,115.73305357759,28.8702631792132,116.097419669058,28.8645419419717,321.988701013989,317.680386730768,2013.02773418868,2017.3360484719,NA,main,main
170,171,1.08124734743076,113.326642955346,22.4860118455126,113.070472005424,22.385443889229,322.010393874803,320.929146527372,2016.27649398528,2017.35774133271,NA,main,main
258,259,2.8200173283721,105.270946945666,26.60202091742,106.013814839647,26.9929329564642,322.060478926935,319.240461598563,2014.58780905648,2017.40782638485,NA,main,main
262,134,9.13646471192908,103.738448873006,25.3629787523019,111.066144290557,22.6450723501724,322.27183062428,313.135365912351,2008.48271337026,2017.61917808219,SC1_OK017792.1,main,main
179,24,6.03099445784162,113.533441561461,23.7370254097079,113.573937092154,23.6869570110676,322.356762131129,316.325767673287,2011.6731151312,2017.70410958904,SC1_OK017822.1,main,main
197,59,4.93334245338534,113.731701586721,22.7770260620966,113.782022613179,22.7959301425454,322.356762131129,317.423419677744,2012.77076713566,2017.70410958904,SC1_OK017823.1,main,main
177,28,2.36381963411739,113.342780579002,22.3365277190934,113.59873942262,22.3660620494946,322.356762131129,319.992942497012,2015.34028995492,2017.70410958904,SC1_OK017824.1,main,main
169,40,1.51221982175417,113.335554537041,22.477921966994,113.400263027798,22.5473066632899,322.356762131129,320.844542309375,2016.19188976729,2017.70410958904,SC1_OK017814.1,main,main
172,37,1.20919399364131,113.323422898922,22.4982262624201,112.916987476747,22.2450941140255,322.356762131129,321.147568137488,2016.4949155954,2017.70410958904,SC1_OK017815.1,main,main
165,21,1.07357237959057,112.213663318985,23.050204499619,113.059425678429,23.4350696576406,322.356762131129,321.283189751539,2016.63053720945,2017.70410958904,SC1_OK017819.1,main,main
165,22,1.07357237959057,112.213663318985,23.050204499619,112.434693885584,23.1421845561032,322.356762131129,321.283189751539,2016.63053720945,2017.70410958904,SC1_OK017813.1,main,main
173,35,0.758028317011641,113.385785184803,22.5229963533667,113.361794783451,22.5186656008395,322.356762131129,321.598733814118,2016.94608127203,2017.70410958904,SC1_OK017820.1,main,main
174,38,0.434021277886101,113.220072849188,22.6595051126332,113.25015197508,22.6784008576296,322.356762131129,321.922740853243,2017.27008831115,2017.70410958904,SC1_OK017821.1,main,main
174,34,0.434021277886101,113.220072849188,22.6595051126332,113.18941336444,22.7119858039295,322.356762131129,321.922740853243,2017.27008831115,2017.70410958904,SC1_OK017817.1,main,main
171,39,0.346368256326148,113.070472005424,22.385443889229,113.106088027333,22.762658830732,322.356762131129,322.010393874803,2017.35774133271,2017.70410958904,SC1_OK017818.1,main,main
171,36,0.346368256326148,113.070472005424,22.385443889229,112.865120788439,22.2596344798608,322.356762131129,322.010393874803,2017.35774133271,2017.70410958904,SC1_OK017816.1,main,main
211,212,6.04202290944455,125.814894085001,41.9978939441569,124.861592895084,41.7928294113448,323.11543697555,317.073414066106,2012.42076152402,2018.46278443346,NA,main,main
272,11,26.2694390099082,101.634260892253,21.6468455645785,101.514867897024,21.6312803412858,323.27183062428,297.002391614371,1992.34973907228,2018.61917808219,SC1_MW703458.1,main,main
273,274,8.1216265251996,101.611854573421,21.6210658963761,102.177544952745,18.8928561291953,323.780771237696,315.659144712496,2011.00649217041,2019.12811869561,NA,main,main
226,227,15.660042109133,102.887578738125,24.9406919025735,102.835710245013,24.911210496404,323.858235367218,308.198193258085,2003.545540716,2019.20558282513,NA,main,main
177,178,3.98964397827026,113.342780579002,22.3365277190934,113.458170617366,22.4455516923365,323.982586475282,319.992942497012,2015.34028995492,2019.32993393319,NA,main,main
273,8,8.51131604877003,101.611854573421,21.6210658963761,101.339934669763,21.6018875191348,324.170460761266,315.659144712496,2011.00649217041,2019.51780821918,SC1_EPI_ISL_412977,main,main
178,29,0.289244148997689,113.458170617366,22.4455516923365,113.374183393275,22.4554550994553,324.27183062428,323.982586475282,2019.32993393319,2019.61917808219,SC1_OK017825.1,main,main
178,30,0.289244148997689,113.458170617366,22.4455516923365,113.984305773723,23.403691760428,324.27183062428,323.982586475282,2019.32993393319,2019.61917808219,SC1_OK017826.1,main,main
276,277,35.1919648719629,107.786882528682,27.0693191248985,109.843484250563,27.4541623535017,324.310110795935,289.118145923972,1984.46549338188,2019.65745825385,NA,main,main
175,31,4.44329243795948,112.916266588766,22.747766661627,112.794306293945,22.5347635549198,324.356762131129,319.91346969317,2015.26081715108,2019.70410958904,SC1_OK017828.1,main,main
176,32,3.79706790031342,113.016272426756,22.3995127445214,112.503990946748,22.3096357538526,324.356762131129,320.559694230816,2015.90704168873,2019.70410958904,SC1_OK017827.1,main,main
176,33,3.79706790031342,113.016272426756,22.3995127445214,107.210807232964,23.4008601134789,324.356762131129,320.559694230816,2015.90704168873,2019.70410958904,SC1_OK017859.1,main,main
227,228,0.518872099132862,102.835710245013,24.911210496404,102.767172357279,25.3290193805313,324.377107466351,323.858235367218,2019.20558282513,2019.72445492426,NA,main,main
228,229,0.321543801998727,102.767172357279,25.3290193805313,102.918872606299,25.3320610254249,324.698651268349,324.377107466351,2019.72445492426,2020.04599872626,NA,main,main
229,230,0.137036634932487,102.918872606299,25.3320610254249,102.940718766208,25.4103761486852,324.835687903282,324.698651268349,2020.04599872626,2020.18303536119,NA,main,main
212,213,1.74364711181991,124.861592895084,41.7928294113448,123.985129332014,41.6043586117923,324.85908408737,323.11543697555,2018.46278443346,2020.20643154528,NA,main,main
210,216,8.64074449497219,126.028124212421,41.9542223588397,124.931000758786,41.0869938126156,324.89994726755,316.259202772577,2011.60655023049,2020.24729472546,NA,main,main
230,231,0.2240680024976,102.940718766208,25.4103761486852,103.247829274038,25.3574672339288,325.059755905779,324.835687903282,2020.18303536119,2020.40710336369,NA,main,main
271,12,31.3019263898183,101.442894033478,21.5610553208987,101.441394149168,21.5860689465493,325.08718356986,293.785257180041,1989.13260463795,2020.43453102777,SC1_MZ081381.1,main,main
246,136,17.1410211317731,102.758257139175,24.8553146057304,102.63039729928,24.7032424954679,325.10630925292,307.965288121147,2003.31263557906,2020.45365671083,SC1_OK017858.1,main,main
227,116,1.248073885702,102.835710245013,24.911210496404,102.576934415471,24.831243134821,325.10630925292,323.858235367218,2019.20558282513,2020.45365671083,SC1_OK017853.1,main,main
228,117,0.729201786569138,102.767172357279,25.3290193805313,102.66566572583,25.4749946511403,325.10630925292,324.377107466351,2019.72445492426,2020.45365671083,SC1_OK017854.1,main,main
229,114,0.407657984570411,102.918872606299,25.3320610254249,102.777920610988,25.2868277256777,325.10630925292,324.698651268349,2020.04599872626,2020.45365671083,SC1_OK017857.1,main,main
230,119,0.270621349637924,102.940718766208,25.4103761486852,102.950791926029,25.3927490648136,325.10630925292,324.835687903282,2020.18303536119,2020.45365671083,SC1_OK017856.1,main,main
231,115,0.0465533471403234,103.247829274038,25.3574672339288,103.307577411338,25.4005781927526,325.10630925292,325.059755905779,2020.40710336369,2020.45365671083,SC1_OK017855.1,main,main
231,118,0.0465533471403234,103.247829274038,25.3574672339288,103.26503467404,25.3767299804175,325.10630925292,325.059755905779,2020.40710336369,2020.45365671083,SC1_OK017852.1,main,main
192,44,8.82599600679704,116.487868468921,29.5098385677852,114.860695828842,29.6989759923885,325.188276466034,316.362280459237,2011.70962791715,2020.53562392395,SC1_OK017802.1,main,main
196,45,7.02675238593803,117.095912859415,29.729473566179,114.494905763788,30.1065607379835,325.188276466034,318.161524080096,2013.50887153801,2020.53562392395,SC1_OK017801.1,main,main
274,9,1.42389867096169,102.177544952745,18.8928561291953,102.171202372794,18.8652387306676,325.204669908657,323.780771237696,2019.12811869561,2020.55201736657,SC1_MZ937002.1,main,main
274,10,1.43209539227307,102.177544952745,18.8928561291953,102.103674409992,18.6126317291854,325.212866629969,323.780771237696,2019.12811869561,2020.56021408788,SC1_MZ937004.1,main,main
192,193,8.85872944660301,116.487868468921,29.5098385677852,117.346891918007,27.551188887031,325.22100990584,316.362280459237,2011.70962791715,2020.56835736375,NA,main,main
212,215,2.17632585091696,124.861592895084,41.7928294113448,124.793515182033,41.7407140348141,325.291762826467,323.11543697555,2018.46278443346,2020.63911028438,NA,main,main
213,214,0.453358430362285,123.985129332014,41.6043586117923,123.978017404037,41.6255038436599,325.312442517732,324.85908408737,2020.20643154528,2020.65978997564,NA,main,main
262,135,12.2223094607876,103.738448873006,25.3629787523019,102.433392242819,23.2489923718956,325.357675373138,313.135365912351,2008.48271337026,2020.70502283105,SC1_OK017793.1,main,main
213,83,0.498591285768096,123.985129332014,41.6043586117923,124.008975106625,41.4707370434637,325.357675373138,324.85908408737,2020.20643154528,2020.70502283105,SC1_OK017800.1,main,main
216,86,0.457728105588595,124.931000758786,41.0869938126156,124.917687252361,41.0813131574756,325.357675373138,324.89994726755,2020.24729472546,2020.70502283105,SC1_OK017794.1,main,main
216,87,0.457728105588595,124.931000758786,41.0869938126156,124.787149370874,40.8191280422726,325.357675373138,324.89994726755,2020.24729472546,2020.70502283105,SC1_OK017799.1,main,main
215,84,0.0659125466710451,124.793515182033,41.7407140348141,124.870899410057,41.7639716308059,325.357675373138,325.291762826467,2020.63911028438,2020.70502283105,SC1_OK017795.1,main,main
215,85,0.0659125466710451,124.793515182033,41.7407140348141,124.875824336711,41.7613586519014,325.357675373138,325.291762826467,2020.63911028438,2020.70502283105,SC1_OK017797.1,main,main
214,81,0.0452328554058111,123.978017404037,41.6255038436599,123.992968664891,41.6144736726067,325.357675373138,325.312442517732,2020.65978997564,2020.70502283105,SC1_OK017798.1,main,main
214,82,0.0452328554058111,123.978017404037,41.6255038436599,123.980767791745,41.5765310269426,325.357675373138,325.312442517732,2020.65978997564,2020.70502283105,SC1_OK017796.1,main,main
193,194,0.467183363896363,117.346891918007,27.551188887031,117.235327525242,27.5191090943373,325.688193269737,325.22100990584,2020.56835736375,2021.03554072765,NA,main,main
180,181,8.21489587819918,113.532632267911,23.7677461212975,115.158135089437,24.9975484149337,325.770515017637,317.555619139438,2012.90296659735,2021.11786247555,NA,main,main
201,75,7.30170952710476,110.376942715577,27.3798393179036,110.602750145113,27.5634849743629,325.775940213321,318.474230686216,2013.82157814413,2021.12328767123,SC1_OK017833.1,main,main
201,73,7.30170952710476,110.376942715577,27.3798393179036,110.689994417616,27.37115184311,325.775940213321,318.474230686216,2013.82157814413,2021.12328767123,SC1_OK017832.1,main,main
277,2,1.46582941738587,109.843484250563,27.4541623535017,109.80487343353,27.4361711557698,325.775940213321,324.310110795935,2019.65745825385,2021.12328767123,SC1_OK017803.1,main,main
277,3,1.46582941738587,109.843484250563,27.4541623535017,109.771948444867,27.5547995652578,325.775940213321,324.310110795935,2019.65745825385,2021.12328767123,SC1_OK017804.1,main,main
278,7,29.7673176010753,109.48470959351,26.9037770993069,109.77308016884,27.2822835423778,325.852652542088,296.085334941013,1991.43268239892,2021.2,SC1_OK017805.1,main,main
221,77,6.84339057918393,110.541641499233,28.2688757738154,109.602244506675,27.6304072924731,325.852652542088,319.009261962904,2014.35660942082,2021.2,SC1_OK017835.1,main,main
221,76,6.84339057918393,110.541641499233,28.2688757738154,110.035167713045,28.1271558604958,325.852652542088,319.009261962904,2014.35660942082,2021.2,SC1_OK017834.1,main,main
258,108,6.61219094352473,105.270946945666,26.60202091742,105.511317418183,26.8531729785407,325.852652542088,319.240461598563,2014.58780905648,2021.2,SC1_OK017830.1,main,main
259,107,3.79217361515263,106.013814839647,26.9929329564642,105.590425076864,27.0691002973921,325.852652542088,322.060478926935,2017.40782638485,2021.2,SC1_OK017831.1,main,main
259,106,3.79217361515263,106.013814839647,26.9929329564642,105.987023904436,26.8980767483768,325.852652542088,322.060478926935,2017.40782638485,2021.2,SC1_OK017829.1,main,main
275,4,38.6249619632589,106.491539326156,26.3243150437835,103.969336061226,24.2989427369096,325.977584048937,287.352622085678,1982.69996954359,2021.32493150685,SC1_OK017806.1,main,main
197,56,8.59635615201538,113.731701586721,22.7770260620966,119.276606361087,27.3654575816533,326.019775829759,317.423419677744,2012.77076713566,2021.36712328767,SC1_OK017808.1,main,main
193,51,0.798765923918815,117.346891918007,27.551188887031,117.339848976545,27.5393494625465,326.019775829759,325.22100990584,2020.56835736375,2021.36712328767,SC1_OK017810.1,main,main
194,50,0.331582560022452,117.235327525242,27.5191090943373,117.18986394603,27.4174536340103,326.019775829759,325.688193269737,2021.03554072765,2021.36712328767,SC1_OK017809.1,main,main
194,49,0.331582560022452,117.235327525242,27.5191090943373,117.316444152645,27.5113919194593,326.019775829759,325.688193269737,2021.03554072765,2021.36712328767,SC1_OK017811.1,main,main
185,46,14.6493484122465,117.209865442672,29.4781131605712,116.295983539296,28.589111656518,326.18689911743,311.537550705184,2006.8848981631,2021.53424657534,SC1_OK017836.1,main,main
200,74,13.8310174662295,112.505387515986,30.2609243497191,114.172966344311,27.9555923694736,326.18689911743,312.355881651201,2007.70322910911,2021.53424657534,SC1_OK017860.1,main,main
188,55,12.4037909032459,117.998588875029,28.8920955236019,115.936142189417,27.6240701556033,326.18689911743,313.783108214185,2009.1304556721,2021.53424657534,SC1_OK017841.1,main,main
195,47,9.4025013843027,117.138801079539,29.7738551949454,118.34124891153,31.0333553466927,326.18689911743,316.784397733128,2012.13174519104,2021.53424657534,SC1_OK017807.1,main,main
186,43,8.50651238666281,115.73305357759,28.8702631792132,115.997249366951,29.2618306973686,326.18689911743,317.680386730768,2013.02773418868,2021.53424657534,SC1_OK017837.1,main,main
196,48,8.02537503733412,117.095912859415,29.729473566179,117.193337372864,29.6863352583221,326.18689911743,318.161524080096,2013.50887153801,2021.53424657534,SC1_OK017845.1,main,main
189,54,4.93372262117783,117.232078114835,28.5800891835785,117.219328459151,28.6044661543151,326.18689911743,321.253176496253,2016.60052395416,2021.53424657534,SC1_OK017839.1,main,main
189,53,4.93372262117783,117.232078114835,28.5800891835785,116.532493486219,28.4236160978216,326.18689911743,321.253176496253,2016.60052395416,2021.53424657534,SC1_OK017838.1,main,main
187,42,4.19819810344168,116.097419669058,28.8645419419717,115.757730890109,29.2222994807784,326.18689911743,321.988701013989,2017.3360484719,2021.53424657534,SC1_OK017840.1,main,main
187,41,4.19819810344168,116.097419669058,28.8645419419717,116.19284431236,28.8016655104135,326.18689911743,321.988701013989,2017.3360484719,2021.53424657534,SC1_OK017844.1,main,main
181,26,0.416384099793687,115.158135089437,24.9975484149337,115.224532252781,25.0120406979266,326.18689911743,325.770515017637,2021.11786247555,2021.53424657534,SC1_OK017843.1,main,main
181,27,0.416384099793687,115.158135089437,24.9975484149337,115.079874894355,24.930248917086,326.18689911743,325.770515017637,2021.11786247555,2021.53424657534,SC1_OK017842.1,main,main
