node1,node2,length,startLon,startLat,endLon,endLat,endNodeL,startNodeL,startYear,endYear,tipLabel,startClade,endClade
141,142,138.789536895021,108.3946562373,18.8919104309753,104.732298577366,18.7713374946233,138.789536895021,0,1531.32890362185,1670.11844051687,NA,main,main
141,151,214.109459721546,108.3946562373,18.8919104309753,110.435497919953,31.0151619312738,214.109459721546,0,1531.32890362185,1745.43836334339,NA,main,main
151,152,105.482942530284,110.435497919953,31.0151619312738,110.286342609558,30.8283976527509,319.59240225183,214.109459721546,1745.43836334339,1850.92130587368,NA,main,main
152,169,27.1274163433361,110.286342609558,30.8283976527509,110.186326312208,30.8396609520506,346.719818595166,319.59240225183,1850.92130587368,1878.04872221701,NA,main,main
169,170,3.36924203978532,110.186326312208,30.8396609520506,103.820666910118,28.6183507674781,350.089060634951,346.719818595166,1878.04872221701,1881.4179642568,NA,main,main
169,246,29.261959740146,110.186326312208,30.8396609520506,110.220176763306,30.7343798352381,375.981778335312,346.719818595166,1878.04872221701,1907.31068195716,NA,main,main
170,171,36.2334022118117,103.820666910118,28.6183507674781,100.967646418093,26.032959809188,386.322462846763,350.089060634951,1881.4179642568,1917.65136646861,NA,main,main
152,153,76.7449651407906,110.286342609558,30.8283976527509,111.528817117999,31.8670416218459,396.33736739262,319.59240225183,1850.92130587368,1927.66627101447,NA,main,main
171,172,17.8339103791254,100.967646418093,26.032959809188,102.048845683423,27.3993571101884,404.156373225888,386.322462846763,1917.65136646861,1935.48527684773,NA,main,main
246,274,29.6725718313493,110.220176763306,30.7343798352381,110.655491577352,30.3798526794903,405.654350166661,375.981778335312,1907.31068195716,1936.98325378851,NA,main,main
172,173,11.969660679109,102.048845683423,27.3993571101884,114.744796208751,24.6846369681406,416.126033904997,404.156373225888,1935.48527684773,1947.45493752684,NA,main,main
274,278,11.1183281415972,110.655491577352,30.3798526794903,112.773392783462,29.1470625128804,416.772678308258,405.654350166661,1936.98325378851,1948.1015819301,NA,main,main
142,143,287.916207991744,104.732298577366,18.7713374946233,101.538661783179,21.7968848964153,426.705744886764,138.789536895021,1670.11844051687,1958.03464850861,NA,main,main
246,247,51.8080374789269,110.220176763306,30.7343798352381,117.633502940459,28.6062060524096,427.789815814239,375.981778335312,1907.31068195716,1959.11871943608,NA,main,main
153,154,35.1104152485861,111.528817117999,31.8670416218459,111.460395694095,32.048272631862,431.447782641207,396.33736739262,1927.66627101447,1962.77668626305,NA,main,main
173,175,16.9979740163265,114.744796208751,24.6846369681406,114.973482199437,25.096440042569,433.124007921324,416.126033904997,1947.45493752684,1964.45291154317,NA,main,main
172,178,30.2832696312797,102.048845683423,27.3993571101884,101.374549262656,27.3504483910905,434.439642857168,404.156373225888,1935.48527684773,1965.76854647901,NA,main,main
154,155,3.32068277956016,111.460395694095,32.048272631862,111.407178785709,32.6085618674697,434.768465420767,431.447782641207,1962.77668626305,1966.09736904261,NA,main,main
173,174,20.4307976206487,114.744796208751,24.6846369681406,114.326540822844,24.3751498434182,436.556831525646,416.126033904997,1947.45493752684,1967.88573514749,NA,main,main
154,158,7.37874640358306,111.460395694095,32.048272631862,111.330226358185,32.0919485737814,438.82652904479,431.447782641207,1962.77668626305,1970.15543266664,NA,main,main
178,179,5.69383189676431,101.374549262656,27.3504483910905,101.106712135197,27.5407233597793,440.133474753932,434.439642857168,1965.76854647901,1971.46237837578,NA,main,main
247,262,12.4246136398201,117.633502940459,28.6062060524096,115.643141337361,23.3579475687889,440.214429454059,427.789815814239,1959.11871943608,1971.5433330759,NA,main,main
274,275,35.7429518362807,110.655491577352,30.3798526794903,110.827560394749,30.6620052020427,441.397302002942,405.654350166661,1936.98325378851,1972.72620562479,NA,main,main
178,180,11.3703800883267,101.374549262656,27.3504483910905,102.507352841141,24.6668314093657,445.810022945495,434.439642857168,1965.76854647901,1977.13892656734,NA,main,main
180,181,1.50074459091216,102.507352841141,24.6668314093657,102.636643135046,24.6549416445146,447.310767536407,445.810022945495,1977.13892656734,1978.63967115825,NA,main,main
143,144,22.5913703798121,101.538661783179,21.7968848964153,101.662797095281,21.3262076437212,449.297115266577,426.705744886764,1958.03464850861,1980.62601888842,NA,main,main
247,248,23.4684445303503,117.633502940459,28.6062060524096,117.547669830435,28.58479854585,451.258260344589,427.789815814239,1959.11871943608,1982.58716396643,NA,main,main
180,224,6.46396574327983,102.507352841141,24.6668314093657,102.491979621142,24.6809408213906,452.273988688774,445.810022945495,1977.13892656734,1983.60289231062,NA,main,main
262,263,12.8878810883079,115.643141337361,23.3579475687889,114.320244009138,21.9065227369873,453.102310542367,440.214429454059,1971.5433330759,1984.43121416421,NA,main,main
248,260,3.4646575196185,117.547669830435,28.58479854585,117.828063655515,28.2263900328598,454.722917864208,451.258260344589,1982.58716396643,1986.05182148605,NA,main,main
181,186,7.71482489937931,102.636643135046,24.6549416445146,103.050035347506,24.9404571333372,455.025592435786,447.310767536407,1978.63967115825,1986.35449605763,NA,main,main
224,225,3.78860450293696,102.491979621142,24.6809408213906,102.677857369722,24.6881277807302,456.062593191711,452.273988688774,1983.60289231062,1987.39149681356,NA,main,main
224,244,6.31870748744497,102.491979621142,24.6809408213906,102.468773589247,24.6442534693569,458.592696176219,452.273988688774,1983.60289231062,1989.92159979807,NA,main,main
225,232,2.98125712429416,102.677857369722,24.6881277807302,102.436041995538,24.733982698394,459.043850316006,456.062593191711,1987.39149681356,1990.37275393785,NA,main,main
186,205,5.5001766532107,103.050035347506,24.9404571333372,102.868720128023,24.88600096935,460.525769088997,455.025592435786,1986.35449605763,1991.85467271084,NA,main,main
232,233,2.38367042058153,102.436041995538,24.733982698394,102.46940589661,24.9829188524929,461.427520736587,459.043850316006,1990.37275393785,1992.75642435843,NA,main,main
171,245,75.1457579566917,100.967646418093,26.032959809188,100.752798551117,25.7943379088641,461.468220803455,386.322462846763,1917.65136646861,1992.7971244253,NA,main,main
248,249,10.8363955294955,117.547669830435,28.58479854585,117.559289421886,28.6439056629694,462.094655874085,451.258260344589,1982.58716396643,1993.42355949593,NA,main,main
205,219,2.981361494843,102.868720128023,24.88600096935,105.459869298722,25.1704575440626,463.50713058384,460.525769088997,1991.85467271084,1994.83603420569,NA,main,main
219,220,0.113515503695123,105.459869298722,25.1704575440626,105.409845988867,25.149665310421,463.620646087535,463.50713058384,1994.83603420569,1994.94954970938,NA,main,main
232,239,5.38696844935918,102.436041995538,24.733982698394,102.985662905269,24.8397098220807,464.430818765365,459.043850316006,1990.37275393785,1995.75972238721,NA,main,main
205,206,4.66486145781858,102.868720128023,24.88600096935,102.624283957973,24.7831097043627,465.190630546815,460.525769088997,1991.85467271084,1996.51953416866,NA,main,main
186,187,11.1296842938936,103.050035347506,24.9404571333372,108.873556627092,22.9730100476994,466.15527672968,455.025592435786,1986.35449605763,1997.48418035153,NA,main,main
144,145,17.0254492002272,101.662797095281,21.3262076437212,101.674760395909,21.4547173695401,466.322564466804,449.297115266577,1980.62601888842,1997.65146808865,NA,main,main
233,234,5.03042946786821,102.46940589661,24.9829188524929,102.50756748394,24.9987593264362,466.457950204455,461.427520736587,1992.75642435843,1997.7868538263,NA,main,main
249,253,5.16306555064444,117.559289421886,28.6439056629694,117.128772168903,28.2585614715993,467.257721424729,462.094655874085,1993.42355949593,1998.58662504657,NA,main,main
253,254,0.433151501247401,117.128772168903,28.2585614715993,117.152601955796,27.6781125042062,467.690872925976,467.257721424729,1998.58662504657,1999.01977654782,NA,main,main
234,235,1.44081851682193,102.50756748394,24.9987593264362,102.561900475115,24.9818802748903,467.898768721277,466.457950204455,1997.7868538263,1999.22767234312,NA,main,main
260,261,14.5051029428157,117.828063655515,28.2263900328598,122.39125404872,29.7480803826678,469.228020807023,454.722917864208,1986.05182148605,2000.55692442887,NA,main,main
275,276,27.848857268049,110.827560394749,30.6620052020427,111.36173313475,30.8699339179458,469.246159270991,441.397302002942,1972.72620562479,2000.57506289284,NA,main,main
187,188,3.67224789503386,108.873556627092,22.9730100476994,111.279998526379,24.4702582224312,469.827524624714,466.15527672968,1997.48418035153,2001.15642824656,NA,main,main
206,207,5.17464384196932,102.624283957973,24.7831097043627,102.766804601031,24.8689496852658,470.365274388785,465.190630546815,1996.51953416866,2001.69417801063,NA,main,main
254,256,2.72631218402461,117.152601955796,27.6781125042062,117.143042883981,27.6145104897003,470.417185110001,467.690872925976,1999.01977654782,2001.74608873185,NA,main,main
239,240,6.89230543346628,102.985662905269,24.8397098220807,103.114161907002,24.8149748002579,471.323124198831,464.430818765365,1995.75972238721,2002.65202782068,NA,main,main
249,250,9.32747462804174,117.559289421886,28.6439056629694,117.563547878676,29.6711840114167,471.422130502126,462.094655874085,1993.42355949593,2002.75103412397,NA,main,main
276,277,2.53728229708602,111.36173313475,30.8699339179458,111.259759154836,30.8607808150547,471.783441568077,469.246159270991,2000.57506289284,2003.11234518992,NA,main,main
263,264,18.973476587981,114.320244009138,21.9065227369873,113.99787632242,22.3022722992045,472.075787130348,453.102310542367,1984.43121416421,2003.40469075219,NA,main,main
206,217,7.30450462659891,102.624283957973,24.7831097043627,102.547153515638,24.8501065581648,472.495135173414,465.190630546815,1996.51953416866,2003.82403879526,NA,main,main
277,126,0.926010974460837,111.259759154836,30.8607808150547,111.154986273883,30.9980036239346,472.709452542538,471.783441568077,2003.11234518992,2004.03835616438,SC1_DQ648857.1,main,main
264,269,0.646198555430097,113.99787632242,22.3022722992045,114.103629951937,22.3102996084073,472.721985685778,472.075787130348,2003.40469075219,2004.05088930762,NA,main,main
264,265,0.914665556376409,113.99787632242,22.3022722992045,113.992375891712,22.2945428083084,472.990452686724,472.075787130348,2003.40469075219,2004.31935630857,NA,main,main
265,266,0.113608703785893,113.992375891712,22.2945428083084,113.952041370413,22.281034698507,473.10406139051,472.990452686724,2004.31935630857,2004.43296501236,NA,main,main
265,267,0.392980143787749,113.992375891712,22.2945428083084,113.995452445028,22.4012937714252,473.383432830512,472.990452686724,2004.31935630857,2004.71233645236,NA,main,main
219,222,9.96562983514418,105.459869298722,25.1704575440626,111.358509352731,28.6906197717387,473.472760418984,463.50713058384,1994.83603420569,2004.80166404083,NA,main,main
267,268,0.139510572013751,113.995452445028,22.4012937714252,114.098647398378,22.4407911970147,473.522943402526,473.383432830512,2004.71233645236,2004.85184702437,NA,main,main
276,125,4.29662660488011,111.36173313475,30.8699339179458,111.298234137608,30.7450343268359,473.542785875871,469.246159270991,2000.57506289284,2004.87168949772,SC1_DQ412043.1,main,main
277,127,1.75934430779409,111.259759154836,30.8607808150547,111.240170280967,30.8914365742593,473.542785875871,471.783441568077,2003.11234518992,2004.87168949772,SC1_DQ412042.1,main,main
187,45,7.46947635930628,108.873556627092,22.9730100476994,108.148058171466,22.8068156796498,473.624753088986,466.15527672968,1997.48418035153,2004.95365671083,SC1_DQ071615.1,main,main
225,226,17.6070990624478,102.677857369722,24.6881277807302,103.094496547412,25.151900186142,473.669692254159,456.062593191711,1987.39149681356,2004.998595876,NA,main,main
175,176,40.5695150711709,114.973482199437,25.096440042569,113.852250978818,24.9524812517501,473.693522992495,433.124007921324,1964.45291154317,2005.02242661434,NA,main,main
266,119,0.73415827531538,113.952041370413,22.281034698507,114.002790106991,22.3086251166106,473.838219665825,473.10406139051,2004.43296501236,2005.16712328767,SC1_DQ022305.2,main,main
266,115,0.753336357507109,113.952041370413,22.281034698507,113.951922635463,22.2087933682741,473.857397748017,473.10406139051,2004.43296501236,2005.18630136986,SC1_DQ084199.1,main,main
268,118,0.391988592066916,114.098647398378,22.4407911970147,114.035451386091,22.5680333889971,473.914931994593,473.522943402526,2004.85184702437,2005.24383561644,SC1_DQ084200.1,main,main
254,255,6.44169996599256,117.152601955796,27.6781125042062,117.545940375372,27.974533928984,474.132572891969,467.690872925976,1999.01977654782,2005.46147651381,NA,main,main
269,111,1.70527507593807,114.103629951937,22.3102996084073,113.945648394807,22.5551464857996,474.427260761716,472.721985685778,2004.05088930762,2005.75616438356,SC1_GQ153540.1,main,main
267,116,1.043827931204,113.995452445028,22.4012937714252,114.158963669661,22.090584079899,474.427260761716,473.383432830512,2004.71233645236,2005.75616438356,SC1_GQ153539.1,main,main
269,270,1.81453271987828,114.103629951937,22.3102996084073,114.042243138355,22.2326549137296,474.536518405656,472.721985685778,2004.05088930762,2005.8654220275,NA,main,main
268,117,1.14267352357376,114.098647398378,22.4407911970147,114.082124615934,22.5035745264078,474.665616926099,473.522943402526,2004.85184702437,2005.99452054795,SC1_GQ153541.1,main,main
153,160,78.3392992003269,111.528817117999,31.8670416218459,125.120425221043,40.8885729008404,474.676666592947,396.33736739262,1927.66627101447,2006.00557021479,NA,main,main
220,64,11.0888064550028,105.409845988867,25.149665310421,105.666329613635,26.1735547726073,474.709452542538,463.620646087535,1994.94954970938,2006.03835616438,SC1_FJ588686.1,main,main
270,271,0.200749732215645,114.042243138355,22.2326549137296,114.097793972464,22.2824925018789,474.737268137872,474.536518405656,2005.8654220275,2006.06617175972,NA,main,main
262,273,34.5366352732743,115.643141337361,23.3579475687889,113.976068341552,22.3162282635893,474.751064727333,440.214429454059,1971.5433330759,2006.07996834918,NA,main,main
273,121,0.0816754864375575,113.976068341552,22.3162282635893,113.991121183398,22.3225743370962,474.832740213771,474.751064727333,2006.07996834918,2006.16164383562,SC1_GQ153542.1,main,main
273,122,0.0816754864375575,113.976068341552,22.3162282635893,113.983248780674,22.2910891294429,474.832740213771,474.751064727333,2006.07996834918,2006.16164383562,SC1_GQ153543.1,main,main
271,272,0.481117378398169,114.097793972464,22.2824925018789,114.134902368584,22.2081272107525,475.21838551627,474.737268137872,2006.06617175972,2006.54728913812,NA,main,main
271,113,0.626978925214008,114.097793972464,22.2824925018789,114.105100869964,22.2690921528914,475.364247063086,474.737268137872,2006.06617175972,2006.69315068493,SC1_GQ153545.1,main,main
272,112,0.145861546815839,114.134902368584,22.2081272107525,113.984990280018,22.2073768249947,475.364247063086,475.21838551627,2006.54728913812,2006.69315068493,SC1_GQ153544.1,main,main
250,251,4.15433802455156,117.563547878676,29.6711840114167,116.677338471129,30.1052639997364,475.576468526678,471.422130502126,2002.75103412397,2006.90537214852,NA,main,main
240,241,4.29519285483578,103.114161907002,24.8149748002579,102.652816309177,24.7872370808979,475.618317053667,471.323124198831,2002.65202782068,2006.94722067551,NA,main,main
272,114,0.669149218048604,114.134902368584,22.2081272107525,114.139740203162,22.1771615525651,475.887534734319,475.21838551627,2006.54728913812,2007.21643835616,SC1_GQ153546.1,main,main
241,242,0.356836575164674,102.652816309177,24.7872370808979,102.638965612036,24.7796710887328,475.975153628831,475.618317053667,2006.94722067551,2007.30405725068,NA,main,main
263,120,22.9742652878422,114.320244009138,21.9065227369873,114.426154587628,22.088098914164,476.076575830209,453.102310542367,1984.43121416421,2007.40547945205,SC1_GQ153547.1,main,main
270,110,2.04416701359407,114.042243138355,22.2326549137296,114.117151511501,22.2762521187633,476.58068541925,474.536518405656,2005.8654220275,2007.9095890411,SC1_GQ153548.1,main,main
188,189,7.59879049412247,111.279998526379,24.4702582224312,111.62511352219,23.4916495949589,477.426315118836,469.827524624714,2001.15642824656,2008.75521874068,NA,main,main
181,182,31.2505070625796,102.636643135046,24.6549416445146,102.427213277039,24.6239491153544,478.561274598986,447.310767536407,1978.63967115825,2009.89017822083,NA,main,main
160,161,3.99360435071318,125.120425221043,40.8885729008404,125.723341548053,41.4378528391362,478.670270943661,474.676666592947,2006.00557021479,2009.99917456551,NA,main,main
189,191,1.57964364457657,111.62511352219,23.4916495949589,111.774436868418,23.9913961364826,479.005958763413,477.426315118836,2008.75521874068,2010.33486238526,NA,main,main
245,92,18.2412317390832,100.752798551117,25.7943379088641,99.0597822717434,25.3144939672772,479.709452542538,461.468220803455,1992.7971244253,2011.03835616438,SC1_KF569996.1,main,main
245,93,18.2412317390832,100.752798551117,25.7943379088641,99.3141276058765,24.4215713544287,479.709452542538,461.468220803455,1992.7971244253,2011.03835616438,SC1_JX993988.1,main,main
182,183,1.16693013269284,102.427213277039,24.6239491153544,102.737791618148,24.6617678349138,479.728204731679,478.561274598986,2009.89017822083,2011.05710835352,NA,main,main
183,42,0.271658769762722,102.737791618148,24.6617678349138,102.739333732583,24.6610499037318,479.999863501442,479.728204731679,2011.05710835352,2011.32876712329,SC1_KC881005.1,main,main
155,156,45.4331687594053,111.407178785709,32.6085618674697,112.660136925343,34.9172736084145,480.201634180172,434.768465420767,1966.09736904261,2011.53053780202,NA,main,main
158,8,41.5486769224058,111.330226358185,32.0919485737814,110.136794528158,32.6072707766321,480.375205967195,438.82652904479,1970.15543266664,2011.70410958904,SC1_JX993987.1,main,main
207,208,10.0780843468028,102.766804601031,24.8689496852658,102.662208329757,25.0411521518183,480.443358735588,470.365274388785,2001.69417801063,2011.77226235743,NA,main,main
156,157,0.341597671328868,112.660136925343,34.9172736084145,113.530153587514,36.6360106825449,480.543231851501,480.201634180172,2011.53053780202,2011.87213547335,NA,main,main
217,218,8.08261797151993,102.547153515638,24.8501065581648,102.515071535836,24.8174549118013,480.577753144934,472.495135173414,2003.82403879526,2011.90665676678,NA,main,main
179,85,40.5759777886055,101.106712135197,27.5407233597793,98.2730301716446,24.3572121494776,480.709452542538,440.133474753932,1971.46237837578,2012.03835616438,SC1_KU973692.1,main,main
253,100,13.4517311178087,117.128772168903,28.2585614715993,119.312663146268,27.8750677685532,480.709452542538,467.257721424729,1998.58662504657,2012.03835616438,SC1_KF294457.1,main,main
161,10,2.03918159887726,125.723341548053,41.4378528391362,125.657532361106,41.4572273828838,480.709452542538,478.670270943661,2009.99917456551,2012.03835616438,SC1_KJ473811.1,main,main
156,2,0.507818362365791,112.660136925343,34.9172736084145,112.663468411757,34.9190025822344,480.709452542538,480.201634180172,2011.53053780202,2012.03835616438,SC1_KY770860.1,main,main
183,184,1.03815972590036,102.737791618148,24.6617678349138,102.630683898766,24.6716849740665,480.76636445758,479.728204731679,2011.05710835352,2012.09526807943,NA,main,main
256,257,10.4911105183632,117.143042883981,27.6145104897003,117.465670844716,27.5215670335707,480.908295628364,470.417185110001,2001.74608873185,2012.23719925021,NA,main,main
184,41,0.156202839056499,102.630683898766,24.6716849740665,102.620605219245,24.6605981330378,480.922567296636,480.76636445758,2012.09526807943,2012.25147091848,SC1_KC881006.1,main,main
235,236,13.233950788748,102.561900475115,24.9818802748903,102.45418973402,24.9737601550472,481.132719510025,467.898768721277,1999.22767234312,2012.46162313187,NA,main,main
184,185,0.495772856388935,102.630683898766,24.6716849740665,102.731417700767,24.7437337956822,481.262137313969,480.76636445758,2012.09526807943,2012.59104093581,NA,main,main
185,40,0.113981895235964,102.731417700767,24.7437337956822,102.735751783063,24.7371799400458,481.376119209205,481.262137313969,2012.59104093581,2012.70502283105,SC1_KF367457.1,main,main
244,44,22.8298711204167,102.468773589247,24.6442534693569,102.929238236498,25.1023999525515,481.422567296636,458.592696176219,1989.92159979807,2012.75147091848,SC1_KY417143.1,main,main
235,33,13.5237985753589,102.561900475115,24.9818802748903,102.684896412757,24.9038921467676,481.422567296636,467.898768721277,1999.22767234312,2012.75147091848,SC1_KY417145.1,main,main
182,43,2.8612926976497,102.427213277039,24.6239491153544,102.660493018502,25.0561703092832,481.422567296636,478.561274598986,2009.89017822083,2012.75147091848,SC1_KY417144.1,main,main
220,221,17.8497670868612,105.409845988867,25.149665310421,105.391675147744,25.1816592498858,481.470413174396,463.620646087535,1994.94954970938,2012.79931679624,NA,main,main
161,162,2.90525229716813,125.723341548053,41.4378528391362,125.730176444081,41.440551568756,481.575523240829,478.670270943661,2009.99917456551,2012.90442686267,NA,main,main
151,1,267.599992820992,110.435497919953,31.0151619312738,141.442722277938,39.3891650378365,481.709452542538,214.109459721546,1745.43836334339,2013.03835616438,SC1_LC556375.1,main,main
278,124,64.9367742342794,112.773392783462,29.1470625128804,113.689374284688,31.0870742771818,481.709452542538,416.772678308258,1948.1015819301,2013.03835616438,SC1_KJ473814.1,main,main
244,84,23.1167563663183,102.468773589247,24.6442534693569,102.652842431258,24.6850164562981,481.709452542538,458.592696176219,1989.92159979807,2013.03835616438,SC1_KJ473816.1,main,main
188,63,11.8819279178242,111.279998526379,24.4702582224312,111.447733686846,24.3031836477837,481.709452542538,469.827524624714,2001.15642824656,2013.03835616438,SC1_KJ473815.1,main,main
157,3,1.16622069103692,113.530153587514,36.6360106825449,114.16286958914,37.1324024332637,481.709452542538,480.543231851501,2011.87213547335,2013.03835616438,SC1_KJ473812.1,main,main
157,4,1.16622069103692,113.530153587514,36.6360106825449,113.239598595162,36.6840128672661,481.709452542538,480.543231851501,2011.87213547335,2013.03835616438,SC1_KJ473813.1,main,main
221,65,0.239039368141674,105.391675147744,25.1816592498858,105.387572911693,25.3045967222976,481.709452542538,481.470413174396,2012.79931679624,2013.03835616438,SC1_KY770859.1,main,main
221,66,0.239039368141674,105.391675147744,25.1816592498858,105.349540971206,24.8534972606532,481.709452542538,481.470413174396,2012.79931679624,2013.03835616438,SC1_KY770858.1,main,main
240,24,10.6767393026109,103.114161907002,24.8149748002579,102.74738604772,24.81978226186,481.999863501442,471.323124198831,2002.65202782068,2013.32876712329,SC1_KY417148.1,main,main
242,20,6.02470987261049,102.638965612036,24.7796710887328,102.994573499349,25.1052278199491,481.999863501442,475.975153628831,2007.30405725068,2013.32876712329,SC1_KY417149.1,main,main
242,23,6.02470987261049,102.638965612036,24.7796710887328,102.629839321106,24.7792227966104,481.999863501442,475.975153628831,2007.30405725068,2013.32876712329,SC1_KY417146.1,main,main
208,73,1.55650476585444,102.662208329757,25.0411521518183,102.658141205405,25.086916254989,481.999863501442,480.443358735588,2011.77226235743,2013.32876712329,SC1_KY417147.1,main,main
218,82,1.52074049349398,102.515071535836,24.8174549118013,102.067331786942,24.9979359485006,482.098493638428,480.577753144934,2011.90665676678,2013.42739726027,SC1_KP886808.1,main,main
218,83,1.52074049349398,102.515071535836,24.8174549118013,101.893216714188,25.1656515663411,482.098493638428,480.577753144934,2011.90665676678,2013.42739726027,SC1_KP886809.1,main,main
241,243,6.48842996022701,102.652816309177,24.7872370808979,102.668077860448,24.7860973833568,482.106747013894,475.618317053667,2006.94722067551,2013.43565063574,NA,main,main
243,21,0.153390460150746,102.668077860448,24.7860973833568,102.890995934899,24.9331954606217,482.260137474045,482.106747013894,2013.43565063574,2013.58904109589,SC1_KY417150.1,main,main
243,22,0.153390460150746,102.668077860448,24.7860973833568,102.646616913094,24.729375719522,482.260137474045,482.106747013894,2013.43565063574,2013.58904109589,SC1_KT444582.1,main,main
162,11,0.714751219517314,125.730176444081,41.440551568756,125.938100759302,41.5995117575469,482.290274460346,481.575523240829,2012.90442686267,2013.61917808219,SC1_KU182964.1,main,main
207,215,12.3623988845302,102.766804601031,24.8689496852658,102.694492392597,24.7473194990606,482.727673273315,470.365274388785,2001.69417801063,2014.05657689516,NA,main,main
251,252,7.20916512972904,116.677338471129,30.1052639997364,115.889421577813,30.1821782988817,482.785633656407,475.576468526678,2006.90537214852,2014.11453727825,NA,main,main
191,194,3.8942600119122,111.774436868418,23.9913961364826,112.912554661324,24.7601843366613,482.900218775325,479.005958763413,2010.33486238526,2014.22912239717,NA,main,main
185,39,1.80621933815827,102.731417700767,24.7437337956822,102.846422341843,25.0895569526859,483.068356652127,481.262137313969,2012.59104093581,2014.39726027397,SC1_KY417142.1,main,main
215,70,0.792738173332503,102.694492392597,24.7473194990606,102.81197012064,24.7174959247243,483.520411446647,482.727673273315,2014.05657689516,2014.84931506849,SC1_KY417151.1,main,main
158,159,44.7237902254514,111.330226358185,32.0919485737814,109.353078200604,27.184755042453,483.550319270241,438.82652904479,1970.15543266664,2014.87922289209,NA,main,main
208,209,3.22351944959876,102.662208329757,25.0411521518183,102.527495395852,25.1768498610981,483.666878185186,480.443358735588,2011.77226235743,2014.99578180703,NA,main,main
162,163,2.26451386967422,125.730176444081,41.440551568756,125.091183377514,41.147255298547,483.840037110503,481.575523240829,2012.90442686267,2015.16894073235,NA,main,main
278,279,67.3675732566465,112.773392783462,29.1470625128804,111.817198278417,29.0354756597023,484.140251564905,416.772678308258,1948.1015819301,2015.46915518675,NA,main,main
261,95,14.9773221464735,122.39125404872,29.7480803826678,122.132524010071,29.8126130112787,484.205342953497,469.228020807023,2000.55692442887,2015.53424657534,SC1_MG772934.1,main,main
189,190,6.87319471838335,111.62511352219,23.4916495949589,113.420251878068,24.3765167278714,484.299509837219,477.426315118836,2008.75521874068,2015.62841345907,NA,main,main
194,196,1.47802663257645,112.912554661324,24.7601843366613,112.950202078636,24.6952822700097,484.378245407901,482.900218775325,2014.22912239717,2015.70714902975,NA,main,main
209,210,0.741934364099526,102.527495395852,25.1768498610981,102.639421894649,25.2462092731949,484.408812549286,483.666878185186,2014.99578180703,2015.73771617113,NA,main,main
215,216,1.70221000138273,102.694492392597,24.7473194990606,102.712111132668,24.7702272545024,484.429883274698,482.727673273315,2014.05657689516,2015.75878689654,NA,main,main
210,211,0.0477015538535586,102.639421894649,25.2462092731949,102.448827817563,25.1274342807569,484.456514103139,484.408812549286,2015.73771617113,2015.78541772499,NA,main,main
216,72,0.0686103637304605,102.712111132668,24.7702272545024,102.72854748131,24.7721886816734,484.498493638428,484.429883274698,2015.75878689654,2015.82739726027,SC1_KY417152.1,main,main
196,198,0.220980338434977,112.950202078636,24.6952822700097,113.104191862236,24.7870441411078,484.599225746336,484.378245407901,2015.70714902975,2015.92812936818,NA,main,main
160,9,10.3251356763664,125.120425221043,40.8885729008404,127.018955717357,35.4830480216252,485.001802269314,474.676666592947,2006.00557021479,2016.33070589116,SC1_KY938558.1,main,main
210,212,0.656085639534354,102.639421894649,25.2462092731949,102.570332395344,25.1525666690103,485.06489818882,484.408812549286,2015.73771617113,2016.39380181067,NA,main,main
209,214,1.53172218172339,102.527495395852,25.1768498610981,102.665284675606,25.0502962106613,485.19860036691,483.666878185186,2014.99578180703,2016.52750398876,NA,main,main
176,87,11.513197309606,113.852250978818,24.9524812517501,113.926080794507,24.4010300565925,485.206720302101,473.693522992495,2005.02242661434,2016.53562392395,SC1_OK017812.1,main,main
212,213,0.168663829078374,102.570332395344,25.1525666690103,102.635265410887,25.1534411437809,485.233562017899,485.06489818882,2016.39380181067,2016.56246563974,NA,main,main
191,192,6.2717472563332,111.774436868418,23.9913961364826,111.802021503682,23.9070805228983,485.277706019746,479.005958763413,2010.33486238526,2016.60660964159,NA,main,main
170,94,135.202359120701,103.820666910118,28.6183507674781,104.508041400308,32.3081520382095,485.291419755652,350.089060634951,1881.4179642568,2016.6203233775,SC1_MK211374.1,main,main
155,5,50.5229543348858,111.407178785709,32.6085618674697,106.922805254901,31.4092653189293,485.291419755652,434.768465420767,1966.09736904261,2016.6203233775,SC1_OK017846.1,main,main
211,78,0.834905652513089,102.448827817563,25.1274342807569,102.28670830418,25.2169011653738,485.291419755652,484.456514103139,2015.78541772499,2016.6203233775,SC1_OK017850.1,main,main
212,79,0.226521566832293,102.570332395344,25.1525666690103,102.652470444558,25.1004975663247,485.291419755652,485.06489818882,2016.39380181067,2016.6203233775,SC1_OK017847.1,main,main
214,74,0.0928193887427824,102.665284675606,25.0502962106613,102.602492066074,25.1139138720532,485.291419755652,485.19860036691,2016.52750398876,2016.6203233775,SC1_OK017851.1,main,main
214,76,0.0928193887427824,102.665284675606,25.0502962106613,102.643870021002,25.0438374387407,485.291419755652,485.19860036691,2016.52750398876,2016.6203233775,SC1_OK017848.1,main,main
213,75,0.0578577377539196,102.635265410887,25.1534411437809,102.636807350848,25.1546798967788,485.291419755652,485.233562017899,2016.56246563974,2016.6203233775,SC1_OK017849.1,main,main
217,81,12.8809840357902,102.547153515638,24.8501065581648,103.419675078204,24.995443213325,485.376119209205,472.495135173414,2003.82403879526,2016.70502283105,SC1_MK211375.1,main,main
216,71,0.946235934506905,102.712111132668,24.7702272545024,102.82989758989,24.8809085903015,485.376119209205,484.429883274698,2015.75878689654,2016.70502283105,SC1_MK211377.1,main,main
211,80,0.919605106065137,102.448827817563,25.1274342807569,102.501930231559,25.0566534468582,485.376119209205,484.456514103139,2015.78541772499,2016.70502283105,SC1_MK211376.1,main,main
213,77,0.142557191305968,102.635265410887,25.1534411437809,102.651971752877,25.1506878633562,485.376119209205,485.233562017899,2016.56246563974,2016.70502283105,SC1_MK211378.1,main,main
196,197,1.02114933885004,112.950202078636,24.6952822700097,112.667793937501,24.7967413301753,485.399394746751,484.378245407901,2015.70714902975,2016.7282983686,NA,main,main
176,177,12.0036727075157,113.852250978818,24.9524812517501,113.799209877985,24.621991774979,485.69719570001,473.693522992495,2005.02242661434,2017.02609932186,NA,main,main
198,199,1.12439131915489,113.104191862236,24.7870441411078,113.030744526117,24.8100560610479,485.723617065491,484.599225746336,2015.92812936818,2017.05252068734,NA,main,main
199,200,0.0073275417022769,113.030744526117,24.8100560610479,113.056789527001,24.8042763052448,485.730944607193,485.723617065491,2017.05252068734,2017.05984822904,NA,main,main
261,97,16.5663632423637,122.39125404872,29.7480803826678,122.079282620987,30.1283688489236,485.794384049387,469.228020807023,2000.55692442887,2017.12328767123,SC1_MG772933.1,main,main
200,201,0.262865187607536,113.056789527001,24.8042763052448,113.015174889994,24.7950434382782,485.993809794801,485.730944607193,2017.05984822904,2017.32271341665,NA,main,main
201,202,0.254926858086601,113.015174889994,24.7950434382782,112.770756073271,24.7928678577178,486.248736652888,485.993809794801,2017.32271341665,2017.57764027473,NA,main,main
226,32,12.6205822061868,103.094496547412,25.151900186142,112.655767750666,23.4088174700862,486.290274460346,473.669692254159,2004.998595876,2017.61917808219,SC1_OK017792.1,main,main
174,91,49.8183744415495,114.326540822844,24.3751498434182,114.013581552701,24.4589203291391,486.375205967195,436.556831525646,1967.88573514749,2017.70410958904,SC1_OK017823.1,main,main
190,61,2.07569612997605,113.420251878068,24.3765167278714,113.575127058058,24.2821758985305,486.375205967195,484.299509837219,2015.62841345907,2017.70410958904,SC1_OK017822.1,main,main
190,62,2.07569612997605,113.420251878068,24.3765167278714,113.565401906198,24.357357256972,486.375205967195,484.299509837219,2015.62841345907,2017.70410958904,SC1_OK017824.1,main,main
197,57,0.975811220444132,112.667793937501,24.7967413301753,112.715528031148,24.7616928912643,486.375205967195,485.399394746751,2016.7282983686,2017.70410958904,SC1_OK017817.1,main,main
197,55,0.975811220444132,112.667793937501,24.7967413301753,112.897423439437,24.7851889275611,486.375205967195,485.399394746751,2016.7282983686,2017.70410958904,SC1_OK017818.1,main,main
177,88,0.678010267185075,113.799209877985,24.621991774979,113.893504592696,24.6145261868288,486.375205967195,485.69719570001,2017.02609932186,2017.70410958904,SC1_OK017813.1,main,main
177,89,0.678010267185075,113.799209877985,24.621991774979,113.894472629115,24.7017027099429,486.375205967195,485.69719570001,2017.02609932186,2017.70410958904,SC1_OK017819.1,main,main
199,52,0.651588901704308,113.030744526117,24.8100560610479,113.067117104868,24.8199001534307,486.375205967195,485.723617065491,2017.05252068734,2017.70410958904,SC1_OK017815.1,main,main
200,54,0.644261360002031,113.056789527001,24.8042763052448,113.069593437161,24.7580666132764,486.375205967195,485.730944607193,2017.05984822904,2017.70410958904,SC1_OK017821.1,main,main
201,58,0.381396172394495,113.015174889994,24.7950434382782,113.013402639472,24.7786248175235,486.375205967195,485.993809794801,2017.32271341665,2017.70410958904,SC1_OK017814.1,main,main
202,53,0.126469314307894,112.770756073271,24.7928678577178,112.818991310305,24.7382868027382,486.375205967195,486.248736652888,2017.57764027473,2017.70410958904,SC1_OK017816.1,main,main
202,56,0.126469314307894,112.770756073271,24.7928678577178,112.708342266466,24.9146539409676,486.375205967195,486.248736652888,2017.57764027473,2017.70410958904,SC1_OK017820.1,main,main
192,193,1.26387719188169,111.802021503682,23.9070805228983,112.413456891956,23.9796512829221,486.541583211627,485.277706019746,2016.60660964159,2017.87048683347,NA,main,main
194,195,4.19672100753491,112.912554661324,24.7601843366613,113.180288157787,24.6515618160823,487.09693978286,482.900218775325,2014.22912239717,2018.42584340471,NA,main,main
236,35,6.15755495032069,102.45418973402,24.9737601550472,102.463431920173,24.9995514054435,487.290274460346,481.132719510025,2012.46162313187,2018.61917808219,SC1_MW703458.1,main,main
163,165,3.76187594145214,125.091183377514,41.147255298547,125.389066500687,41.3186956674624,487.601913051955,483.840037110503,2015.16894073235,2018.9308166738,NA,main,main
222,223,14.2093547129415,111.358509352731,28.6906197717387,111.536712685453,28.6509654929925,487.682115131925,473.472760418984,2004.80166404083,2019.01101875377,NA,main,main
198,203,3.23069310602143,113.104191862236,24.7870441411078,114.967092176208,25.5748430365404,487.829918852358,484.599225746336,2015.92812936818,2019.1588224742,NA,main,main
226,227,14.2847262082072,103.094496547412,25.151900186142,102.239861760551,23.8693141492401,487.954418462366,473.669692254159,2004.998595876,2019.28332208421,NA,main,main
165,166,0.356411999709827,125.389066500687,41.3186956674624,125.386823432606,41.3277171566772,487.958325051665,487.601913051955,2018.9308166738,2019.28722867351,NA,main,main
144,134,38.8917893307558,101.662797095281,21.3262076437212,101.554611034591,21.3498099672918,488.188904597332,449.297115266577,1980.62601888842,2019.51780821918,SC1_EPI_ISL_412977,main,main
227,228,0.291490500166012,102.239861760551,23.8693141492401,102.220013204888,23.8494674308239,488.245908962532,487.954418462366,2019.28332208421,2019.57481258438,NA,main,main
195,59,1.19333467748627,113.180288157787,24.6515618160823,113.230334268489,24.670950095871,488.290274460346,487.09693978286,2018.42584340471,2019.61917808219,SC1_OK017826.1,main,main
195,60,1.19333467748627,113.180288157787,24.6515618160823,113.105489845048,24.5373453423167,488.290274460346,487.09693978286,2018.42584340471,2019.61917808219,SC1_OK017825.1,main,main
192,46,3.09749994744963,111.802021503682,23.9070805228983,111.799080882293,23.8795336076449,488.375205967195,485.277706019746,2016.60660964159,2019.70410958904,SC1_OK017859.1,main,main
193,48,1.83362275556794,112.413456891956,23.9796512829221,112.884476132007,24.3868865475281,488.375205967195,486.541583211627,2017.87048683347,2019.70410958904,SC1_OK017827.1,main,main
193,47,1.83362275556794,112.413456891956,23.9796512829221,112.369065093,22.890596166966,488.375205967195,486.541583211627,2017.87048683347,2019.70410958904,SC1_OK017828.1,main,main
228,229,0.19788665994838,102.220013204888,23.8494674308239,102.332106148465,23.6305661912562,488.443795622481,488.245908962532,2019.57481258438,2019.77269924433,NA,main,main
166,167,0.686182473900713,125.386823432606,41.3277171566772,125.319570980065,41.3565587614449,488.644507525566,487.958325051665,2019.28722867351,2019.97341114741,NA,main,main
229,230,0.26407540449496,102.332106148465,23.6305661912562,102.199079500557,23.6794670971506,488.707871026976,488.443795622481,2019.77269924433,2020.03677464882,NA,main,main
145,146,22.3953634261977,101.674760395909,21.4547173695401,102.272675930393,18.8508138725506,488.717927893002,466.322564466804,1997.65146808865,2020.04683151485,NA,main,main
230,231,0.14171079016001,102.199079500557,23.6794670971506,102.234282476547,23.6843620187459,488.849581817136,488.707871026976,2020.03677464882,2020.17848543898,NA,main,main
257,259,8.05826468628446,117.465670844716,27.5215670335707,117.979478258638,27.1081724075517,488.966560314649,480.908295628364,2012.23719925021,2020.29546393649,NA,main,main
145,133,22.7830629391221,101.674760395909,21.4547173695401,101.637068455134,21.4026158702004,489.105627405926,466.322564466804,1997.65146808865,2020.43453102777,SC1_MZ081381.1,main,main
239,19,24.6939343236212,102.985662905269,24.8397098220807,100.173875099406,23.6637009876499,489.124753088986,464.430818765365,1995.75972238721,2020.45365671083,SC1_OK017858.1,main,main
227,31,1.17033462661956,102.239861760551,23.8693141492401,102.304247366981,23.9342460774628,489.124753088986,487.954418462366,2019.28332208421,2020.45365671083,SC1_OK017856.1,main,main
228,28,0.878844126453546,102.220013204888,23.8494674308239,102.264037236994,23.8494538701286,489.124753088986,488.245908962532,2019.57481258438,2020.45365671083,SC1_OK017855.1,main,main
229,26,0.680957466505166,102.332106148465,23.6305661912562,102.589005965034,23.8194434040372,489.124753088986,488.443795622481,2019.77269924433,2020.45365671083,SC1_OK017854.1,main,main
230,27,0.416882062010206,102.199079500557,23.6794670971506,102.104174429383,23.7047305637294,489.124753088986,488.707871026976,2020.03677464882,2020.45365671083,SC1_OK017853.1,main,main
231,30,0.275171271850196,102.234282476547,23.6843620187459,102.255806854851,23.7307676212974,489.124753088986,488.849581817136,2020.17848543898,2020.45365671083,SC1_OK017852.1,main,main
231,29,0.275171271850196,102.234282476547,23.6843620187459,102.384565844912,23.524727005592,489.124753088986,488.849581817136,2020.17848543898,2020.45365671083,SC1_OK017857.1,main,main
163,164,5.31134977476361,125.091183377514,41.147255298547,125.18870012668,41.128197764471,489.151386885267,483.840037110503,2015.16894073235,2020.48029050711,NA,main,main
143,135,62.4681885300902,101.538661783179,21.7968848964153,101.004897214285,13.4717667288148,489.173933416855,426.705744886764,1958.03464850861,2020.5028370387,SC1_MW251308.1,main,main
252,106,6.42108664569371,115.889421577813,30.1821782988817,115.87491100401,30.19547427391,489.206720302101,482.785633656407,2014.11453727825,2020.53562392395,SC1_OK017801.1,main,main
252,107,6.42108664569371,115.889421577813,30.1821782988817,115.179679158972,30.7577131602457,489.206720302101,482.785633656407,2014.11453727825,2020.53562392395,SC1_OK017802.1,main,main
146,131,0.505185851722138,102.272675930393,18.8508138725506,102.245924947634,18.7965304814837,489.223113744724,488.717927893002,2020.04683151485,2020.55201736657,SC1_MZ937002.1,main,main
167,168,0.58536803743311,125.319570980065,41.3565587614449,125.322127554789,41.3521145581567,489.229875562999,488.644507525566,2019.97341114741,2020.55877918484,NA,main,main
146,132,0.513382573033516,102.272675930393,18.8508138725506,102.167657288579,18.8941376039996,489.231310466035,488.717927893002,2020.04683151485,2020.56021408788,SC1_MZ937004.1,main,main
233,25,27.9485984726174,102.46940589661,24.9829188524929,102.005167514772,24.4055370356131,489.376119209205,461.427520736587,1992.75642435843,2020.70502283105,SC1_OK017793.1,main,main
165,14,1.77420615724952,125.389066500687,41.3186956674624,125.179045144151,41.3358096571079,489.376119209205,487.601913051955,2018.9308166738,2020.70502283105,SC1_OK017800.1,main,main
166,16,1.41779415753969,125.386823432606,41.3277171566772,125.612577075623,41.3443937843409,489.376119209205,487.958325051665,2019.28722867351,2020.70502283105,SC1_OK017798.1,main,main
167,12,0.731611683638977,125.319570980065,41.3565587614449,125.381751817133,41.5869029723946,489.376119209205,488.644507525566,2019.97341114741,2020.70502283105,SC1_OK017795.1,main,main
164,17,0.224732323938046,125.18870012668,41.128197764471,125.295782448609,41.2194742596435,489.376119209205,489.151386885267,2020.48029050711,2020.70502283105,SC1_OK017799.1,main,main
164,18,0.224732323938046,125.18870012668,41.128197764471,125.036599672021,40.8384539394538,489.376119209205,489.151386885267,2020.48029050711,2020.70502283105,SC1_OK017794.1,main,main
168,13,0.146243646205866,125.322127554789,41.3521145581567,125.334886843919,41.3544678766566,489.376119209205,489.229875562999,2020.55877918484,2020.70502283105,SC1_OK017796.1,main,main
168,15,0.146243646205866,125.322127554789,41.3521145581567,125.220037587449,41.3900902919607,489.376119209205,489.229875562999,2020.55877918484,2020.70502283105,SC1_OK017797.1,main,main
234,237,22.9356825940629,102.50756748394,24.9987593264362,105.706388532116,26.7919560100721,489.393632798518,466.457950204455,1997.7868538263,2020.72253642036,NA,main,main
203,204,1.76314164224128,114.967092176208,25.5748430365404,115.10177978103,25.4103018576782,489.593060494599,487.829918852358,2019.1588224742,2020.92196411644,NA,main,main
237,238,0.327000895269995,105.706388532116,26.7919560100721,105.64253109016,26.8401887651301,489.720633693788,489.393632798518,2020.72253642036,2021.04953731563,NA,main,main
159,6,6.24406477914601,109.353078200604,27.184755042453,109.955362378684,27.3607929892738,489.794384049387,483.550319270241,2014.87922289209,2021.12328767123,SC1_OK017832.1,main,main
159,7,6.24406477914601,109.353078200604,27.184755042453,109.733743175943,27.4955715443845,489.794384049387,483.550319270241,2014.87922289209,2021.12328767123,SC1_OK017833.1,main,main
223,68,2.11226891746154,111.536712685453,28.6509654929925,111.379581499446,28.89930631245,489.794384049387,487.682115131925,2019.01101875377,2021.12328767123,SC1_OK017804.1,main,main
223,69,2.11226891746154,111.536712685453,28.6509654929925,111.500500776702,28.6617134051274,489.794384049387,487.682115131925,2019.01101875377,2021.12328767123,SC1_OK017803.1,main,main
222,67,16.3983359591701,111.358509352731,28.6906197717387,111.498120035068,28.523684749257,489.871096378154,473.472760418984,2004.80166404083,2021.2,SC1_OK017805.1,main,main
279,129,5.73084481324931,111.817198278417,29.0354756597023,111.794379518686,28.8699795323754,489.871096378154,484.140251564905,2015.46915518675,2021.2,SC1_OK017835.1,main,main
279,130,5.73084481324931,111.817198278417,29.0354756597023,111.78222983606,29.1040771815583,489.871096378154,484.140251564905,2015.46915518675,2021.2,SC1_OK017834.1,main,main
237,38,0.477463579635891,105.706388532116,26.7919560100721,105.735516812038,26.6925336849893,489.871096378154,489.393632798518,2020.72253642036,2021.2,SC1_OK017829.1,main,main
238,36,0.150462684365897,105.64253109016,26.8401887651301,105.645182600878,26.8416883351076,489.871096378154,489.720633693788,2021.04953731563,2021.2,SC1_OK017830.1,main,main
238,37,0.150462684365897,105.64253109016,26.8401887651301,105.091133948905,26.9980600993416,489.871096378154,489.720633693788,2021.04953731563,2021.2,SC1_OK017831.1,main,main
236,34,8.86330837497828,102.45418973402,24.9737601550472,102.26992745963,25.009348112188,489.996027885004,481.132719510025,2012.46162313187,2021.32493150685,SC1_OK017806.1,main,main
255,99,15.9056467738564,117.545940375372,27.974533928984,117.703564952659,27.6312752533747,490.038219665825,474.132572891969,2005.46147651381,2021.36712328767,SC1_OK017808.1,main,main
255,98,15.9056467738564,117.545940375372,27.974533928984,117.938103368541,27.8611229686334,490.038219665825,474.132572891969,2005.46147651381,2021.36712328767,SC1_OK017809.1,main,main
259,102,1.07165935117671,117.979478258638,27.1081724075517,117.794754262729,27.1333546826098,490.038219665825,488.966560314649,2020.29546393649,2021.36712328767,SC1_OK017810.1,main,main
259,103,1.07165935117671,117.979478258638,27.1081724075517,118.433449027578,27.21367376227,490.038219665825,488.966560314649,2020.29546393649,2021.36712328767,SC1_OK017811.1,main,main
257,258,9.15236245776862,117.465670844716,27.5215670335707,115.04027627252,25.9321260038368,490.060658086133,480.908295628364,2012.23719925021,2021.38956170798,NA,main,main
175,90,57.0813350321731,114.973482199437,25.096440042569,115.245808669961,25.0469668092622,490.205342953497,433.124007921324,1964.45291154317,2021.53424657534,SC1_OK017844.1,main,main
174,123,53.6485114278509,114.326540822844,24.3751498434182,115.052525639328,26.2488187373631,490.205342953497,436.556831525646,1967.88573514749,2021.53424657534,SC1_OK017839.1,main,main
275,128,48.8080409505549,110.827560394749,30.6620052020427,114.255234931451,28.3203267954712,490.205342953497,441.397302002942,1972.72620562479,2021.53424657534,SC1_OK017860.1,main,main
260,96,35.4824250892891,117.828063655515,28.2263900328598,117.816249635045,28.2085269515872,490.205342953497,454.722917864208,1986.05182148605,2021.53424657534,SC1_OK017837.1,main,main
256,101,19.7881578434957,117.143042883981,27.6145104897003,116.987229040379,27.5456976253405,490.205342953497,470.417185110001,2001.74608873185,2021.53424657534,SC1_OK017845.1,main,main
250,109,18.7832124513704,117.563547878676,29.6711840114167,117.618874339846,29.646820295054,490.205342953497,471.422130502126,2002.75103412397,2021.53424657534,SC1_OK017807.1,main,main
251,108,14.6288744268188,116.677338471129,30.1052639997364,116.49355996437,29.8245990107245,490.205342953497,475.576468526678,2006.90537214852,2021.53424657534,SC1_OK017836.1,main,main
203,51,2.3754241011391,114.967092176208,25.5748430365404,115.210452298694,25.1107505167143,490.205342953497,487.829918852358,2019.1588224742,2021.53424657534,SC1_OK017841.1,main,main
204,49,0.612282458897822,115.10177978103,25.4103018576782,115.076957728067,25.4040255229628,490.205342953497,489.593060494599,2020.92196411644,2021.53424657534,SC1_OK017843.1,main,main
204,50,0.612282458897822,115.10177978103,25.4103018576782,115.030090025344,25.410603736609,490.205342953497,489.593060494599,2020.92196411644,2021.53424657534,SC1_OK017842.1,main,main
258,104,0.144684867363853,115.04027627252,25.9321260038368,114.892501425351,25.7254433622653,490.205342953497,490.060658086133,2021.38956170798,2021.53424657534,SC1_OK017838.1,main,main
258,105,0.144684867363853,115.04027627252,25.9321260038368,115.030736938334,25.9350513518171,490.205342953497,490.060658086133,2021.38956170798,2021.53424657534,SC1_OK017840.1,main,main
