node1,node2,length,startLon,startLat,endLon,endLat,endNodeL,startNodeL,startYear,endYear,tipLabel,startClade,endClade,distance,dispersal_velocity
143,142,575.490484291989,99.8907385750881,17.5386362845079,141.411968609605,39.3255316813321,575.490484291989,0.0,1437.54787187239,2013.03835616438,SC1_LC556375.1,main,main,4671.8261961520475,8.117990346790311
143,144,13.7167089189713,99.8907385750881,17.5386362845079,100.041898871414,17.6638660284054,13.7167089189713,0.0,1437.54787187239,1451.26458079137,,main,main,21.201747877843488,1.545687672100396
144,145,409.016049260855,100.041898871414,17.6638660284054,99.9414837797847,17.5469824938609,422.732758179826,13.7167089189713,1451.26458079137,1860.28063005222,,main,main,16.761116108959474,0.040979115952171026
145,146,23.4289937561027,99.9414837797847,17.5469824938609,100.379070998748,16.641289879546,446.161751935929,422.732758179826,1860.28063005222,1883.70962380832,,main,main,110.52485040819242,4.717439065406013
144,161,471.054141991086,100.041898871414,17.6638660284054,102.626393106496,26.5772423658474,484.770850910058,13.7167089189713,1451.26458079137,1922.31872278245,,main,main,1022.2897421288085,2.1702170748519896
146,147,40.7461040872815,100.379070998748,16.641289879546,101.533975060404,18.3248018611647,486.90785602321,446.161751935929,1883.70962380832,1924.4557278956,,main,main,223.07020405111967,5.4746388408885664
161,225,25.4177040074161,102.626393106496,26.5772423658474,102.836443331411,26.6421944030143,510.188554917474,484.770850910058,1922.31872278245,1947.73642678987,,main,main,22.12320517969409,0.8703856639938534
161,162,33.8807985561421,102.626393106496,26.5772423658474,107.4533259392,27.0592450058841,518.6516494662,484.770850910058,1922.31872278245,1956.19952133859,,main,main,482.79609382737164,14.249843994301239
147,154,32.1738473187111,101.533975060404,18.3248018611647,102.059797821659,18.8416944761788,519.081703341921,486.90785602321,1924.4557278956,1956.62957521432,,main,main,79.71031515240334,2.4774878292546263
225,226,14.411441995811,102.836443331411,26.6421944030143,103.123085515386,26.2261294894998,524.599996913285,510.188554917474,1947.73642678987,1962.14786878568,,main,main,54.24464363256499,3.7639983319040784
162,163,7.38401057249701,107.4533259392,27.0592450058841,111.417407940673,30.3862133800329,526.035660038697,518.6516494662,1956.19952133859,1963.58353191109,,main,main,534.6560910320853,72.40727593531649
163,164,0.394929461346031,111.417407940673,30.3862133800329,111.37652575991,30.4196634974696,526.430589500043,526.035660038697,1963.58353191109,1963.97846137244,,main,main,5.402273270492376,13.679083986491928
226,227,15.4298572634387,103.123085515386,26.2261294894998,101.442250158774,26.0771259700973,540.029854176724,524.599996913285,1962.14786878568,1977.57772604912,,main,main,168.87233885671552,10.944517241702636
226,229,15.6397675031156,103.123085515386,26.2261294894998,103.460663293669,26.2510705328313,540.239764416401,524.599996913285,1962.14786878568,1977.78763628879,,main,main,33.841940534102676,2.1638391061351148
147,148,53.4086216073187,101.533975060404,18.3248018611647,110.489241264609,25.6992065951963,540.316477630529,486.90785602321,1924.4557278956,1977.86434950292,,main,main,1232.8013719333737,23.082441276942454
163,214,15.6268493889004,111.417407940673,30.3862133800329,111.652948734908,30.3843545247186,541.662509427597,526.035660038697,1963.58353191109,1979.21038129999,,main,main,22.63908679838471,1.4487300821152749
229,230,1.48560180325411,103.460663293669,26.2510705328313,102.73741852133,25.5058737964956,541.725366219655,540.239764416401,1977.78763628879,1979.27323809205,,main,main,109.86136881806323,73.95075085222658
229,263,1.73380644020079,103.460663293669,26.2510705328313,102.136926643797,25.2075653163178,541.973570856601,540.239764416401,1977.78763628879,1979.521442729,,main,main,176.08939893686713,101.56231679268329
162,222,24.5327946877206,107.4533259392,27.0592450058841,108.171219667414,27.3409681816968,543.18444415392,518.6516494662,1956.19952133859,1980.73231602631,,main,main,77.67648259212412,3.1662304919138924
214,220,2.08554157893255,111.652948734908,30.3843545247186,111.732511983575,30.5079831648321,543.74805100653,541.662509427597,1979.21038129999,1981.29592287892,,main,main,15.692129547120695,7.524246797876096
164,165,18.3759198139399,111.37652575991,30.4196634974696,111.409416953151,24.2095994183137,544.806509313983,526.430589500043,1963.97846137244,1982.35438118638,,main,main,688.1394668667294,37.44789234140593
165,166,1.27226033037423,111.409416953151,24.2095994183137,111.284735860754,24.3059103008108,546.078769644357,544.806509313983,1982.35438118638,1983.62664151675,,main,main,16.556006415528767,13.013065031005791
166,167,1.55268201852424,111.284735860754,24.3059103008108,111.187101995742,24.2610370178793,547.631451662881,546.078769644357,1983.62664151675,1985.17932353528,,main,main,11.088821017618717,7.141720510267892
227,228,8.89980704949986,101.442250158774,26.0771259700973,99.1997594111676,24.9074664884247,548.929661226224,540.029854176724,1977.57772604912,1986.47753309862,,main,main,260.04224925668177,29.218863713600996
263,264,8.46904936686227,102.136926643797,25.2075653163178,103.224030315412,24.9376323718758,550.442620223464,541.973570856601,1979.521442729,1987.99049209586,,main,main,113.68115466983805,13.42313047727058
148,149,10.1781539100208,110.489241264609,25.6992065951963,113.725538758464,26.8534584000857,550.49463154055,540.316477630529,1977.86434950292,1988.04250341294,,main,main,347.6091885621138,34.152479087575855
149,150,0.91934789699426,113.725538758464,26.8534584000857,113.538017652771,26.7102850869468,551.413979437544,550.49463154055,1988.04250341294,1988.96185130994,,main,main,24.482810062426463,26.63062605839552
230,247,9.975179010209,102.73741852133,25.5058737964956,102.704383448099,25.1553976696594,551.700545229864,541.725366219655,1979.27323809205,1989.24841710226,,main,main,38.967181495192264,3.906414256356871
167,180,4.57565169489588,111.187101995742,24.2610370178793,110.81340025462,23.9589746776019,552.207103357777,547.631451662881,1985.17932353528,1989.75497523017,,main,main,50.6235771364313,11.063686773383928
230,231,12.4815134394587,102.73741852133,25.5058737964956,103.453857693431,25.3390668591228,554.206879659113,541.725366219655,1979.27323809205,1991.75475153151,,main,main,74.40630952383817,5.961321107792281
167,168,7.90543289408501,111.187101995742,24.2610370178793,114.092326131082,22.2640614200618,555.536884556966,547.631451662881,1985.17932353528,1993.08475642936,,main,main,370.493830201109,46.865723251957434
214,215,13.9426662542059,111.652948734908,30.3843545247186,112.394775671256,29.909980857651,555.605175681803,541.662509427597,1979.21038129999,1993.1530475542,,main,main,88.73150661480076,6.364027152126251
148,153,15.6578297870156,110.489241264609,25.6992065951963,104.394857401465,24.7466955885565,555.974307417545,540.316477630529,1977.86434950292,1993.52217928994,,main,main,623.0490901042658,39.79153551796399
231,232,2.33641423276117,103.453857693431,25.3390668591228,102.689871882483,24.9459506738095,556.543293891875,554.206879659113,1991.75475153151,1994.09116576427,,main,main,88.49154927943536,37.8749401705434
231,244,2.68013417195863,103.453857693431,25.3390668591228,103.293415564125,25.1755711662032,556.887013831072,554.206879659113,1991.75475153151,1994.43488570347,,main,main,24.274705596979608,9.057272524248203
215,217,4.92118575449883,112.394775671256,29.909980857651,112.547516928833,29.9433159649292,560.526361436302,555.605175681803,1993.1530475542,1998.0742333087,,main,main,15.204142907598435,3.0895283507027087
180,181,8.35770197630426,110.81340025462,23.9589746776019,112.22906758491,23.4361780092849,560.564805334081,552.207103357777,1989.75497523017,1998.11267720648,,main,main,155.5576076455413,18.612485595511533
181,190,0.500180073588286,112.22906758491,23.4361780092849,112.801709219101,23.6728622627132,561.06498540767,560.564805334081,1998.11267720648,1998.61285728006,,main,main,64.07345420092436,128.10077327003884
166,207,15.5287890491432,111.284735860754,24.3059103008108,116.837923726337,27.92723865899,561.6075586935,546.078769644357,1983.62664151675,1999.15543056589,,main,main,685.0093778019234,44.11222121918893
232,233,5.3569990003241,102.689871882483,24.9459506738095,102.726721602079,24.9568835022898,561.900292892199,556.543293891875,1994.09116576427,1999.44816476459,,main,main,3.9135398930575738,0.7305470642837162
233,236,0.822955082177149,102.726721602079,24.9568835022898,102.530478243012,24.8169518514459,562.723247974376,561.900292892199,1999.44816476459,2000.27111984677,,main,main,25.168360249826353,30.582908830507254
264,265,12.2854105715064,103.224030315412,24.9376323718758,105.020622319449,25.6558680386,562.72803079497,550.442620223464,1987.99049209586,2000.27590266736,,main,main,197.64674247819423,16.087923258877247
217,218,2.31227442563595,112.547516928833,29.9433159649292,112.542862904722,29.9518556878793,562.838635861938,560.526361436302,1998.0742333087,2000.38650773433,,main,main,1.0478490259415565,0.4531681076969764
168,169,7.45899007323049,114.092326131082,22.2640614200618,113.992788014698,22.1306332380388,562.995874630197,555.536884556966,1993.08475642936,2000.54374650259,,main,main,17.990331939573696,2.4118991663682534
169,177,0.0042578641313895,113.992788014698,22.1306332380388,114.00797207358,22.1293653863281,563.000132494328,562.995874630197,2000.54374650259,2000.54800436672,,main,main,1.5727839258989789,369.3833051891491
264,267,12.8280750502935,103.224030315412,24.9376323718758,102.964380009131,24.941802040715,563.270695273757,550.442620223464,1987.99049209586,2000.81856714615,,main,main,26.228559688194945,2.044621627591339
169,170,0.764899824798555,113.992788014698,22.1306332380388,113.993100225353,22.1269341968166,563.760774454995,562.995874630197,2000.54374650259,2001.30864632739,,main,main,0.4108668163006952,0.5371511444768622
247,248,12.1918347598772,102.704383448099,25.1553976696594,102.714703648406,25.0990907618741,563.892379989741,551.700545229864,1989.24841710226,2001.44025186214,,main,main,6.323617505240958,0.5186764445046212
233,234,2.12459033626856,102.726721602079,24.9568835022898,102.654506531296,25.0285931624715,564.024883228467,561.900292892199,1999.44816476459,2001.57275510086,,main,main,10.781971071229501,5.074847083304534
170,171,0.672112127697527,113.993100225353,22.1269341968166,113.983326598914,22.156574190349,564.432886582693,563.760774454995,2001.30864632739,2001.98075845509,,main,main,3.4334729807863082,5.108482408357146
220,221,21.0179358291058,111.732511983575,30.5079831648321,111.261785607307,30.5578812367725,564.765986835636,543.74805100653,1981.29592287892,2002.31385870803,,main,main,45.511396702363356,2.16535996076926
225,271,55.6100526816127,102.836443331411,26.6421944030143,111.27154254619,30.7587901428327,565.798607599087,510.188554917474,1947.73642678987,2003.34647947148,,main,main,941.6661753602012,16.933380386304872
215,216,10.4927836001807,112.394775671256,29.909980857651,112.124011463588,28.8165878064629,566.097959281984,555.605175681803,1993.1530475542,2003.64583115438,,main,main,124.01223584490381,11.818811915912203
170,175,2.45060898852791,113.993100225353,22.1269341968166,114.02100866127,22.1365022918108,566.211383443523,563.760774454995,2001.30864632739,2003.75925531592,,main,main,3.067965911575865,1.2519197986859598
168,179,10.7600044648418,114.092326131082,22.2640614200618,113.613453675376,21.7318421292756,566.296889021808,555.536884556966,1993.08475642936,2003.8447608942,,main,main,76.93085994896681,7.149705206939048
221,117,1.72449745635366,111.261785607307,30.5578812367725,111.415781393433,30.7729265129685,566.490484291989,564.765986835636,2002.31385870803,2004.03835616438,SC1_DQ648857.1,main,main,28.039053201253537,16.259260399571904
171,173,2.10358766431303,113.983326598914,22.156574190349,114.121791381614,22.3385979555439,566.536474247006,564.432886582693,2001.98075845509,2004.0843461194,,main,main,24.698076458077242,11.740930448050953
222,223,23.5368954280766,108.171219667414,27.3409681816968,108.408235793455,27.5650620428887,566.721339581997,543.18444415392,1980.73231602631,2004.26921145439,,main,main,34.140764340713964,1.4505211379742233
236,237,4.00327692930053,102.530478243012,24.8169518514459,102.712577505787,24.7550922853893,566.726524903676,562.723247974376,2000.27111984677,2004.27439677607,,main,main,19.64818760085092,4.908026086590001
271,272,0.931892204221025,111.27154254619,30.7587901428327,111.006169377592,30.9446730666089,566.730499803308,565.798607599087,2003.34647947148,2004.2783716757,,main,main,32.69581100302015,35.08540028012231
267,268,3.72613938456022,102.964380009131,24.941802040715,103.006804551928,24.9490988983362,566.996834658317,563.270695273757,2000.81856714615,2004.54470653071,,main,main,4.360224569017115,1.1701721591748058
175,176,0.929957471325373,114.02100866127,22.1365022918108,114.02398658567,22.1308695181074,567.141340914849,566.211383443523,2003.75925531592,2004.68921278724,,main,main,0.6952843674610771,0.7476517893556569
173,174,0.746186192680504,114.121791381614,22.3385979555439,113.96489400259,22.3468207698176,567.282660439686,566.536474247006,2004.0843461194,2004.83053231208,,main,main,16.187972209834964,21.69428001834684
221,116,2.55783078968692,111.261785607307,30.5578812367725,111.330174656912,30.5277652249583,567.323817625323,564.765986835636,2002.31385870803,2004.87168949772,SC1_DQ412043.1,main,main,7.362882999113141,2.8785653174557186
271,11,1.52521002623598,111.27154254619,30.7587901428327,111.210056568323,30.580256687844,567.323817625323,565.798607599087,2003.34647947148,2004.87168949772,SC1_DQ412042.1,main,main,20.65134978677707,13.540003954564813
222,62,24.221340684517,108.171219667414,27.3409681816968,108.233404753915,22.8974731927131,567.405784838438,543.18444415392,1980.73231602631,2004.95365671083,SC1_DQ071615.1,main,main,492.26818248157304,20.32373801654363
174,94,0.336590975590582,113.96489400259,22.3468207698176,114.077923973958,22.4800069789566,567.619251415277,567.282660439686,2004.83053231208,2005.16712328767,SC1_DQ022305.2,main,main,18.786999987987464,55.81551898420278
177,88,4.63829700314053,114.00797207358,22.1293653863281,114.422540196487,22.4476146927463,567.638429497469,563.000132494328,2000.54800436672,2005.18630136986,SC1_DQ084199.1,main,main,55.381410391779326,11.940031083451814
177,178,4.64165472862159,114.00797207358,22.1293653863281,113.993408079846,22.1308636674866,567.64178722295,563.000132494328,2000.54800436672,2005.18965909534,,main,main,1.51166542371913,0.3256738193812279
175,92,1.48458030052087,114.02100866127,22.1365022918108,114.075948412285,22.1747770014187,567.695963744044,566.211383443523,2003.75925531592,2005.24383561644,SC1_DQ084200.1,main,main,7.07654446927355,4.766697003045723
237,238,1.05335153956549,102.712577505787,24.7550922853893,102.739367304018,24.7507128668052,567.779876443242,566.726524903676,2004.27439677607,2005.32774831564,,main,main,2.7528949044624147,2.6134626485645907
171,172,3.56635525540202,113.983326598914,22.156574190349,114.186098165429,22.300373712822,567.999241838095,564.432886582693,2001.98075845509,2005.54711371049,,main,main,26.278702344420637,7.368503826032426
172,97,0.209050673072571,114.186098165429,22.300373712822,114.176401087034,22.2696147302144,568.208292511167,567.999241838095,2005.54711371049,2005.75616438356,SC1_GQ153539.1,main,main,3.5496430157388277,16.979821033661946
172,93,0.209050673072571,114.186098165429,22.300373712822,114.219933636194,22.213841585513,568.208292511167,567.999241838095,2005.54711371049,2005.75616438356,SC1_GQ153540.1,main,main,10.196986692060193,48.77758364604909
173,91,1.91017442854507,114.121791381614,22.3385979555439,114.091529757694,22.4235784800349,568.446648675551,566.536474247006,2004.0843461194,2005.99452054795,SC1_GQ153541.1,main,main,9.912978786394802,5.1895673181769375
265,47,5.7624534970193,105.020622319449,25.6558680386,105.465262705601,25.7131388190713,568.490484291989,562.72803079497,2000.27590266736,2006.03835616438,SC1_FJ588686.1,main,main,45.083268165811965,7.823623772258091
179,67,2.31688294141414,113.613453675376,21.7318421292756,113.990504370539,22.1230038014697,568.613771963222,566.296889021808,2003.8447608942,2006.16164383562,SC1_GQ153543.1,main,main,58.25368170816059,25.14312685672617
179,68,2.31688294141414,113.613453675376,21.7318421292756,114.047456172211,22.324532751001,568.613771963222,566.296889021808,2003.8447608942,2006.16164383562,SC1_GQ153542.1,main,main,79.46586173676954,34.29860884049088
272,273,2.15313147647266,111.006169377592,30.9446730666089,126.077158078982,41.6809725674892,568.88363127978,566.730499803308,2004.2783716757,2006.43150315217,,main,main,1798.1680390713652,835.1408442633475
247,251,17.2960548491624,102.704383448099,25.1553976696594,102.910982145484,25.0128489114657,568.996600079026,551.700545229864,1989.24841710226,2006.54447195142,,main,main,26.148278818206734,1.511805960737516
176,90,2.0039378976887,114.02398658567,22.1308695181074,113.993621136131,22.1872123021059,569.145278812537,567.141340914849,2004.68921278724,2006.69315068493,SC1_GQ153544.1,main,main,6.981030907527832,3.483656312692927
174,96,1.86261837285093,113.96489400259,22.3468207698176,113.928893910195,22.3489605155681,569.145278812537,567.282660439686,2004.83053231208,2006.69315068493,SC1_GQ153545.1,main,main,3.7158737502665167,1.994973207839128
181,182,9.05594461314009,112.22906758491,23.4361780092849,113.374530651614,23.9391523222159,569.620749947221,560.564805334081,1998.11267720648,2007.16862181962,,main,main,129.43262609498547,14.292559376652983
178,95,2.02677926082033,113.993408079846,22.1308636674866,113.972391884431,22.4934204204752,569.66856648377,567.64178722295,2005.18965909534,2007.21643835616,SC1_GQ153546.1,main,main,40.20589854468955,19.837334692489595
207,213,8.08409603836279,116.837923726337,27.92723865899,117.721440185932,28.925467139091,569.691654731863,561.6075586935,1999.15543056589,2007.23952660426,,main,main,140.46789716912738,17.37583231353784
268,269,2.76802113460035,103.006804551928,24.9490988983362,103.044177862527,25.0094151268063,569.764855792918,566.996834658317,2004.54470653071,2007.31272766531,,main,main,7.673329388883497,2.772135404952889
176,87,2.71626666481185,114.02398658567,22.1308695181074,114.181314618524,22.1486691400503,569.85760757966,567.141340914849,2004.68921278724,2007.40547945205,SC1_GQ153547.1,main,main,16.349303291344654,6.019034693148265
251,252,0.872672949019705,102.910982145484,25.0128489114657,102.891254053807,25.0428065736387,569.869273028046,568.996600079026,2006.54447195142,2007.41714490044,,main,main,3.870012547079011,4.434665416667597
178,89,2.71992994575198,113.993408079846,22.1308636674866,114.223597444692,22.3585312472521,570.361717168702,567.64178722295,2005.18965909534,2007.9095890411,SC1_GQ153548.1,main,main,34.62114961749189,12.728691660446485
207,208,8.80057164828417,116.837923726337,27.92723865899,116.678748486116,27.9408386360339,570.408130341784,561.6075586935,1999.15543056589,2007.95600221418,,main,main,15.738623568393205,1.7883637787849536
190,191,9.39418110301498,112.801709219101,23.6728622627132,114.722644006903,25.2042728282898,570.459166510685,561.06498540767,1998.61285728006,2008.00703838308,,main,main,258.2868074933233,27.49433981110162
248,249,7.28388428184022,102.714703648406,25.0990907618741,104.255669991633,23.4155022373931,571.176264271581,563.892379989741,2001.44025186214,2008.72413614398,,main,main,243.42899946651957,33.420217846324576
263,270,30.1682869935166,102.136926643797,25.2075653163178,101.988239116907,25.1539193527608,572.141857850118,541.973570856601,1979.521442729,2009.68972972251,,main,main,16.123118155675968,0.5344392990938117
252,253,2.29326178393109,102.891254053807,25.0428065736387,102.723532738705,24.9545487928893,572.162534811977,569.869273028046,2007.41714490044,2009.71040668437,,main,main,19.551530759424995,8.525642775030214
273,274,3.72034394576933,126.077158078982,41.6809725674892,126.281413654024,41.8267096791106,572.60397522555,568.88363127978,2006.43150315217,2010.15184709794,,main,main,23.464804964724312,6.307160119270108
272,282,6.3412603993109,111.006169377592,30.9446730666089,112.810148341048,35.6843834991199,573.071760202619,566.730499803308,2004.2783716757,2010.61963207501,,main,main,551.8372454231467,87.0232746605256
274,275,0.549624917475631,126.281413654024,41.8267096791106,126.141450876482,41.756800991025,573.153600143025,572.60397522555,2010.15184709794,2010.70147201542,,main,main,13.986950385729523,25.44817372904071
228,58,24.5608230657658,99.1997594111676,24.9074664884247,99.3491563013909,25.0420818697614,573.490484291989,548.929661226224,1986.47753309862,2011.03835616438,SC1_KF569996.1,main,main,21.21099984334571,0.8636111170439865
228,59,24.5608230657658,99.1997594111676,24.9074664884247,98.8809159017623,25.048042774444,573.490484291989,548.929661226224,1986.47753309862,2011.03835616438,SC1_JX993988.1,main,main,35.76142734991971,1.4560353801728214
208,209,3.27282605627554,116.678748486116,27.9408386360339,116.652988682412,27.9383013054727,573.68095639806,570.408130341784,2007.95600221418,2011.22882827045,,main,main,2.5507401115293535,0.7793692874811939
251,22,4.78429517186745,102.910982145484,25.0128489114657,102.899802799817,24.8981804519597,573.780895250894,568.996600079026,2006.54447195142,2011.32876712329,SC1_KC881005.1,main,main,12.752152724284281,2.6654193075856445
218,219,10.9954254544452,112.542862904722,29.9518556878793,112.02147130435,29.6776107572219,573.834061316383,562.838635861938,2000.38650773433,2011.38193318878,,main,main,58.858558446039034,5.353004182502447
191,193,3.42288961663123,114.722644006903,25.2042728282898,116.015864827367,25.2026228627832,573.882056127316,570.459166510685,2008.00703838308,2011.42992799971,,main,main,130.33459055694564,38.07735719074093
249,250,2.78589251766597,104.255669991633,23.4155022373931,104.251679676504,23.3665375349302,573.962156789247,571.176264271581,2008.72413614398,2011.51002866164,,main,main,5.438136825565429,1.9520267889306506
220,118,30.4081867101171,111.732511983575,30.5079831648321,110.611484951305,34.0290213251392,574.156237716647,543.74805100653,1981.29592287892,2011.70410958904,SC1_JX993987.1,main,main,404.47724560939304,13.301590438959634
227,60,34.4606301152656,101.442250158774,26.0771259700973,98.4669631946582,24.3617076424489,574.490484291989,540.029854176724,1977.57772604912,2012.03835616438,SC1_KU973692.1,main,main,354.9473122270262,10.300081891706016
213,77,4.7988295601263,117.721440185932,28.925467139091,119.115142512549,28.1557604520918,574.490484291989,569.691654731863,2007.23952660426,2012.03835616438,SC1_KF294457.1,main,main,160.87374944999672,33.52353890346602
274,2,1.88650906643971,126.281413654024,41.8267096791106,125.943622135708,41.6921040999056,574.490484291989,572.60397522555,2010.15184709794,2012.03835616438,SC1_KJ473811.1,main,main,31.82206571491208,16.868228348866545
282,12,1.41872408937079,112.810148341048,35.6843834991199,112.727514493456,34.8956237833775,574.490484291989,573.071760202619,2010.61963207501,2012.03835616438,SC1_KY770860.1,main,main,87.831883985986,61.909066494345495
282,283,1.49397215263124,112.810148341048,35.6843834991199,112.822265805827,35.6146185806802,574.56573235525,573.071760202619,2010.61963207501,2012.11360422764,,main,main,7.817992287756597,5.2330241055613085
253,254,2.48111749205349,102.723532738705,24.9545487928893,102.904242246619,25.0110568375949,574.64365230403,572.162534811977,2009.71040668437,2012.19152417642,,main,main,19.289074171509682,7.774349353986107
254,31,0.0599467420573045,102.904242246619,25.0110568375949,103.057761519624,25.0292420112472,574.703599046088,574.64365230403,2012.19152417642,2012.25147091848,SC1_KC881006.1,main,main,15.625647436389448,260.65882648722635
254,255,0.0855131347221523,102.904242246619,25.0110568375949,102.895581953089,25.0237664077527,574.729165438752,574.64365230403,2012.19152417642,2012.27703731115,,main,main,1.6571765129886515,19.379204357004557
255,256,0.0883663896519558,102.895581953089,25.0237664077527,102.774226701076,25.0173388453105,574.817531828405,574.729165438752,2012.27703731115,2012.3654037008,,main,main,12.269460817934164,138.847596538223
193,194,1.09333882519543,116.015864827367,25.2026228627832,116.082206001866,25.2450114330865,574.975394952511,573.882056127316,2011.42992799971,2012.52326682491,,main,main,8.169322944720617,7.471904186024295
252,34,5.28787793061028,102.891254053807,25.0428065736387,102.914871836968,25.1123077748747,575.157150958656,569.869273028046,2007.41714490044,2012.70502283105,SC1_KF367457.1,main,main,8.059209279103646,1.5240914001533168
265,266,12.4365582314644,105.020622319449,25.6558680386,105.328547936006,24.9351803238781,575.164589026434,562.72803079497,2000.27590266736,2012.71246089883,,main,main,85.64685272695695,6.886700575266158
236,18,12.4803510717119,102.530478243012,24.8169518514459,102.985760073704,24.6702766018808,575.203599046088,562.723247974376,2000.27111984677,2012.75147091848,SC1_KY417144.1,main,main,48.83735665304787,3.913139652276542
234,19,11.1787158176205,102.654506531296,25.0285931624715,102.658246435117,25.001282804496,575.203599046088,564.024883228467,2001.57275510086,2012.75147091848,SC1_KY417145.1,main,main,3.0487148009578715,0.2727249579197927
268,43,8.20676438777036,103.006804551928,24.9490988983362,102.957191280781,25.0968573120438,575.203599046088,566.996834658317,2004.54470653071,2012.75147091848,SC1_KY417143.1,main,main,17.116547339840615,2.085663305424916
165,98,30.6839749780065,111.409416953151,24.2095994183137,111.454383677309,24.2478589510515,575.490484291989,544.806509313983,1982.35438118638,2013.03835616438,SC1_KJ473815.1,main,main,6.230440439460837,0.20305193326244922
217,119,14.9641228556874,112.547516928833,29.9433159649292,112.484337910647,29.9778478119796,575.490484291989,560.526361436302,1998.0742333087,2013.03835616438,SC1_KJ473814.1,main,main,7.200166845352388,0.48116197085456486
267,40,12.2197890182322,102.964380009131,24.941802040715,102.62433267911,24.9451559277655,575.490484291989,563.270695273757,2000.81856714615,2013.03835616438,SC1_KJ473816.1,main,main,34.34549637080103,2.810645610947683
283,13,0.924751936739549,112.822265805827,35.6146185806802,113.431796910527,37.8043571840269,575.490484291989,574.56573235525,2012.11360422764,2013.03835616438,SC1_KJ473813.1,main,main,249.02638149490056,269.289926953716
283,14,0.924751936739549,112.822265805827,35.6146185806802,114.156583059286,36.5449519077954,575.490484291989,574.56573235525,2012.11360422764,2013.03835616438,SC1_KJ473812.1,main,main,158.42987836758647,171.32148857797668
266,46,0.325895265554909,105.328547936006,24.9351803238781,105.359743044471,24.8893455014071,575.490484291989,575.164589026434,2012.71246089883,2013.03835616438,SC1_KY770858.1,main,main,5.975711014003592,18.33629280814687
266,45,0.325895265554909,105.328547936006,24.9351803238781,105.304338652976,24.8561458627727,575.490484291989,575.164589026434,2012.71246089883,2013.03835616438,SC1_KY770859.1,main,main,9.090025154557582,27.892473795468604
237,17,9.05437034721725,102.712577505787,24.7550922853893,102.813925812302,24.8662677574492,575.780895250894,566.726524903676,2004.27439677607,2013.32876712329,SC1_KY417146.1,main,main,16.02038730955689,1.7693541014125365
238,16,8.00101880765176,102.739367304018,24.7507128668052,102.841874250368,24.686977267756,575.780895250894,567.779876443242,2005.32774831564,2013.32876712329,SC1_KY417147.1,main,main,12.546334862441643,1.5680921597688255
238,15,8.00101880765176,102.739367304018,24.7507128668052,102.93949515351,24.7798511795355,575.780895250894,567.779876443242,2005.32774831564,2013.32876712329,SC1_KY417149.1,main,main,20.496856159951793,2.5617807747620414
269,42,6.01603945797587,103.044177862527,25.0094151268063,103.063930370216,25.0048752312307,575.780895250894,569.764855792918,2007.31272766531,2013.32876712329,SC1_KY417148.1,main,main,2.0563442797625284,0.34181030462429796
270,36,3.73766753776176,101.988239116907,25.1539193527608,101.975770811424,25.251915892296,575.87952538788,572.141857850118,2009.68972972251,2013.42739726027,SC1_KP886809.1,main,main,10.928143696748663,2.9237869838184696
270,35,3.73766753776176,101.988239116907,25.1539193527608,102.063312429983,25.1505982044974,575.87952538788,572.141857850118,2009.68972972251,2013.42739726027,SC1_KP886808.1,main,main,7.5782268822509415,2.027528346405319
234,235,12.0115324461183,102.654506531296,25.0285931624715,102.698208799535,24.9297173658023,576.036415674585,564.024883228467,2001.57275510086,2013.58428754698,,main,main,11.808145464727696,0.9830673577827839
253,32,3.87863441151924,102.723532738705,24.9545487928893,102.762902641257,24.9871003818911,576.041169223496,572.162534811977,2009.71040668437,2013.58904109589,SC1_KT444582.1,main,main,5.3670482006014195,1.3837468632417913
256,33,1.22363739509165,102.774226701076,25.0173388453105,102.670799068867,24.8232588467641,576.041169223496,574.817531828405,2012.3654037008,2013.58904109589,SC1_KY417150.1,main,main,23.90280259109309,19.534220420995535
275,10,2.91770606677226,126.141450876482,41.756800991025,126.110866373098,41.7681167578064,576.071306209798,573.153600143025,2010.70147201542,2013.61917808219,SC1_KU182964.1,main,main,2.8369440496927116,0.9723200297660922
182,184,6.6396556098614,113.374530651614,23.9391523222159,113.085657634446,23.5378384573672,576.260405557083,569.620749947221,2007.16862181962,2013.80827742948,,main,main,53.31981262781062,8.0305087734699
184,185,0.326593690316122,113.085657634446,23.5378384573672,113.073744412008,23.6703816796096,576.586999247399,576.260405557083,2013.80827742948,2014.13487111979,,main,main,14.729766153273516,45.10119634894365
190,200,15.7353222186101,112.801709219101,23.6728622627132,112.692115175922,24.0962599435864,576.80030762628,561.06498540767,1998.61285728006,2014.34817949867,,main,main,48.20402272236327,3.063427748899388
269,41,7.08453260866071,103.044177862527,25.0094151268063,102.924613132986,24.9247034797029,576.849388401578,569.764855792918,2007.31272766531,2014.39726027397,SC1_KY417142.1,main,main,15.291116454741163,2.158380418215318
209,211,3.28798077593095,116.652988682412,27.9383013054727,114.862460224159,30.1620334598693,576.968937173991,573.68095639806,2011.22882827045,2014.51680904638,,main,main,301.9096258978671,91.82219923788492
275,276,3.96756055666398,126.141450876482,41.756800991025,125.442127382864,41.691158642907,577.121160699689,573.153600143025,2010.70147201542,2014.66903257208,,main,main,58.643993404047364,14.780869142765306
185,186,0.556345325676082,113.073744412008,23.6703816796096,113.204552836387,23.7213924815863,577.143344573075,576.586999247399,2014.13487111979,2014.69121644547,,main,main,14.488024272727067,26.04142356210314
256,257,2.35837980331008,102.774226701076,25.0173388453105,102.64533753474,24.9659351294722,577.175911631715,574.817531828405,2012.3654037008,2014.72378350411,,main,main,14.203585656383773,6.022603160207051
255,30,2.57227775734642,102.895581953089,25.0237664077527,102.992081719988,25.086293720353,577.301443196099,574.729165438752,2012.27703731115,2014.84931506849,SC1_KY417151.1,main,main,11.949480637061653,4.64548612720145
257,258,0.230539257793771,102.64533753474,24.9659351294722,102.845735277554,24.8726778356575,577.406450889508,577.175911631715,2014.72378350411,2014.9543227619,,main,main,22.726811209369835,98.5810895153489
200,201,0.699585568043938,112.692115175922,24.0962599435864,112.849819495508,23.3030572968981,577.499893194324,576.80030762628,2014.34817949867,2015.04776506672,,main,main,89.31043756329919,127.6619210613704
257,262,0.335984310990384,102.64533753474,24.9659351294722,102.617956134514,24.9507424253405,577.511895942705,577.175911631715,2014.72378350411,2015.0597678151,,main,main,3.2369670468299883,9.634280354604508
154,156,58.6039363239396,102.059797821659,18.8416944761788,101.639958229502,21.362952448696,577.685639665861,519.081703341921,1956.62957521432,2015.23351153826,,main,main,282.54912154158603,4.821333501895934
150,151,26.3163442241604,113.538017652771,26.7102850869468,122.305202986081,29.6779712853382,577.730323661704,551.413979437544,1988.96185130994,2015.2781955341,,main,main,921.1528057263105,35.00306873477595
151,136,0.256051041243922,122.305202986081,29.6779712853382,122.404445246278,29.7513221191818,577.986374702948,577.730323661704,2015.2781955341,2015.53424657534,SC1_MG772934.1,main,main,12.58264581404459,49.14116245306724
258,260,0.581591880371951,102.845735277554,24.8726778356575,102.653849163116,24.9414762661868,577.98804276988,577.406450889508,2014.9543227619,2015.53591464227,,main,main,20.829649090143345,35.81488977600919
235,21,2.24310971329416,102.698208799535,24.9297173658023,102.867989330513,24.928995045095,578.27952538788,576.036415674585,2013.58428754698,2015.82739726027,SC1_KY417152.1,main,main,17.14933235334628,7.645338189080958
258,259,1.2863363701407,102.845735277554,24.8726778356575,102.775289648901,24.8269714887656,578.692787259649,577.406450889508,2014.9543227619,2016.24065913204,,main,main,8.736656690820725,6.791891214165939
260,261,0.71054243688761,102.653849163116,24.9414762661868,103.889110872534,25.9697023726164,578.698585206768,577.98804276988,2015.53591464227,2016.24645707916,,main,main,168.54821786851028,237.21062827267892
273,1,9.89920273898495,126.077158078982,41.6809725674892,127.070772922986,35.6365966297385,578.782834018765,568.88363127978,2006.43150315217,2016.33070589116,SC1_KY938558.1,main,main,676.5171007449612,68.34056424369487
193,197,4.92818733135854,116.015864827367,25.2026228627832,116.006678519244,25.0275084875904,578.810243458674,573.882056127316,2011.42992799971,2016.35811533107,,main,main,19.42033820036939,3.940665582413207
200,205,2.09055154792722,112.692115175922,24.0962599435864,112.715933015204,24.0884046769078,578.890859174207,576.80030762628,2014.34817949867,2016.4387310466,,main,main,2.5733197854695398,1.2309286456107642
205,112,0.096892877345228,112.715933015204,24.0884046769078,112.626462192343,23.9691871360474,578.987752051552,578.890859174207,2016.4387310466,2016.53562392395,SC1_OK017812.1,main,main,16.03739196575941,165.51672739182266
201,203,1.57105370190493,112.849819495508,23.3030572968981,112.854508577508,23.3279429916177,579.070946896229,577.499893194324,2015.04776506672,2016.61881876862,,main,main,2.797472048775605,1.7806342618228908
164,65,52.6418620050611,111.37652575991,30.4196634974696,102.18469261339,28.7044521099448,579.072451505104,526.430589500043,1963.97846137244,2016.6203233775,SC1_OK017846.1,main,main,910.5261798579434,17.296618036998833
244,48,22.1854376740321,103.293415564125,25.1755711662032,106.54887642143,30.4732403534096,579.072451505104,556.887013831072,1994.43488570347,2016.6203233775,SC1_MK211374.1,main,main,668.8658024626055,30.148866670568697
262,25,1.56055556239908,102.617956134514,24.9507424253405,102.571555054244,24.9744580571999,579.072451505104,577.511895942705,2015.0597678151,2016.6203233775,SC1_OK017848.1,main,main,5.371802217451321,3.4422370768991515
260,23,1.08440873522374,102.653849163116,24.9414762661868,102.625139863772,24.9473849179582,579.072451505104,577.98804276988,2015.53591464227,2016.6203233775,SC1_OK017850.1,main,main,2.9724632150354102,2.741091175756823
259,28,0.379664245454997,102.775289648901,24.8269714887656,102.720988570203,24.791786240693,579.072451505104,578.692787259649,2016.24065913204,2016.6203233775,SC1_OK017847.1,main,main,6.732887049349542,17.733792765449166
261,27,0.373866298336135,103.889110872534,25.9697023726164,103.913015345896,25.9657802477696,579.072451505104,578.698585206768,2016.24645707916,2016.6203233775,SC1_OK017849.1,main,main,2.4330302817269294,6.507755025138546
261,24,0.373866298336135,103.889110872534,25.9697023726164,103.913269018691,25.9046344061399,579.072451505104,578.698585206768,2016.24645707916,2016.6203233775,SC1_OK017851.1,main,main,7.604031252191552,20.338905341382052
248,44,15.2647709689152,102.714703648406,25.0990907618741,102.117065093716,24.7844377815551,579.157150958656,563.892379989741,2001.44025186214,2016.70502283105,SC1_MK211375.1,main,main,69.70057910035706,4.56610709995542
235,20,3.12073528407061,102.698208799535,24.9297173658023,101.984355934259,24.6820036228215,579.157150958656,576.036415674585,2013.58428754698,2016.70502283105,SC1_MK211377.1,main,main,77.21599911221314,24.74288655829036
262,26,1.64525501595113,102.617956134514,24.9507424253405,102.624915515634,24.9508024492762,579.157150958656,577.511895942705,2015.0597678151,2016.70502283105,SC1_MK211376.1,main,main,0.7028612660933747,0.42720505895983985
259,29,0.464363699007045,102.775289648901,24.8269714887656,102.204185412884,24.7611952424009,579.157150958656,578.692787259649,2016.24065913204,2016.70502283105,SC1_MK211378.1,main,main,58.20650836885639,125.34681003988928
205,206,0.546777638191984,112.715933015204,24.0884046769078,112.760474038061,24.016585740486,579.437636812399,578.890859174207,2016.4387310466,2016.98550868479,,main,main,9.154181391611584,16.742055183312704
186,187,2.3038461805884,113.204552836387,23.7213924815863,114.104114831183,24.2354890912454,579.447190753663,577.143344573075,2014.69121644547,2016.99506262606,,main,main,107.80992131671019,46.795624736186014
208,212,9.05701116110419,116.678748486116,27.9408386360339,117.576996114513,28.4309977094967,579.465141502889,570.408130341784,2007.95600221418,2017.01301337528,,main,main,103.58600522600308,11.437106942173
151,135,1.84509213713417,122.305202986081,29.6779712853382,122.168754025685,29.8767681542886,579.575415798839,577.730323661704,2015.2781955341,2017.12328767123,SC1_MG772933.1,main,main,25.684676060538532,13.920538461798676
194,195,4.66728543713682,116.082206001866,25.2450114330865,116.118434077112,25.2648996143043,579.642680389648,574.975394952511,2012.52326682491,2017.19055226204,,main,main,4.263069443157839,0.9133937704425145
201,202,2.21543984314519,112.849819495508,23.3030572968981,112.756456844667,23.3132907149429,579.715333037469,577.499893194324,2015.04776506672,2017.26320490986,,main,main,9.616922290735836,4.340863653098788
182,183,10.4491216163374,113.374530651614,23.9391523222159,113.336344072169,24.0067328355526,580.069871563559,569.620749947221,2007.16862181962,2017.61774343595,,main,main,8.433866867276311,0.8071364442815748
250,37,6.10914942055047,104.251679676504,23.3665375349302,111.430503829404,22.2226390000811,580.071306209798,573.962156789247,2011.51002866164,2017.61917808219,SC1_OK017792.1,main,main,747.8163487103945,122.4092418160255
203,204,1.00091261021706,112.854508577508,23.3279429916177,112.236642478751,22.8308524880282,580.071859506446,579.070946896229,2016.61881876862,2017.61973137884,,main,main,83.89523519427098,83.81874135452972
184,101,3.89583215956406,113.085657634446,23.5378384573672,113.014744527055,23.4759697764235,580.156237716647,576.260405557083,2013.80827742948,2017.70410958904,SC1_OK017824.1,main,main,9.970349027761412,2.5592347461080265
185,100,3.56923846924794,113.073744412008,23.6703816796096,112.812693567861,23.7306138863157,580.156237716647,576.586999247399,2014.13487111979,2017.70410958904,SC1_OK017822.1,main,main,27.446529432863215,7.689743812115295
203,113,1.08529082041833,112.854508577508,23.3279429916177,113.052500675676,23.6555868963153,580.156237716647,579.070946896229,2016.61881876862,2017.70410958904,SC1_OK017816.1,main,main,41.54227362369391,38.27754998211563
206,109,0.718600904247993,112.760474038061,24.016585740486,112.777304894807,24.0108644598037,580.156237716647,579.437636812399,2016.98550868479,2017.70410958904,SC1_OK017820.1,main,main,1.8258758277038432,2.540876050823509
206,110,0.718600904247993,112.760474038061,24.016585740486,112.770450685648,24.0638141459249,580.156237716647,579.437636812399,2016.98550868479,2017.70410958904,SC1_OK017815.1,main,main,5.328492292217876,7.415092662308959
187,104,0.709046962983457,114.104114831183,24.2354890912454,114.195541170046,24.273879908284,580.156237716647,579.447190753663,2016.99506262606,2017.70410958904,SC1_OK017823.1,main,main,10.211830680986283,14.402192258208062
202,114,0.440904679178075,112.756456844667,23.3132907149429,112.626819213885,23.2843918996106,580.156237716647,579.715333037469,2017.26320490986,2017.70410958904,SC1_OK017814.1,main,main,13.642077462628194,30.941103841445866
202,108,0.440904679178075,112.756456844667,23.3132907149429,112.743998035625,23.2321085868515,580.156237716647,579.715333037469,2017.26320490986,2017.70410958904,SC1_OK017817.1,main,main,9.08066245984391,20.595522997786926
183,106,0.0863661530881026,113.336344072169,24.0067328355526,113.341445350595,24.001193188458,580.156237716647,580.069871563559,2017.61774343595,2017.70410958904,SC1_OK017813.1,main,main,0.8036598226118613,9.305263623262732
183,107,0.0863661530881026,113.336344072169,24.0067328355526,113.61912715614,23.7027572827775,580.156237716647,580.069871563559,2017.61774343595,2017.70410958904,SC1_OK017819.1,main,main,44.308610560820085,513.0321193722802
204,111,0.0843782102012716,112.236642478751,22.8308524880282,112.008997017185,22.8338026594477,580.156237716647,580.071859506446,2017.61973137884,2017.70410958904,SC1_OK017818.1,main,main,23.36979852118849,276.96485224613474
204,115,0.0843782102012716,112.236642478751,22.8308524880282,112.259983839017,22.8283561388553,580.156237716647,580.071859506446,2017.61973137884,2017.70410958904,SC1_OK017821.1,main,main,2.411904173079594,28.584443392747456
209,210,6.59069518151113,116.652988682412,27.9383013054727,116.335209349811,27.0037035325373,580.271651579571,573.68095639806,2011.22882827045,2017.81952345197,,main,main,108.22155854527153,16.420355602071442
276,278,3.2337157707977,125.442127382864,41.691158642907,125.133610680585,41.7468014362581,580.354876470487,577.121160699689,2014.66903257208,2017.90274834288,,main,main,26.406360909781064,8.165949879777804
232,239,24.289593302131,102.689871882483,24.9459506738095,102.313581458016,24.7138050679623,580.832887194006,556.543293891875,1994.09116576427,2018.3807590664,,main,main,45.91504564770153,1.8903175971939088
276,277,3.89291948378153,125.442127382864,41.691158642907,125.39672126071,41.2151323251776,581.014080183471,577.121160699689,2014.66903257208,2018.56195205586,,main,main,53.00471149282134,13.61567114697509
153,137,25.0969987922529,104.394857401465,24.7466955885565,104.288622663109,24.4757245497317,581.071306209798,555.974307417545,1993.52217928994,2018.61917808219,SC1_MW703458.1,main,main,31.88437726680299,1.2704458222568533
197,198,2.40111996073705,116.006678519244,25.0275084875904,115.332677748997,25.7570013830024,581.211363419411,578.810243458674,2016.35811533107,2018.75923529181,,main,main,105.50097012800647,43.938233763056886
154,155,62.1779314406433,102.059797821659,18.8416944761788,101.850612642377,18.7535876465454,581.259634782565,519.081703341921,1956.62957521432,2018.80750665496,,main,main,24.112295035949604,0.38779506614767073
191,192,10.949446209496,114.722644006903,25.2042728282898,114.723966484449,25.1805704278288,581.408612720181,570.459166510685,2008.00703838308,2018.95648459257,,main,main,2.629032716978605,0.24010645531082242
187,188,2.22214256292449,114.104114831183,24.2354890912454,113.96668980429,24.1817826682945,581.669333316588,579.447190753663,2016.99506262606,2019.21720518898,,main,main,15.175116554568486,6.829047248254408
239,240,0.893334699664228,102.313581458016,24.7138050679623,102.16101704398,24.6318536035353,581.72622189367,580.832887194006,2018.3807590664,2019.27409376606,,main,main,17.912448449894427,20.051217596973526
188,189,0.0638410584952158,113.96668980429,24.1817826682945,113.94784990576,24.137761300691,581.733174375083,581.669333316588,2019.21720518898,2019.28104624748,,main,main,5.238271158903123,82.0517592028283
240,242,0.0480612325459711,102.16101704398,24.6318536035353,102.009443388223,24.6270913693308,581.774283126216,581.72622189367,2019.27409376606,2019.32215499861,,main,main,15.356005104062667,319.5091821537136
278,279,1.43719708777824,125.133610680585,41.7468014362581,125.246684318649,41.7919121389887,581.792073558265,580.354876470487,2017.90274834288,2019.33994543066,,main,main,10.653704706515503,7.412834883338821
156,141,4.28429668092291,101.639958229502,21.362952448696,101.359671520114,21.2742140554276,581.969936346784,577.685639665861,2015.23351153826,2019.51780821918,SC1_EPI_ISL_412977,main,main,30.694241697986097,7.164359516618265
189,105,0.338131834714307,113.94784990576,24.137761300691,113.967023251452,24.1340496990411,582.071306209798,581.733174375083,2019.28104624748,2019.61917808219,SC1_OK017826.1,main,main,1.9917546299237596,5.890467638477829
189,102,0.338131834714307,113.94784990576,24.137761300691,113.935078449362,24.1170241127312,582.071306209798,581.733174375083,2019.28104624748,2019.61917808219,SC1_OK017825.1,main,main,2.6383605987594785,7.802757173067337
242,243,0.358999951771072,102.009443388223,24.6270913693308,102.019967850438,24.6151480587452,582.133283077987,581.774283126216,2019.32215499861,2019.68115495038,,main,main,1.6987680541003773,4.731945076091965
180,66,29.9491343588698,110.81340025462,23.9589746776019,110.877853203912,23.9521554808658,582.156237716647,552.207103357777,1989.75497523017,2019.70410958904,SC1_OK017859.1,main,main,6.603784671150409,0.22050001819817602
186,99,5.01289314357186,113.204552836387,23.7213924815863,113.923491240949,24.0520051447851,582.156237716647,577.143344573075,2014.69121644547,2019.70410958904,SC1_OK017827.1,main,main,81.86306396155194,16.3305024896704
188,103,0.486904400058966,113.96668980429,24.1817826682945,113.968710506386,24.1915485102331,582.156237716647,581.669333316588,2019.21720518898,2019.70410958904,SC1_OK017828.1,main,main,1.1009864134855196,2.261196270463331
240,241,0.595144708095618,102.16101704398,24.6318536035353,102.611316223916,24.6628189057283,582.321366601765,581.72622189367,2019.27409376606,2019.86923847416,,main,main,45.71546885558213,76.8140390626431
198,199,1.55243808574511,115.332677748997,25.7570013830024,115.453613655868,25.6649303886691,582.763801505157,581.211363419411,2018.75923529181,2020.31167337755,,main,main,15.854119358801027,10.21240041994439
279,280,1.00045749077332,125.246684318649,41.7919121389887,125.051588299143,41.588839491442,582.792531049039,581.792073558265,2019.33994543066,2020.34040292143,,main,main,27.79417768173316,27.781467916492083
156,140,5.20101948951639,101.639958229502,21.362952448696,101.729264016925,21.3539831854296,582.886659155377,577.685639665861,2015.23351153826,2020.43453102777,SC1_MZ081381.1,main,main,9.31589220852545,1.7911665640367895
279,281,1.10816877427856,125.246684318649,41.7919121389887,124.978703696075,41.8377281679345,582.900242332544,581.792073558265,2019.33994543066,2020.44811420494,,main,main,22.84073063951738,20.6112382605142
250,38,8.94362804919047,104.251679676504,23.3665375349302,103.942290251382,23.4809851852159,582.905784838438,573.962156789247,2011.51002866164,2020.45365671083,SC1_OK017858.1,main,main,34.06537737491799,3.8088991612303698
239,51,2.07289764443196,102.313581458016,24.7138050679623,103.035603898031,24.8794591704213,582.905784838438,580.832887194006,2018.3807590664,2020.45365671083,SC1_OK017852.1,main,main,75.27825859274198,36.31547307458619
242,50,1.13150171222176,102.009443388223,24.6270913693308,102.021666400157,24.6115333775532,582.905784838438,581.774283126216,2019.32215499861,2020.45365671083,SC1_OK017857.1,main,main,2.1217190410281517,1.8751355107205718
243,54,0.772501760450691,102.019967850438,24.6151480587452,102.026580290123,24.7244122237733,582.905784838438,582.133283077987,2019.68115495038,2020.45365671083,SC1_OK017856.1,main,main,12.121464457288102,15.691180367299395
243,53,0.772501760450691,102.019967850438,24.6151480587452,101.967311989517,24.5116421699299,582.905784838438,582.133283077987,2019.68115495038,2020.45365671083,SC1_OK017854.1,main,main,12.645151472002514,16.3690908155667
241,52,0.584418236672116,102.611316223916,24.6628189057283,102.598238261276,24.6641488632972,582.905784838438,582.321366601765,2019.86923847416,2020.45365671083,SC1_OK017855.1,main,main,1.3319663787712686,2.2791321269438063
241,49,0.584418236672116,102.611316223916,24.6628189057283,102.684765209552,24.6989022183004,582.905784838438,582.321366601765,2019.86923847416,2020.45365671083,SC1_OK017853.1,main,main,8.440097436359965,14.44187896055548
146,130,136.793213230377,100.379070998748,16.641289879546,101.33388087173,13.6741077960634,582.954965166306,446.161751935929,1883.70962380832,2020.5028370387,SC1_MW251308.1,main,main,343.97808656542844,2.5145844478857735
211,69,6.01881487756129,114.862460224159,30.1620334598693,114.792214276288,30.252345473097,582.987752051552,576.968937173991,2014.51680904638,2020.53562392395,SC1_OK017802.1,main,main,12.082197466614376,2.007404732060783
211,74,6.01881487756129,114.862460224159,30.1620334598693,115.061598088483,29.8651389346716,582.987752051552,576.968937173991,2014.51680904638,2020.53562392395,SC1_OK017801.1,main,main,38.108377701552726,6.3315417531156095
155,138,1.74451071161044,101.850612642377,18.7535876465454,102.107975212683,18.886590515045,583.004145494175,581.259634782565,2018.80750665496,2020.55201736657,SC1_MZ937002.1,main,main,30.864618036610967,17.692421050323265
155,139,1.75270743292182,101.850612642377,18.7535876465454,101.924725172895,18.5317382385933,583.012342215487,581.259634782565,2018.80750665496,2020.56021408788,SC1_MZ937004.1,main,main,25.771114883921207,14.703603350936856
223,224,16.3833882058373,108.408235793455,27.5650620428887,108.460799824073,27.5618859673412,583.104727787834,566.721339581997,2004.26921145439,2020.65259966023,,main,main,5.202898838196544,0.3175716019683147
249,39,11.980886687075,104.255669991633,23.4155022373931,103.765450689415,22.8798912658777,583.157150958656,571.176264271581,2008.72413614398,2020.70502283105,SC1_OK017793.1,main,main,77.71012442294486,6.486174725847183
278,5,2.80227448816914,125.133610680585,41.7468014362581,125.119555315127,41.8924527428644,583.157150958656,580.354876470487,2017.90274834288,2020.70502283105,SC1_OK017796.1,main,main,16.219552598623572,5.7879956681975795
277,3,2.14307077518531,125.39672126071,41.2151323251776,125.328765791203,41.4504119700969,583.157150958656,581.014080183471,2018.56195205586,2020.70502283105,SC1_OK017794.1,main,main,26.742275865150063,12.4784846934594
277,4,2.14307077518531,125.39672126071,41.2151323251776,125.322446548251,41.0468995527851,583.157150958656,581.014080183471,2018.56195205586,2020.70502283105,SC1_OK017799.1,main,main,19.696791349668313,9.190919673646869
280,9,0.364619909617577,125.051588299143,41.588839491442,125.02110361075,41.5837866616395,583.157150958656,582.792531049039,2020.34040292143,2020.70502283105,SC1_OK017795.1,main,main,2.6031828131763994,7.139442319281704
280,6,0.364619909617577,125.051588299143,41.588839491442,125.129483031044,41.7049577244817,583.157150958656,582.792531049039,2020.34040292143,2020.70502283105,SC1_OK017798.1,main,main,14.437381980664984,39.59570390933202
281,8,0.256908626112343,124.978703696075,41.8377281679345,124.92875028503,41.8502883378501,583.157150958656,582.900242332544,2020.44811420494,2020.70502283105,SC1_OK017797.1,main,main,4.377041650153306,17.037347933343735
281,7,0.256908626112343,124.978703696075,41.8377281679345,125.24099371186,41.9515727917274,583.157150958656,582.900242332544,2020.44811420494,2020.70502283105,SC1_OK017800.1,main,main,25.17304883423072,97.98444378906473
195,196,3.7617182859798,116.118434077112,25.2648996143043,116.106952973127,25.2189555502263,583.404398675628,579.642680389648,2017.19055226204,2020.95227054802,,main,main,5.2193184686012595,1.3874825470195475
150,152,32.0692546886736,113.538017652771,26.7102850869468,113.447245292096,26.5959699161766,583.483234126218,551.413979437544,1988.96185130994,2021.03110599861,,main,main,15.559365000449183,0.48518012506054675
216,124,17.4774565168547,112.124011463588,28.8165878064629,109.773445321624,27.6630453909802,583.575415798839,566.097959281984,2003.64583115438,2021.12328767123,SC1_OK017832.1,main,main,263.73620223156496,15.090079152949182
219,122,9.74135448245541,112.02147130435,29.6776107572219,110.047648783847,28.8423577439498,583.575415798839,573.834061316383,2011.38193318878,2021.12328767123,SC1_OK017833.1,main,main,213.0091561952683,21.866482384857953
152,131,0.0921816726209197,113.447245292096,26.5959699161766,113.705978677661,26.5848876082002,583.575415798839,583.483234126218,2021.03110599861,2021.12328767123,SC1_OK017803.1,main,main,25.80216432667508,279.90557768225545
152,132,0.0921816726209197,113.447245292096,26.5959699161766,113.451738968419,26.5980038483916,583.575415798839,583.483234126218,2021.03110599861,2021.12328767123,SC1_OK017804.1,main,main,0.5011274221389967,5.436302118315772
149,134,33.1574965870559,113.725538758464,26.8534584000857,113.651594756106,26.6922474536196,583.652128127606,550.49463154055,1988.04250341294,2021.2,SC1_OK017805.1,main,main,19.316783351262067,0.5825766520263473
218,120,20.8134922656678,112.542862904722,29.9518556878793,110.102748316929,27.1315932329137,583.652128127606,562.838635861938,2000.38650773433,2021.2,SC1_OK017834.1,main,main,393.31947657270126,18.89733215129343
223,61,16.9307885456086,108.408235793455,27.5650620428887,108.95992004728,27.7305066422677,583.652128127606,566.721339581997,2004.26921145439,2021.2,SC1_OK017829.1,main,main,57.44419680730794,3.392883719063838
219,121,9.81806681122255,112.02147130435,29.6776107572219,111.740970308725,29.7159637944465,583.652128127606,573.834061316383,2011.38193318878,2021.2,SC1_OK017835.1,main,main,27.47726607383657,2.7986432158343693
224,64,0.547400339771347,108.460799824073,27.5618859673412,108.419117520129,27.5400297079991,583.652128127606,583.104727787834,2020.65259966023,2021.2,SC1_OK017830.1,main,main,4.776400142161264,8.725606827639893
224,63,0.547400339771347,108.460799824073,27.5618859673412,108.449942379376,27.5134155668056,583.652128127606,583.104727787834,2020.65259966023,2021.2,SC1_OK017831.1,main,main,5.477131869124876,10.005715143349587
153,133,27.8027522169105,104.394857401465,24.7466955885565,104.434711389386,24.3196871549319,583.777059634455,555.974307417545,1993.52217928994,2021.32493150685,SC1_OK017806.1,main,main,47.47009380279168,1.7073882985555255
197,86,5.00900795660256,116.006678519244,25.0275084875904,116.09629518969,25.0222554809264,583.819251415277,578.810243458674,2016.35811533107,2021.36712328767,SC1_OK017808.1,main,main,9.063686185399371,1.8094772984842613
195,85,4.17657102562884,116.118434077112,25.2648996143043,116.107979013997,25.1245126942697,583.819251415277,579.642680389648,2017.19055226204,2021.36712328767,SC1_OK017810.1,main,main,15.587133419624523,3.7320407875208264
196,83,0.414852739649041,116.106952973127,25.2189555502263,116.094525112099,25.2135197558979,583.819251415277,583.404398675628,2020.95227054802,2021.36712328767,SC1_OK017809.1,main,main,1.3896295547710016,3.349693570654991
196,84,0.414852739649041,116.106952973127,25.2189555502263,116.409994481424,25.0796324879815,583.819251415277,583.404398675628,2020.95227054802,2021.36712328767,SC1_OK017811.1,main,main,34.231572150493214,82.51499599460907
216,123,17.8884154209645,112.124011463588,28.8165878064629,114.55734424352,27.887060977273,583.986374702948,566.097959281984,2003.64583115438,2021.53424657534,SC1_OK017860.1,main,main,259.84843149808984,14.526073181057614
213,76,14.2947199710853,117.721440185932,28.925467139091,117.035559587882,29.9871352312654,583.986374702948,569.691654731863,2007.23952660426,2021.53424657534,SC1_OK017807.1,main,main,135.18530356911137,9.457009570146038
194,75,9.01097975043697,116.082206001866,25.2450114330865,115.999505882759,25.8399572968604,583.986374702948,574.975394952511,2012.52326682491,2021.53424657534,SC1_OK017844.1,main,main,66.43071583711598,7.372196772930774
212,71,4.52123320005968,117.576996114513,28.4309977094967,117.240669754641,28.4113455806982,583.986374702948,579.465141502889,2017.01301337528,2021.53424657534,SC1_OK017840.1,main,main,33.024059920603044,7.304215124353047
212,70,4.52123320005968,117.576996114513,28.4309977094967,117.407058109883,28.1476197050627,583.986374702948,579.465141502889,2017.01301337528,2021.53424657534,SC1_OK017845.1,main,main,35.555425163593895,7.864098928390724
210,72,3.7147231233772,116.335209349811,27.0037035325373,116.073468016023,26.8325263700539,583.986374702948,580.271651579571,2017.81952345197,2021.53424657534,SC1_OK017836.1,main,main,32.18119835106842,8.663148579916566
210,73,3.7147231233772,116.335209349811,27.0037035325373,115.279735429748,27.1013639790297,583.986374702948,580.271651579571,2017.81952345197,2021.53424657534,SC1_OK017837.1,main,main,105.26955453489738,28.33846589330532
198,80,2.77501128353682,115.332677748997,25.7570013830024,115.763464464909,25.7114241993331,583.986374702948,581.211363419411,2018.75923529181,2021.53424657534,SC1_OK017841.1,main,main,43.519849961368706,15.68276504659887
192,79,2.57776198276759,114.723966484449,25.1805704278288,114.589203243596,24.9391468287139,583.986374702948,581.408612720181,2018.95648459257,2021.53424657534,SC1_OK017843.1,main,main,30.001806095544183,11.63870298968915
192,78,2.57776198276759,114.723966484449,25.1805704278288,115.114078474797,25.130518115637,583.986374702948,581.408612720181,2018.95648459257,2021.53424657534,SC1_OK017842.1,main,main,39.72097966030906,15.409095147591168
199,82,1.2225731977917,115.453613655868,25.6649303886691,115.474614450123,25.6432076890662,583.986374702948,582.763801505157,2020.31167337755,2021.53424657534,SC1_OK017839.1,main,main,3.1996460669091222,2.617140693652171
199,81,1.2225731977917,115.453613655868,25.6649303886691,115.488481173699,25.7017129516044,583.986374702948,582.763801505157,2020.31167337755,2021.53424657534,SC1_OK017838.1,main,main,5.3717644592103335,4.39381827518647
246,56,1.71304676749355,107.70231879871,23.5394195531528,107.228143693367,23.410307065819,582.490484291989,580.777437524496,2018.32530939689,2020.03835616438,Ghost1,,,50.50827364960557,29.484468613490872
246,55,1.71304676749355,107.70231879871,23.5394195531528,107.543316069017,23.5477580351474,582.490484291989,580.777437524496,2018.32530939689,2020.03835616438,Ghost2,,,16.261599953355116,9.492793928299069
244,245,1.57733232693889,103.293415564125,25.1755711662032,107.653561681909,23.5848640965705,558.464346158011,556.887013831072,1994.43488570347,1996.0122180304,sc_ghost_mrca,,,476.1004574030241,301.8390286383001
244,245,8.518538954059977,103.293415564125,25.1755711662032,109.69687752932518,21.653213622305273,558.464346158011,556.887013831072,1994.43488570347,2002.95342465753,ghostMRCAparent_to_SC1_AY394995.1,,,761.7345729569262,89.42080056978313
245,57,6.94120662712925,107.653561681909,23.5848640965705,109.69687752932518,21.653213622305273,565.40555278514,558.464346158011,1996.0122180304,2002.95342465753,SC1_AY394995.1,,,299.79815311604875,43.191071699883906
