node1,node2,length,startLon,startLat,endLon,endLat,endNodeL,startNodeL,startYear,endYear,tipLabel,startClade,endClade,distance,dispersal_velocity
143,144,128.604473307283,115.238987963726,29.4701038576405,121.797404865101,28.7323898503463,128.604473307283,0.0,1535.05113388857,1663.65560719586,,main,main,643.5457944101419,5.004070059619748
144,145,140.321043304258,121.797404865101,28.7323898503463,114.332076506826,26.8066054668637,268.925516611541,128.604473307283,1663.65560719586,1803.97665050012,,main,main,766.0111633465484,5.458989936994746
143,162,319.476796768293,115.238987963726,29.4701038576405,114.410909016274,28.0086695959623,319.476796768293,0.0,1535.05113388857,1854.52793065687,,main,main,181.0456220065238,0.5666941193786628
162,163,63.5589952086753,114.410909016274,28.0086695959623,110.430557955789,29.9326026416764,383.035791976968,319.476796768293,1854.52793065687,1918.08692586554,,main,main,442.64606185366324,6.964333850785066
163,164,17.7392086498861,110.430557955789,29.9326026416764,110.716406427169,29.8901059386446,400.775000626854,383.035791976968,1918.08692586554,1935.82613451543,,main,main,28.00399286165945,1.5786494997813367
164,165,2.37081250745248,110.716406427169,29.8901059386446,110.595023509306,29.8876810551084,403.145813134306,400.775000626854,1935.82613451543,1938.19694702288,,main,main,11.727890835672083,4.946781240104941
163,236,24.6143459088195,110.430557955789,29.9326026416764,109.010761257516,29.6412594936858,407.650137885787,383.035791976968,1918.08692586554,1942.70127177436,,main,main,141.02894658335035,5.729542727065464
164,227,12.3228073339169,110.716406427169,29.8901059386446,110.495473876457,29.8523323986933,413.097807960771,400.775000626854,1935.82613451543,1948.14894184934,,main,main,21.751257627195947,1.7651219432221814
236,237,13.4270843263084,109.010761257516,29.6412594936858,108.397096680882,22.6287599227963,421.077222212096,407.650137885787,1942.70127177436,1956.12835610067,,main,main,779.3360412308692,58.04209032216136
227,228,9.90651114463246,110.495473876457,29.8523323986933,109.395090228024,29.5641533072638,423.004319105403,413.097807960771,1948.14894184934,1958.05545299398,,main,main,111.16883944764956,11.22179522382943
165,181,25.8541903560245,110.595023509306,29.8876810551084,112.562216409692,23.5013524288636,429.000003490331,403.145813134306,1938.19694702288,1964.05113737891,,main,main,734.1379892208436,28.39531925430324
165,166,27.6417000423559,110.595023509306,29.8876810551084,110.209311107897,29.7440723631435,430.787513176662,403.145813134306,1938.19694702288,1965.83864706524,,main,main,40.54060707542414,1.466646661142513
228,229,11.9903033338531,109.395090228024,29.5641533072638,110.186143619561,29.3241669318704,434.994622439256,423.004319105403,1958.05545299398,1970.04575632783,,main,main,81.22654841213348,6.7743530876988425
162,282,118.077751317509,114.410909016274,28.0086695959623,98.5153633360759,24.4891952513341,437.554548085801,319.476796768293,1854.52793065687,1972.60568197438,,main,main,1633.8342614222443,13.836935774876782
145,146,169.539581072708,114.332076506826,26.8066054668637,112.110125207411,27.6581359073526,438.465097684249,268.925516611541,1803.97665050012,1973.51623157282,,main,main,239.45203593865838,1.4123665661056934
237,238,18.5530947921699,108.397096680882,22.6287599227963,108.478602420046,22.6516187621421,439.630317004266,421.077222212096,1956.12835610067,1974.68145089284,,main,main,8.752219781967177,0.4717390753407319
229,230,5.16256042985653,110.186143619561,29.3241669318704,110.699500499125,29.7535810493857,440.157182869113,434.994622439256,1970.04575632783,1975.20831675769,,main,main,68.85896086091533,13.33814137316141
181,182,13.3975991377146,112.562216409692,23.5013524288636,113.919808616315,23.7765064183943,442.397602628045,429.000003490331,1964.05113737891,1977.44873651662,,main,main,141.83189618738345,10.586366611620948
181,190,14.8896349805338,112.562216409692,23.5013524288636,112.687177364672,23.49924712908,443.889638470865,429.000003490331,1964.05113737891,1978.94077235944,,main,main,12.765741535548315,0.8573575881636997
238,239,9.25587427106993,108.478602420046,22.6516187621421,108.381070771538,22.6318484153472,448.886191275336,439.630317004266,1974.68145089284,1983.93732516391,,main,main,10.26165727362255,1.1086642896280783
190,191,6.43327373568239,112.687177364672,23.49924712908,115.033844584039,23.2304932808227,450.322912206547,443.889638470865,1978.94077235944,1985.37404609512,,main,main,241.770911869682,37.581318905908
239,240,3.72209849635748,108.381070771538,22.6318484153472,102.607105399709,24.6370409056466,452.608289771693,448.886191275336,1983.93732516391,1987.65942366027,,main,main,629.5436740586551,169.13675838367502
240,256,0.237069785670492,102.607105399709,24.6370409056466,102.553158433925,24.7431059140876,452.845359557364,452.608289771693,1987.65942366027,1987.89649344594,,main,main,12.955192830022462,54.64716979172176
236,281,45.3174891750001,109.010761257516,29.6412594936858,109.199026201647,31.2047418792518,452.967627060787,407.650137885787,1942.70127177436,1988.01876094936,,main,main,174.26816711697302,3.845494759076591
191,192,2.85195380893669,115.033844584039,23.2304932808227,114.807738205502,23.0348962043014,453.174866015484,450.322912206547,1985.37404609512,1988.22599990406,,main,main,31.710068937103152,11.118717574505807
146,153,17.8512842836736,112.110125207411,27.6581359073526,112.302908405531,26.7786077595264,456.316381967923,438.465097684249,1973.51623157282,1991.3675158565,,main,main,99.31131973694428,5.563259099950152
240,241,5.36640679682328,102.607105399709,24.6370409056466,102.721266759016,24.6669317314512,457.974696568516,452.608289771693,1987.65942366027,1993.02583045709,,main,main,12.021774635376119,2.240190706841788
166,168,28.7787252588596,110.209311107897,29.7440723631435,111.207622875778,30.1829541692196,459.566238435522,430.787513176662,1965.83864706524,1994.6173723241,,main,main,107.9432122226536,3.7507989409441627
241,245,2.94685860996551,102.721266759016,24.6669317314512,102.84477636057,24.7845325812376,460.921555178482,457.974696568516,1993.02583045709,1995.97268906706,,main,main,18.050923177090638,6.125479897829882
245,246,0.286613519025327,102.84477636057,24.7845325812376,102.830930255725,24.7663219168513,461.208168697507,460.921555178482,1995.97268906706,1996.25930258608,,main,main,2.45557964213203,8.56756391143936
241,242,3.42790427265018,102.721266759016,24.6669317314512,104.143839267013,24.9848214083696,461.402600841167,457.974696568516,1993.02583045709,1996.45373472974,,main,main,148.05788469392644,43.19195430141344
168,178,2.4117546909392,111.207622875778,30.1829541692196,111.449049508987,30.4263913461709,461.977993126461,459.566238435522,1994.6173723241,1997.02912701504,,main,main,35.603238220113525,14.76237958772196
282,283,24.8044824633991,98.5153633360759,24.4891952513341,98.4748503123167,24.4560748666722,462.3590305492,437.554548085801,1972.60568197438,1997.41016443777,,main,main,5.50695735586477,0.22201460417449567
256,258,12.5238833264702,102.553158433925,24.7431059140876,102.708728088614,24.905027147282,465.369242883834,452.845359557364,1987.89649344594,2000.42037677241,,main,main,23.8546083666892,1.9047293674694838
192,193,13.1895481861384,114.807738205502,23.0348962043014,114.341824611988,22.5487616014033,466.364414201622,453.174866015484,1988.22599990406,2001.4155480902,,main,main,72.01957367508597,5.460351837584185
230,231,26.4210068660893,110.699500499125,29.7535810493857,111.936896292012,30.3383243346344,466.578189735202,440.157182869113,1975.20831675769,2001.62932362378,,main,main,135.80344320263353,5.139979861135945
231,234,0.805002482312108,111.936896292012,30.3383243346344,111.935556574109,30.3468021788455,467.383192217514,466.578189735202,2001.62932362378,2002.43432610609,,main,main,0.9486259425735306,1.1784136861900238
153,156,11.1765879288495,112.302908405531,26.7786077595264,112.678788621823,27.0546163083548,467.492969896772,456.316381967923,1991.3675158565,2002.54410378535,,main,main,48.26187984990093,4.31812286156898
258,260,2.15588471594498,102.708728088614,24.905027147282,102.877577833072,24.9730520250593,467.525127599779,465.369242883834,2000.42037677241,2002.57626148835,,main,main,18.64435342669375,8.648121714857767
193,196,1.18061666341986,114.341824611988,22.5487616014033,114.001470851144,22.4872844235319,467.545030865042,466.364414201622,2001.4155480902,2002.59616475362,,main,main,35.67221660870828,30.214901850849323
196,197,0.474950741537373,114.001470851144,22.4872844235319,114.001523015733,22.4849912176208,468.019981606579,467.545030865042,2002.59616475362,2003.07111549515,,main,main,0.25399922295342053,0.5347906650934954
246,249,7.25706351451198,102.830930255725,24.7663219168513,102.666062502951,24.7606008253621,468.465232212019,461.208168697507,1996.25930258608,2003.51636610059,,main,main,16.687173247492556,2.299438776320911
228,235,45.4926870537054,109.395090228024,29.5641533072638,110.606303014956,28.5175234232417,468.497006159109,423.004319105403,1958.05545299398,2003.54814004768,,main,main,165.45036541414737,3.6368562977787735
260,261,1.02252930651522,102.877577833072,24.9730520250593,102.92162836133,25.073075810958,468.547656906294,467.525127599779,2002.57626148835,2003.59879079487,,main,main,11.938719938414893,11.675675075858758
193,194,2.52330013845995,114.341824611988,22.5487616014033,114.406145473657,22.4084721411888,468.887714340082,466.364414201622,2001.4155480902,2003.93884822866,,main,main,16.886648210994057,6.6922868007689775
234,75,1.60403005829486,111.935556574109,30.3468021788455,111.876563029894,30.5441265554585,468.987222275809,467.383192217514,2002.43432610609,2004.03835616438,SC1_DQ648857.1,main,main,22.597366939316977,14.087870001226017
194,195,0.492564979551432,114.406145473657,22.4084721411888,114.358560232053,22.4738691235109,469.380279319634,468.887714340082,2003.93884822866,2004.43141320821,,main,main,8.742903080551256,17.749745604149982
178,82,7.84256248268149,111.449049508987,30.4263913461709,111.332671435489,30.5260770360631,469.820555609143,461.977993126461,1997.02912701504,2004.87168949772,SC1_DQ412042.1,main,main,15.71646096698805,2.0039956330210016
234,74,2.43736339162811,111.935556574109,30.3468021788455,111.517687716316,30.5937715525482,469.820555609143,467.383192217514,2002.43432610609,2004.87168949772,SC1_DQ412043.1,main,main,48.57774934385049,19.93045005545994
239,20,21.0163315469218,108.381070771538,22.6318484153472,108.433553618697,22.6105837783293,469.902522822257,448.886191275336,1983.93732516391,2004.95365671083,SC1_DQ071615.1,main,main,5.887049967651344,0.2801178671219432
197,199,1.88497855993195,114.001523015733,22.4849912176208,114.068033262516,22.3151887728581,469.904960166511,468.019981606579,2003.07111549515,2004.95609405509,,main,main,20.011567575165152,10.61633697090305
197,198,1.96485816568805,114.001523015733,22.4849912176208,113.973016611717,22.4727766601207,469.984839772267,468.019981606579,2003.07111549515,2005.03597366084,,main,main,3.2304510956431995,1.6441141411914417
146,147,31.5593499351862,112.110125207411,27.6581359073526,101.645695214638,21.5742448470845,470.024447619435,438.465097684249,1973.51623157282,2005.07558150801,,main,main,1254.8793760535814,39.76252294900692
199,99,0.211029232585506,114.068033262516,22.3151887728581,114.034702108927,22.2506001608467,470.115989399097,469.904960166511,2004.95609405509,2005.16712328767,SC1_DQ022305.2,main,main,7.934261278204938,37.59792508836467
195,100,0.754888161655032,114.358560232053,22.4738691235109,114.246071792124,22.4450932615144,470.135167481289,469.380279319634,2004.43141320821,2005.18630136986,SC1_DQ084199.1,main,main,12.008507907805823,15.907664893668658
168,169,10.5861528623614,111.207622875778,30.1829541692196,125.419064180113,41.9605524366408,470.152391297883,459.566238435522,1994.6173723241,2005.20352518646,,main,main,1824.5116275784194,172.3488836124207
199,98,0.28774156135265,114.068033262516,22.3151887728581,113.990657960899,22.409309550193,470.192701727864,469.904960166511,2004.95609405509,2005.24383561644,SC1_DQ084200.1,main,main,13.120246477683098,45.597328435996076
196,200,2.76593858297191,114.001470851144,22.4872844235319,114.090030947127,22.3666024489458,470.310969448014,467.545030865042,2002.59616475362,2005.36210333659,,main,main,16.177675661243544,5.848891859291093
200,201,0.280639667000724,114.090030947127,22.3666024489458,114.158636557171,22.3446960482948,470.591609115015,470.310969448014,2005.36210333659,2005.64274300359,,main,main,7.4713347732109705,26.62251866622866
195,93,1.32475117535378,114.358560232053,22.4738691235109,114.044440690766,22.4784331630736,470.705030494987,469.380279319634,2004.43141320821,2005.75616438356,SC1_GQ153539.1,main,main,32.33120536195876,24.40549286799054
201,94,0.113421379972674,114.158636557171,22.3446960482948,114.137292676174,22.3458433433549,470.705030494987,470.591609115015,2005.64274300359,2005.75616438356,SC1_GQ153540.1,main,main,2.2023074824275533,19.417040093835425
242,243,9.43795532896739,104.143839267013,24.9848214083696,104.612462857844,24.8528615168198,470.840556170134,461.402600841167,1996.45373472974,2005.89169005871,,main,main,49.54402291039964,5.24944452304589
194,103,2.05567231928872,114.406145473657,22.4084721411888,114.359269934846,22.3518330046794,470.943386659371,468.887714340082,2003.93884822866,2005.99452054795,SC1_GQ153541.1,main,main,7.914661142273915,3.850156986602055
242,28,9.5846214346427,104.143839267013,24.9848214083696,104.425506629707,26.8259849019167,470.987222275809,461.402600841167,1996.45373472974,2006.03835616438,SC1_FJ588686.1,main,main,205.91916005145754,21.484328980087035
192,205,17.9184162407252,114.807738205502,23.0348962043014,116.204728340204,25.8018488986252,471.093282256209,453.174866015484,1988.22599990406,2006.14441614478,,main,main,337.6352280355912,18.84291689062394
198,105,1.12567017477469,113.973016611717,22.4727766601207,114.002626833705,22.5490679241599,471.110509947042,469.984839772267,2005.03597366084,2006.16164383562,SC1_GQ153542.1,main,main,8.980807555255762,7.9781873558596565
198,104,1.12567017477469,113.973016611717,22.4727766601207,113.963189267711,22.4847553593106,471.110509947042,469.984839772267,2005.03597366084,2006.16164383562,SC1_GQ153543.1,main,main,1.6680489757145311,1.4818274598493308
231,232,4.57528153515221,111.936896292012,30.3383243346344,114.019254603544,26.4948696024339,471.153471270354,466.578189735202,2001.62932362378,2006.20460515893,,main,main,472.26829625361205,103.22169086757646
205,213,0.402198292113869,116.204728340204,25.8018488986252,116.118501677843,25.7295030688855,471.495480548323,471.093282256209,2006.14441614478,2006.5466144369,,main,main,11.792247901834896,29.319487757785694
201,202,0.907470460933883,114.158636557171,22.3446960482948,114.116963689795,22.1942034692803,471.499079575949,470.591609115015,2005.64274300359,2006.55021346452,,main,main,17.209227209301034,18.963953043265917
202,95,0.142937220408662,114.116963689795,22.1942034692803,114.004574805215,22.181244944743,471.642016796357,471.499079575949,2006.55021346452,2006.69315068493,SC1_GQ153545.1,main,main,11.678669963555214,81.70489065175278
202,96,0.142937220408662,114.116963689795,22.1942034692803,114.117058406041,22.196528289394,471.642016796357,471.499079575949,2006.55021346452,2006.69315068493,SC1_GQ153544.1,main,main,0.2576193343438907,1.8023250599623315
200,203,1.59714725261312,114.090030947127,22.3666024489458,114.386033004584,22.1392420187154,471.908116700627,470.310969448014,2005.36210333659,2006.9592505892,,main,main,39.55745524150407,24.7675692875428
153,154,15.6569250424041,112.302908405531,26.7786077595264,112.312919915258,26.5309726432006,471.973307010327,456.316381967923,1991.3675158565,2007.0244408989,,main,main,27.455601395774494,1.7535755789476988
203,204,0.067587053246104,114.386033004584,22.1392420187154,114.398577220646,22.1574388608671,471.975703753873,471.908116700627,2006.9592505892,2007.02683764245,,main,main,2.3946918100768686,35.4312208487194
203,101,0.257187766962918,114.386033004584,22.1392420187154,114.414384483529,22.1696330973241,472.16530446759,471.908116700627,2006.9592505892,2007.21643835616,SC1_GQ153546.1,main,main,4.458420554668574,17.33527456347253
258,259,6.96722803254296,102.708728088614,24.905027147282,102.86644945628,25.144161198517,472.336470916377,465.369242883834,2000.42037677241,2007.38760480495,,main,main,30.904853487321496,4.435745944150126
204,102,0.378641809607203,114.398577220646,22.1574388608671,114.252759982159,22.1959561914682,472.35434556348,471.975703753873,2007.02683764245,2007.40547945205,SC1_GQ153547.1,main,main,15.631796811261276,41.28386357406609
147,149,2.47914608812634,101.645695214638,21.5742448470845,101.551106053534,21.4789779739073,472.503593707562,470.024447619435,2005.07558150801,2007.55472759614,,main,main,14.397866689115121,5.807591072616689
147,148,2.57260530688601,101.645695214638,21.5742448470845,101.649157009275,21.3813307300136,472.597052926321,470.024447619435,2005.07558150801,2007.6481868149,,main,main,21.36309933549692,8.304071859882663
246,247,11.5106580001944,102.830930255725,24.7663219168513,102.709792840983,24.9648350832796,472.718826697702,461.208168697507,1996.25930258608,2007.76996058628,,main,main,25.167560200402164,2.186457125211879
204,97,0.882751398648466,114.398577220646,22.1574388608671,114.327437687645,22.1404868479775,472.858455152522,471.975703753873,2007.02683764245,2007.9095890411,SC1_GQ153548.1,main,main,7.574604882031738,8.58067729332269
261,269,4.40680250357209,102.92162836133,25.073075810958,102.758227670226,25.1299596399989,472.954459409866,468.547656906294,2003.59879079487,2008.00559329844,,main,main,17.645213240311826,4.004085326267486
205,206,2.47004906748595,116.204728340204,25.8018488986252,116.388252552405,26.0610861008898,473.563331323695,471.093282256209,2006.14441614478,2008.61446521227,,main,main,34.10042752055951,13.805566848624347
169,170,4.85408229780547,125.419064180113,41.9605524366408,125.535969064708,42.0530218171429,475.006473595689,470.152391297883,2005.20352518646,2010.05760748426,,main,main,14.116768111738079,2.9082259520239835
269,270,2.19215777271027,102.758227670226,25.1299596399989,102.623549504611,24.9182442785152,475.146617182576,472.954459409866,2008.00559329844,2010.19775107115,,main,main,27.106964045396836,12.365425692824653
261,262,6.64429134971788,102.92162836133,25.073075810958,102.892244394751,25.0805125758604,475.191948256012,468.547656906294,2003.59879079487,2010.24308214459,,main,main,3.0768028466506414,0.4630746432847626
166,167,44.4058287961718,110.209311107897,29.7440723631435,102.132784138831,25.2772744185161,475.193341972834,430.787513176662,1965.83864706524,2010.24447586141,,main,main,938.5971323550139,21.136800230962695
206,211,2.12687405379643,116.388252552405,26.0610861008898,116.470790858813,25.9796467662113,475.690205377491,473.563331323695,2008.61446521227,2010.74133926607,,main,main,12.23391176559414,5.752062160783258
282,140,38.4326741900082,98.5153633360759,24.4891952513341,99.0085943290449,24.2688106401912,475.987222275809,437.554548085801,1972.60568197438,2011.03835616438,SC1_JX993988.1,main,main,55.675647438078705,1.4486540062974167
283,142,13.6281917266091,98.4748503123167,24.4560748666722,99.0109039984597,25.3821931023478,475.987222275809,462.3590305492,1997.41016443777,2011.03835616438,SC1_KF569996.1,main,main,116.00151504562736,8.511878712355795
262,53,1.08568497870159,102.892244394751,25.0805125758604,102.879570235172,25.0802749623771,476.277633234713,475.191948256012,2010.24308214459,2011.32876712329,SC1_KC881005.1,main,main,1.2788946592503927,1.1779610884732596
178,179,14.3004070149943,111.449049508987,30.4263913461709,112.56022225803,35.2968307155069,476.278400141455,461.977993126461,1997.02912701504,2011.32953403003,,main,main,550.0512880806979,38.46403025480021
260,278,9.01526898904067,102.877577833072,24.9730520250593,102.759414844472,24.938002059916,476.540396588819,467.525127599779,2002.57626148835,2011.59153047739,,main,main,12.548597263150244,1.3919271048268034
270,276,1.46063417484928,102.623549504611,24.9182442785152,102.56587215278,24.8559404773916,476.607251357426,475.146617182576,2010.19775107115,2011.658385246,,main,main,9.032939998114108,6.18425897028337
281,66,23.6853486396795,109.199026201647,31.2047418792518,109.510910384014,31.889900753247,476.652975700467,452.967627060787,1988.01876094936,2011.70410958904,SC1_JX993987.1,main,main,81.5377519990388,3.442539657720746
270,271,1.56116179029962,102.623549504611,24.9182442785152,102.698223119385,24.7729916551085,476.707778972876,475.146617182576,2010.19775107115,2011.75891286145,,main,main,17.772079009149085,11.383880338077098
182,185,34.4848168223172,113.919808616315,23.7765064183943,113.669754729394,23.8625750685161,476.882419450363,442.397602628045,1977.44873651662,2011.93355333894,,main,main,27.203641402260207,0.7888585153990174
256,257,24.0407971289932,102.553158433925,24.7431059140876,105.601536468435,24.8900620279265,476.886156686357,452.845359557364,1987.89649344594,2011.93729057493,,main,main,308.6123766596507,12.837027616171019
283,141,14.6281917266091,98.4748503123167,24.4560748666722,98.43957583782,24.5027942910223,476.987222275809,462.3590305492,1997.41016443777,2012.03835616438,SC1_KU973692.1,main,main,6.290144704710423,0.4300015218742635
154,7,5.01391526548245,112.312919915258,26.5309726432006,119.008636150155,28.113609905165,476.987222275809,471.973307010327,2007.0244408989,2012.03835616438,SC1_KF294457.1,main,main,685.3760755077088,136.69478625338525
170,83,1.98074868012055,125.535969064708,42.0530218171429,125.533668980517,42.0318953266437,476.987222275809,475.006473595689,2010.05760748426,2012.03835616438,SC1_KJ473811.1,main,main,2.354320791477634,1.1886014692860218
179,81,0.708822134353909,112.56022225803,35.2968307155069,112.522304673913,35.2173544771513,476.987222275809,476.278400141455,2011.32953403003,2012.03835616438,SC1_KY770860.1,main,main,9.468630077643752,13.358259595370006
278,42,0.65994044108815,102.759414844472,24.938002059916,102.784990287466,24.9528865226693,477.200337029908,476.540396588819,2011.59153047739,2012.25147091848,SC1_KC881006.1,main,main,3.0643566238841315,4.6433836041801495
271,272,0.564846743103095,102.698223119385,24.7729916551085,102.64088050304,24.7351683812476,477.272625715979,476.707778972876,2011.75891286145,2012.32375960455,,main,main,7.155114066381509,12.667354736036016
156,157,10.0513043394739,112.678788621823,27.0546163083548,122.040012534718,29.9600058441337,477.544274236246,467.492969896772,2002.54410378535,2012.59540812482,,main,main,970.9674164650606,96.60113589953068
206,207,4.03166838495301,116.388252552405,26.0610861008898,115.603716025517,29.5861444264214,477.594999708648,473.563331323695,2008.61446521227,2012.64613359722,,main,main,398.20487205641433,98.76925233796369
278,41,1.11349235365655,102.759414844472,24.938002059916,102.767557801162,24.9503331542778,477.653888942476,476.540396588819,2011.59153047739,2012.70502283105,SC1_KF367457.1,main,main,1.594409322654169,1.4318996600366012
272,273,0.388795303772168,102.64088050304,24.7351683812476,102.609962262726,24.7168757303542,477.661421019751,477.272625715979,2012.32375960455,2012.71255490833,,main,main,3.7270129572749813,9.586054463916549
179,180,1.38639851794166,112.56022225803,35.2968307155069,112.828224941886,35.3460856737699,477.664798659397,476.278400141455,2011.32953403003,2012.71593254797,,main,main,24.974590697718547,18.014005622854743
259,39,5.36386611353084,102.86644945628,25.144161198517,102.738338425792,25.095467342166,477.700337029908,472.336470916377,2007.38760480495,2012.75147091848,SC1_KY417144.1,main,main,14.001020311799092,2.6102479098947393
247,24,4.98151033220602,102.709792840983,24.9648350832796,102.729182015888,24.842851981878,477.700337029908,472.718826697702,2007.76996058628,2012.75147091848,SC1_KY417145.1,main,main,13.653494635688793,2.7408343504614305
273,47,0.0389160101563526,102.609962262726,24.7168757303542,102.720031393127,24.7451066146743,477.700337029908,477.661421019751,2012.71255490833,2012.75147091848,SC1_KY417143.1,main,main,11.566306736715827,297.2120392158896
247,248,5.17549635260762,102.709792840983,24.9648350832796,102.762980579764,25.0694993715947,477.894323050309,472.718826697702,2007.76996058628,2012.94545693888,,main,main,12.776622516134127,2.4686757840524334
144,1,349.382748968526,121.797404865101,28.7323898503463,141.603795648829,39.4820835760212,477.987222275809,128.604473307283,1663.65560719586,2013.03835616438,SC1_LC556375.1,main,main,2174.3353674140985,6.223362126016052
237,64,56.9100000637135,108.397096680882,22.6287599227963,111.704038286725,24.3079301247021,477.987222275809,421.077222212096,1956.12835610067,2013.03835616438,SC1_KJ473815.1,main,main,385.63298472586723,6.776190200213187
229,76,42.9925998365528,110.186143619561,29.3241669318704,112.81601643873,31.586744706164,477.987222275809,434.994622439256,1970.04575632783,2013.03835616438,SC1_KJ473814.1,main,main,355.93887358557623,8.279073025096588
249,21,9.52199006379007,102.666062502951,24.7606008253621,102.575004401522,24.7534217503687,477.987222275809,468.465232212019,2003.51636610059,2013.03835616438,SC1_KJ473816.1,main,main,9.24458541601239,0.9708669463085677
257,30,1.10106558945242,105.601536468435,24.8900620279265,105.235723035691,25.0140735936248,477.987222275809,476.886156686357,2011.93729057493,2013.03835616438,SC1_KY770859.1,main,main,39.41453138207939,35.79671525442999
257,29,1.10106558945242,105.601536468435,24.8900620279265,105.543770441599,25.1925854069498,477.987222275809,476.886156686357,2011.93729057493,2013.03835616438,SC1_KY770858.1,main,main,34.01483444345728,30.89265050992419
180,80,0.322423616412246,112.828224941886,35.3460856737699,112.964260518049,35.3879246374444,477.987222275809,477.664798659397,2012.71593254797,2013.03835616438,SC1_KJ473813.1,main,main,13.205477221776372,40.956916769062126
180,79,0.322423616412246,112.828224941886,35.3460856737699,115.433035470919,37.1550206033477,477.987222275809,477.664798659397,2012.71593254797,2013.03835616438,SC1_KJ473812.1,main,main,308.35886801231595,956.3780452671709
262,263,2.89356306941292,102.892244394751,25.0805125758604,102.976369400715,25.1831716263864,478.085511325425,475.191948256012,2010.24308214459,2013.136645214,,main,main,14.187684207022963,4.903188168592961
170,171,3.18116613644586,125.535969064708,42.0530218171429,125.924157515305,41.8919445479517,478.187639732135,475.006473595689,2010.05760748426,2013.23877362071,,main,main,36.815228647383314,11.57287204387097
273,274,0.589701023676957,102.609962262726,24.7168757303542,102.682234682811,24.7775351621184,478.251122043428,477.661421019751,2012.71255490833,2013.302255932,,main,main,9.929492356098367,16.83818063293345
259,40,5.9411623183367,102.86644945628,25.144161198517,102.936380518468,25.0515401843043,478.277633234713,472.336470916377,2007.38760480495,2013.32876712329,SC1_KY417146.1,main,main,12.450959490119482,2.0957110449063237
269,43,5.32317382484737,102.758227670226,25.1299596399989,102.753416580153,25.0132375213383,478.277633234713,472.954459409866,2008.00559329844,2013.32876712329,SC1_KY417147.1,main,main,12.938878536177702,2.430669927737837
272,49,1.00500751873438,102.64088050304,24.7351683812476,102.914285927264,24.8406319217341,478.277633234713,477.272625715979,2012.32375960455,2013.32876712329,SC1_KY417149.1,main,main,30.014270271846517,29.864722116351828
274,48,0.0265111912852571,102.682234682811,24.7775351621184,102.656433501496,24.861402446074,478.277633234713,478.251122043428,2013.302255932,2013.32876712329,SC1_KY417148.1,main,main,9.649243861082983,363.9687012649989
167,78,3.18292139886563,102.132784138831,25.2772744185161,102.152831316921,25.263199674111,478.3762633717,475.193341972834,2010.24447586141,2013.42739726027,SC1_KP886809.1,main,main,2.551196860703672,0.8015268179770005
167,77,3.18292139886563,102.132784138831,25.2772744185161,101.881257348963,25.2001591148485,478.3762633717,475.193341972834,2010.24447586141,2013.42739726027,SC1_KP886808.1,main,main,26.7434257649553,8.40216342586608
274,275,0.246058663042596,102.682234682811,24.7775351621184,102.92608941895,24.8305887788796,478.497180706471,478.251122043428,2013.302255932,2013.54831459504,,main,main,25.34673397743514,103.01093919642767
275,45,0.0407265008452509,102.92608941895,24.8305887788796,102.933337325918,24.8589579668872,478.537907207316,478.497180706471,2013.54831459504,2013.58904109589,SC1_KY417150.1,main,main,3.226735148705236,79.22937354637733
275,46,0.0407265008452509,102.92608941895,24.8305887788796,102.952406023452,24.9930107933305,478.537907207316,478.497180706471,2013.54831459504,2013.58904109589,SC1_KT444582.1,main,main,18.187102864483002,446.56679280129686
171,91,0.38040446148287,125.924157515305,41.8919445479517,125.968979287854,41.9300423639309,478.568044193617,478.187639732135,2013.23877362071,2013.61917808219,SC1_KU182964.1,main,main,5.633377524445813,14.808915496117256
149,150,6.18397497802474,101.551106053534,21.4789779739073,101.661433162334,21.6346692603661,478.687568685586,472.503593707562,2007.55472759614,2013.73870257416,,main,main,20.68256075837373,3.344541469179758
232,233,7.75774981318712,114.019254603544,26.4948696024339,114.056405101045,26.5675599048733,478.911221083542,471.153471270354,2006.20460515893,2013.96235497212,,main,main,8.864118539590375,1.1426146438136713
263,264,0.919476196991101,102.976369400715,25.1831716263864,102.949055549473,25.1088763155087,479.004987522416,478.085511325425,2013.136645214,2014.05612141099,,main,main,8.6786465629544,9.438685407359594
276,277,2.61170663903078,102.56587215278,24.8559404773916,102.686649235091,25.0062953928316,479.218957996456,476.607251357426,2011.658385246,2014.27009188503,,main,main,20.64494147319933,7.904770453415392
191,218,29.0140925456501,115.033844584039,23.2304932808227,114.379660700735,23.1150757853328,479.337004752197,450.322912206547,1985.37404609512,2014.38813864077,,main,main,68.19151952575292,2.3502895849133303
277,52,0.127168388941883,102.686649235091,25.0062953928316,102.572125562749,24.9146739818382,479.346126385398,479.218957996456,2014.27009188503,2014.39726027397,SC1_KY417142.1,main,main,15.386704703432995,120.99472857570638
264,265,0.441589458250262,102.949055549473,25.1088763155087,103.262443751672,25.6427636217669,479.446576980666,479.004987522416,2014.05612141099,2014.49771086924,,main,main,67.02731379602024,151.78648978987593
218,219,0.180162490241377,114.379660700735,23.1150757853328,114.659552450261,23.6505295036646,479.517167242439,479.337004752197,2014.38813864077,2014.56830113101,,main,main,65.84346182379882,365.46709437454746
185,187,2.81122810524885,113.669754729394,23.8625750685161,113.1539683072,23.4177783704714,479.693647555612,476.882419450363,2011.93355333894,2014.74478144419,,main,main,72.08597086498726,25.642163554922988
264,266,0.715550242893915,102.949055549473,25.1088763155087,102.975619976021,25.1944749766327,479.72053776531,479.004987522416,2014.05612141099,2014.77167165388,,main,main,9.853218667361672,13.770128324619234
277,51,0.579223183462447,102.686649235091,25.0062953928316,102.57182749509,25.088318311806,479.798181179919,479.218957996456,2014.27009188503,2014.84931506849,SC1_KY417151.1,main,main,14.72444664217695,25.421024334968777
249,250,11.7320190739147,102.666062502951,24.7606008253621,102.403140701764,24.3670754505583,480.197251285934,468.465232212019,2003.51636610059,2015.24838517451,,main,main,51.082773753989414,4.354133200104344
219,220,0.932815336146027,114.659552450261,23.6505295036646,114.348401652475,23.7454624423296,480.449982578585,479.517167242439,2014.56830113101,2015.50111646716,,main,main,33.43004993396543,35.83780051481931
157,2,2.9388384505221,122.040012534718,29.9600058441337,122.161034116465,29.7716880385733,480.483112686768,477.544274236246,2012.59540812482,2015.53424657534,SC1_MG772934.1,main,main,23.92665506144889,8.141534645158258
250,255,0.400797763675747,102.403140701764,24.3670754505583,102.547296280911,24.3440945769896,480.59804904961,480.197251285934,2015.24838517451,2015.64918293818,,main,main,14.847323835508927,37.04442784147043
187,188,0.972972183387438,113.1539683072,23.4177783704714,112.945263565834,23.202808951336,480.666619738999,479.693647555612,2014.74478144419,2015.71775362757,,main,main,31.976895286705126,32.86516904869408
271,50,4.06848439882357,102.698223119385,24.7729916551085,102.696972590131,24.7689630797752,480.7762633717,476.707778972876,2011.75891286145,2015.82739726027,SC1_KY417152.1,main,main,0.4638196843406546,0.11400306327210477
220,225,0.401466198182875,114.348401652475,23.7454624423296,114.095879907135,23.5891979951941,480.851448776767,480.449982578585,2015.50111646716,2015.90258266534,,main,main,31.034028481074714,77.30172209152752
207,208,3.61563729105391,115.603716025517,29.5861444264214,115.199480397094,29.5341451206362,481.210636999702,477.594999708648,2012.64613359722,2016.26177088828,,main,main,39.59578473696607,10.951260192756898
266,267,1.50294956822099,102.975619976021,25.1944749766327,102.994176103751,25.1907688524152,481.223487333531,479.72053776531,2014.77167165388,2016.2746212221,,main,main,1.9148410572291057,1.2740554292155413
267,268,0.055094393251772,102.994176103751,25.1907688524152,103.002055816175,25.1903884902719,481.278581726783,481.223487333531,2016.2746212221,2016.32971561536,,main,main,0.7953431674009448,14.436009191831225
169,92,11.1271807047019,125.419064180113,41.9605524366408,127.320014869318,35.4653424793572,481.279572002585,470.152391297883,2005.20352518646,2016.33070589116,SC1_KY938558.1,main,main,739.6895681060334,66.47591943873711
213,214,9.81119425528057,116.118501677843,25.7295030688855,115.511400120439,25.4653090218602,481.306674803603,471.495480548323,2006.5466144369,2016.35780869218,,main,main,67.64645788208081,6.8948240267154235
208,209,0.211686428838506,115.199480397094,29.5341451206362,114.961567520077,29.4494449096001,481.42232342854,481.210636999702,2016.26177088828,2016.47345731711,,main,main,24.908483291419675,117.66688789682485
218,127,2.14748528317489,114.379660700735,23.1150757853328,114.376575679264,23.2561027810376,481.484490035372,479.337004752197,2014.38813864077,2016.53562392395,SC1_OK017812.1,main,main,15.62145529465468,7.274301443202244
220,221,1.11556318627579,114.348401652475,23.7454624423296,114.342794615412,23.351180069069,481.56554576486,480.449982578585,2015.50111646716,2016.61667965343,,main,main,43.67121397349314,39.14723478755664
227,69,68.4713815281531,110.495473876457,29.8523323986933,105.374237833677,27.8608327671887,481.569189488924,413.097807960771,1948.14894184934,2016.6203233775,SC1_MK211374.1,main,main,546.193791077179,7.9769646659254665
281,65,28.6015624281366,109.199026201647,31.2047418792518,107.546882630355,32.2698395413057,481.569189488924,452.967627060787,1988.01876094936,2016.6203233775,SC1_OK017846.1,main,main,196.10371920877358,6.856398831409917
263,55,3.48367816349916,102.976369400715,25.1831716263864,103.073066510074,25.1874917297843,481.569189488924,478.085511325425,2013.136645214,2016.6203233775,SC1_OK017848.1,main,main,9.758629414007938,2.8012430988188477
266,59,1.84865172361414,102.975619976021,25.1944749766327,103.249494337446,25.3279708322024,481.569189488924,479.72053776531,2014.77167165388,2016.6203233775,SC1_OK017849.1,main,main,31.3023749269085,16.932543067502145
267,57,0.345702155393158,102.994176103751,25.1907688524152,103.251274809876,25.2013696638729,481.569189488924,481.223487333531,2016.2746212221,2016.6203233775,SC1_OK017850.1,main,main,25.939389272478007,75.03392405227505
268,56,0.290607762141386,103.002055816175,25.1903884902719,102.707508825274,24.9935902124362,481.569189488924,481.278581726783,2016.32971561536,2016.6203233775,SC1_OK017847.1,main,main,36.85201543502076,126.81015525349794
268,58,0.290607762141386,103.002055816175,25.1903884902719,102.984629477348,25.2028549718607,481.569189488924,481.278581726783,2016.32971561536,2016.6203233775,SC1_OK017851.1,main,main,2.2342764936595283,7.688289112430906
182,183,39.2540409734845,113.919808616315,23.7765064183943,114.124250030636,25.2294121806588,481.65164360153,442.397602628045,1977.44873651662,2016.7027774901,,main,main,162.26028230448543,4.133594358198427
276,44,5.04663758505036,102.56587215278,24.8559404773916,102.98143078622,25.467803495537,481.653888942476,476.607251357426,2011.658385246,2016.70502283105,SC1_MK211378.1,main,main,79.68214199419319,15.789154788969862
248,23,3.7595658921668,102.762980579764,25.0694993715947,102.900156756762,24.9315222753743,481.653888942476,477.894323050309,2012.94545693888,2016.70502283105,SC1_MK211375.1,main,main,20.624458465140577,5.4858616810287675
265,54,2.20731196180984,103.262443751672,25.6427636217669,103.330127851604,25.6490405659343,481.653888942476,479.446576980666,2014.49771086924,2016.70502283105,SC1_MK211377.1,main,main,6.832043610336946,3.0951871455157396
265,60,2.20731196180984,103.262443751672,25.6427636217669,102.701284896298,25.509439839515,481.653888942476,479.446576980666,2014.49771086924,2016.70502283105,SC1_MK211376.1,main,main,58.284426416077956,26.40516040527812
221,223,0.187127611185172,114.342794615412,23.351180069069,114.304127308463,23.3368290322998,481.752673376046,481.56554576486,2016.61667965343,2016.80380726462,,main,main,4.261618971000127,22.773865086019
223,224,0.0660145945149679,114.304127308463,23.3368290322998,114.306652838735,23.3183366352588,481.818687970561,481.752673376046,2016.80380726462,2016.86982185913,,main,main,2.064231125622796,31.269314623371052
221,222,0.354152606350235,114.342794615412,23.351180069069,113.937373328331,23.0489129088666,481.919698371211,481.56554576486,2016.61667965343,2016.97083225978,,main,main,53.320745299337126,150.55866974647142
157,3,4.52787954641235,122.040012534718,29.9600058441337,121.944778894791,29.9553827815843,482.072153782658,477.544274236246,2012.59540812482,2017.12328767123,SC1_MG772933.1,main,main,9.206908087915894,2.0333818498354175
219,226,2.72571702871343,114.659552450261,23.6505295036646,114.516993462056,23.6181197737245,482.242884271152,479.517167242439,2014.56830113101,2017.29401815973,,main,main,14.98265033742337,5.496773942266251
188,189,1.67895692376519,112.945263565834,23.202808951336,112.529413844063,22.3566685167122,482.345576662764,480.666619738999,2015.71775362757,2017.39671055134,,main,main,102.97387904993252,61.332055392466934
171,172,4.18051706011923,125.924157515305,41.8919445479517,124.361911858148,41.4245327239631,482.368156792254,478.187639732135,2013.23877362071,2017.41929068083,,main,main,140.0942362699277,33.51122223764641
214,215,1.24988630304242,115.511400120439,25.4653090218602,115.23395228418,25.4520562105841,482.556561106646,481.306674803603,2016.35780869218,2017.60769499522,,main,main,27.94210007201668,22.355713478899006
255,31,1.96999514400782,102.547296280911,24.3440945769896,114.681134754009,24.446623484061,482.568044193617,480.59804904961,2015.64918293818,2017.61917808219,SC1_OK017792.1,main,main,1230.496763310584,624.619186018511
190,130,38.7633372296022,112.687177364672,23.49924712908,113.812044566914,23.3767456577652,482.652975700467,443.889638470865,1978.94077235944,2017.70410958904,SC1_OK017823.1,main,main,115.74633772800881,2.9859745316153377
188,139,1.9863559614679,112.945263565834,23.202808951336,113.008837086659,23.063796602945,482.652975700467,480.666619738999,2015.71775362757,2017.70410958904,SC1_OK017822.1,main,main,16.715394019584277,8.415105018353177
225,122,1.80152692369936,114.095879907135,23.5891979951941,114.098538883258,23.6235821075654,482.652975700467,480.851448776767,2015.90258266534,2017.70410958904,SC1_OK017817.1,main,main,3.817785739407051,2.119194384043613
225,124,1.80152692369936,114.095879907135,23.5891979951941,113.974582216162,23.1459742527115,482.652975700467,480.851448776767,2015.90258266534,2017.70410958904,SC1_OK017818.1,main,main,50.62909015462634,28.103432420905275
223,126,0.900302324421278,114.304127308463,23.3368290322998,114.928957601773,24.614948362465,482.652975700467,481.752673376046,2016.80380726462,2017.70410958904,SC1_OK017816.1,main,main,155.18727400617587,172.37240179950837
224,125,0.83428772990631,114.306652838735,23.3183366352588,114.161027264115,22.8762553228546,482.652975700467,481.818687970561,2016.86982185913,2017.70410958904,SC1_OK017815.1,main,main,51.181159782220234,61.34713234721533
224,121,0.83428772990631,114.306652838735,23.3183366352588,114.350360467273,23.2684724997942,482.652975700467,481.818687970561,2016.86982185913,2017.70410958904,SC1_OK017821.1,main,main,7.105542946286082,8.516897338384721
222,120,0.733277329256215,113.937373328331,23.0489129088666,113.270439326289,23.2036830901696,482.652975700467,481.919698371211,2016.97083225978,2017.70410958904,SC1_OK017820.1,main,main,70.4293926506564,96.04741595119955
222,123,0.733277329256215,113.937373328331,23.0489129088666,113.989739348679,23.0367211184337,482.652975700467,481.919698371211,2016.97083225978,2017.70410958904,SC1_OK017814.1,main,main,5.5342286422265525,7.547251798770439
226,129,0.410091429314833,114.516993462056,23.6181197737245,114.279111092413,23.778832655869,482.652975700467,482.242884271152,2017.29401815973,2017.70410958904,SC1_OK017813.1,main,main,30.090214626904793,73.37440501299555
226,128,0.410091429314833,114.516993462056,23.6181197737245,114.513425026137,23.6081660148767,482.652975700467,482.242884271152,2017.29401815973,2017.70410958904,SC1_OK017819.1,main,main,1.160998988280904,2.8310735248007064
189,136,0.307399037702717,112.529413844063,22.3566685167122,112.834989255155,22.4650602363233,482.652975700467,482.345576662764,2017.39671055134,2017.70410958904,SC1_OK017824.1,main,main,33.674431213545155,109.54631304380143
150,151,4.1215190801678,101.661433162334,21.6346692603661,101.518474725731,21.6215051047245,482.809087765754,478.687568685586,2013.73870257416,2017.86022165433,,main,main,14.871978906339423,3.608373179175951
250,251,2.73479089733951,102.403140701764,24.3670754505583,102.424923356264,24.3919282926821,482.932042183273,480.197251285934,2015.24838517451,2017.98317607185,,main,main,3.530074007397553,1.2908021636431946
214,217,1.76235502226732,115.511400120439,25.4653090218602,115.500969382351,25.5464391844855,483.069029825871,481.306674803603,2016.35780869218,2018.12016371444,,main,main,9.04860558988609,5.1343829566444565
185,186,6.36575687240394,113.669754729394,23.8625750685161,113.859841243916,24.2406468462197,483.248176322767,476.882419450363,2011.93355333894,2018.29931021134,,main,main,46.122666936879675,7.245433317886375
172,173,1.06298118864354,124.361911858148,41.4245327239631,124.432639406343,41.4601559339248,483.431137980897,482.368156792254,2017.41929068083,2018.48227186947,,main,main,7.112640037118336,6.691219104445965
151,10,0.758956427863256,101.518474725731,21.6215051047245,101.492986736093,21.7090175812291,483.568044193617,482.809087765754,2017.86022165433,2018.61917808219,SC1_MW703458.1,main,main,10.04257770000768,13.232087286329813
209,210,2.28289052503766,114.961567520077,29.4494449096001,115.095323766678,29.5566307053927,483.705213953578,481.42232342854,2016.47345731711,2018.75634784215,,main,main,17.58871459599878,7.7045808386754
172,175,1.48292577987101,124.361911858148,41.4245327239631,124.262089731037,41.2685530932178,483.851082572125,482.368156792254,2017.41929068083,2018.9022164607,,main,main,19.232499901856738,12.969293651048163
251,252,1.15908695912652,102.424923356264,24.3919282926821,102.411058386503,24.3693132182875,484.0911291424,482.932042183273,2017.98317607185,2019.14226303097,,main,main,2.872840713716528,2.478537689597924
211,212,8.41437239577811,116.470790858813,25.9796467662113,116.515292270211,25.9750213689612,484.104577773269,475.690205377491,2010.74133926607,2019.15571166184,,main,main,4.48560085373102,0.5330879883545039
183,184,2.4773746269463,114.124250030636,25.2294121806588,114.688108112398,25.2807355528419,484.129018228476,481.65164360153,2016.7027774901,2019.18015211705,,main,main,57.087218887562344,23.043434071951435
175,177,0.496802682327797,124.262089731037,41.2685530932178,124.184614397725,41.3134580955105,484.347885254453,483.851082572125,2018.9022164607,2019.39901914303,,main,main,8.184556860942957,16.474461898220344
252,253,0.298279889980295,102.411058386503,24.3693132182875,102.481276557365,24.4377933481712,484.38940903238,484.0911291424,2019.14226303097,2019.44054292095,,main,main,10.404923322191435,34.88308689827801
150,8,5.77910564501747,101.661433162334,21.6346692603661,101.558961947607,21.6732349625036,484.466674330604,478.687568685586,2013.73870257416,2019.51780821918,SC1_EPI_ISL_412977,main,main,11.434183031894937,1.9785385030559295
186,134,1.31986787085081,113.859841243916,24.2406468462197,113.73438984274,24.0571469249302,484.568044193617,483.248176322767,2018.29931021134,2019.61917808219,SC1_OK017826.1,main,main,23.992765450778233,18.178157056972736
186,135,1.31986787085081,113.859841243916,24.2406468462197,113.819670112103,24.2061635865482,484.568044193617,483.248176322767,2018.29931021134,2019.61917808219,SC1_OK017825.1,main,main,5.589058570009972,4.234559150536157
233,72,5.74175461692525,114.056405101045,26.5675599048733,107.565431424629,24.367010775263,484.652975700467,478.911221083542,2013.96235497212,2019.70410958904,SC1_OK017859.1,main,main,696.675062647448,121.3348721998368
187,137,4.95932814485534,113.1539683072,23.4177783704714,112.494882088291,23.4134009705931,484.652975700467,479.693647555612,2014.74478144419,2019.70410958904,SC1_OK017827.1,main,main,67.36424227647505,13.583340385805428
189,138,2.30739903770272,112.529413844063,22.3566685167122,112.285412218942,22.1871685646948,484.652975700467,482.345576662764,2017.39671055134,2019.70410958904,SC1_OK017828.1,main,main,31.379964962474947,13.59971311841982
175,176,0.898288541641138,124.262089731037,41.2685530932178,124.290213824119,41.2785351678363,484.749371113766,483.851082572125,2018.9022164607,2019.80050500234,,main,main,2.6041683615908706,2.899033262556324
251,254,2.02758897760249,102.424923356264,24.3919282926821,102.677161513141,24.7350795189501,484.959631160876,482.932042183273,2017.98317607185,2020.01076504945,,main,main,45.80031568056134,22.588560199571436
149,152,12.7123027808044,101.551106053534,21.4789779739073,102.237930501519,18.707338126903,485.215896488366,472.503593707562,2007.55472759614,2020.26703037694,,main,main,315.1297983049196,24.789355928554986
148,14,12.786344212876,101.649157009275,21.3813307300136,101.638229222626,21.3875523254901,485.383397139197,472.597052926321,2007.6481868149,2020.43453102777,SC1_MZ081381.1,main,main,1.3261797982671595,0.10371844963564181
248,22,7.50819977194824,102.762980579764,25.0694993715947,102.771693414702,24.9837828688427,485.402522822257,477.894323050309,2012.94545693888,2020.45365671083,SC1_OK017858.1,main,main,9.535732193560975,1.2700424180491174
255,34,4.80447377264782,102.547296280911,24.3440945769896,102.620757696408,24.3364373872434,485.402522822257,480.59804904961,2015.64918293818,2020.45365671083,SC1_OK017855.1,main,main,7.503133770341015,1.5616973107558294
252,36,1.31139367985753,102.411058386503,24.3693132182875,102.812304978501,24.5172562847454,485.402522822257,484.0911291424,2019.14226303097,2020.45365671083,SC1_OK017856.1,main,main,43.86247590219618,33.44722227650312
253,32,1.01311378987724,102.481276557365,24.4377933481712,102.268760091613,24.2489246491357,485.402522822257,484.38940903238,2019.44054292095,2020.45365671083,SC1_OK017852.1,main,main,30.045511521857456,29.656601086732913
253,35,1.01311378987724,102.481276557365,24.4377933481712,102.510222773561,24.5221801794057,485.402522822257,484.38940903238,2019.44054292095,2020.45365671083,SC1_OK017857.1,main,main,9.796880153784072,9.670068902103454
254,37,0.442891661381561,102.677161513141,24.7350795189501,102.665217353405,24.7659028015391,485.402522822257,484.959631160876,2020.01076504945,2020.45365671083,SC1_OK017853.1,main,main,3.621733844892796,8.177471288565517
254,33,0.442891661381561,102.677161513141,24.7350795189501,102.638931234794,24.740191165749,485.402522822257,484.959631160876,2020.01076504945,2020.45365671083,SC1_OK017854.1,main,main,3.908732706870126,8.825482725678743
173,174,2.00251631469555,124.432639406343,41.4601559339248,124.459733395794,41.4320741682987,485.433654295593,483.431137980897,2018.48227186947,2020.48478818417,,main,main,3.854004005906274,1.9245805777578457
148,13,12.8546502238049,101.649157009275,21.3813307300136,101.01436153008,13.6540946408091,485.451703150126,472.597052926321,2007.6481868149,2020.5028370387,SC1_MW251308.1,main,main,857.8694018134192,66.73611392589841
209,118,4.06216660683178,114.961567520077,29.4494449096001,115.226349561228,30.0955041404516,485.484490035372,481.42232342854,2016.47345731711,2020.53562392395,SC1_OK017802.1,main,main,76.054748740724,18.722705418535664
210,116,1.77927608179411,115.095323766678,29.5566307053927,114.737510121562,29.5448414065889,485.484490035372,483.705213953578,2018.75634784215,2020.53562392395,SC1_OK017801.1,main,main,34.703151288016855,19.504084634816415
152,12,0.284986989629088,102.237930501519,18.707338126903,102.362015892582,18.4372461012344,485.500883477995,485.215896488366,2020.26703037694,2020.55201736657,SC1_MZ937002.1,main,main,32.63915580424199,114.52858197745103
152,11,0.293183710940466,102.237930501519,18.707338126903,102.228832335617,18.7972171694315,485.509080199306,485.215896488366,2020.26703037694,2020.56021408788,SC1_MZ937004.1,main,main,9.994783046065093,34.090512784643195
245,38,24.7323337639941,102.84477636057,24.7845325812376,103.792575953892,24.6067202716242,485.653888942476,460.921555178482,1995.97268906706,2020.70502283105,SC1_OK017793.1,main,main,97.91596079768922,3.959026339044378
173,90,2.22275096157866,124.432639406343,41.4601559339248,124.445480684434,41.4537679539596,485.653888942476,483.431137980897,2018.48227186947,2020.70502283105,SC1_OK017794.1,main,main,1.2862629946871105,0.5786806605511805
177,84,1.30600368802339,124.184614397725,41.3134580955105,124.032208404299,41.3816022384395,485.653888942476,484.347885254453,2019.39901914303,2020.70502283105,SC1_OK017799.1,main,main,14.831370402134354,11.356300551173275
177,86,1.30600368802339,124.184614397725,41.3134580955105,124.206506050844,41.359303810931,485.653888942476,484.347885254453,2019.39901914303,2020.70502283105,SC1_OK017798.1,main,main,5.411354586680048,4.143445103796011
176,89,0.904517828710051,124.290213824119,41.2785351678363,124.296645795383,41.305540549658,485.653888942476,484.749371113766,2019.80050500234,2020.70502283105,SC1_OK017795.1,main,main,3.0472113202300095,3.368879223282632
176,87,0.904517828710051,124.290213824119,41.2785351678363,124.317640969361,41.3420808170294,485.653888942476,484.749371113766,2019.80050500234,2020.70502283105,SC1_OK017797.1,main,main,7.421691397095085,8.20513555567975
174,85,0.220234646883106,124.459733395794,41.4320741682987,124.565292965025,41.5690516580779,485.653888942476,485.433654295593,2020.48478818417,2020.70502283105,SC1_OK017800.1,main,main,17.581916061400598,79.83265262859642
174,88,0.220234646883106,124.459733395794,41.4320741682987,124.462485464392,41.4359987111404,485.653888942476,485.433654295593,2020.48478818417,2020.70502283105,SC1_OK017796.1,main,main,0.4928396166137876,2.2377932972343455
243,244,14.8680239875466,104.612462857844,24.8528615168198,104.650454626118,24.8106986828233,485.708580157681,470.840556170134,2005.89169005871,2020.75971404625,,main,main,6.046639039656785,0.4066874686724629
154,155,13.9862474185164,112.312919915258,26.5309726432006,112.633794745745,26.3938263863331,485.959554428843,471.973307010327,2007.0244408989,2021.01068831742,,main,main,35.42303294887242,2.532704583931201
230,70,45.9149709135455,110.699500499125,29.7535810493857,111.767406373054,29.7663625282378,486.072153782658,440.157182869113,1975.20831675769,2021.12328767123,SC1_OK017832.1,main,main,103.29467243240036,2.249694824524589
233,71,7.16093269911685,114.056405101045,26.5675599048733,113.950998186726,26.3531942523825,486.072153782658,478.911221083542,2013.96235497212,2021.12328767123,SC1_OK017833.1,main,main,25.972831905625448,3.6270180152410383
155,5,0.11259935381523,112.633794745745,26.3938263863331,112.776586113782,26.4324857180772,486.072153782658,485.959554428843,2021.01068831742,2021.12328767123,SC1_OK017803.1,main,main,14.875559991074267,132.1105271659403
155,6,0.11259935381523,112.633794745745,26.3938263863331,112.631007890902,26.3917405565009,486.072153782658,485.959554428843,2021.01068831742,2021.12328767123,SC1_OK017804.1,main,main,0.36157167228473636,3.211134522832677
156,4,18.6558962146534,112.678788621823,27.0546163083548,111.829232042821,26.9268211082273,486.148866111426,467.492969896772,2002.54410378535,2021.2,SC1_OK017805.1,main,main,85.50996011690343,4.58353536774819
235,67,17.6518599523169,110.606303014956,28.5175234232417,110.06238819203,27.3031916622438,486.148866111426,468.497006159109,2003.54814004768,2021.2,SC1_OK017834.1,main,main,144.83051044321863,8.204830019864781
235,68,17.6518599523169,110.606303014956,28.5175234232417,110.879200422028,28.3357590893296,486.148866111426,468.497006159109,2003.54814004768,2021.2,SC1_OK017835.1,main,main,33.47561538007602,1.8964355864200118
243,25,15.3083099412917,104.612462857844,24.8528615168198,104.633802313133,25.0643318669215,486.148866111426,470.840556170134,2005.89169005871,2021.2,SC1_OK017829.1,main,main,23.523961668120062,1.5366792126848676
244,26,0.440285953745022,104.650454626118,24.8106986828233,104.643305897603,24.7938874029574,486.148866111426,485.708580157681,2020.75971404625,2021.2,SC1_OK017830.1,main,main,1.9975468997943293,4.536930789645737
244,27,0.440285953745022,104.650454626118,24.8106986828233,104.628011632692,24.8474232447271,486.148866111426,485.708580157681,2020.75971404625,2021.2,SC1_OK017831.1,main,main,4.6578722888195765,10.579198017107398
151,9,3.46470985252084,101.518474725731,21.6215051047245,101.720575086319,21.3465086452081,486.273797618275,482.809087765754,2017.86022165433,2021.32493150685,SC1_OK017806.1,main,main,36.956217094435075,10.66646809329405
213,111,14.8205088507741,116.118501677843,25.7295030688855,116.245981284187,25.6800553450346,486.315989399097,471.495480548323,2006.5466144369,2021.36712328767,SC1_OK017808.1,main,main,13.918069618318498,0.9391087552025269
211,112,10.6257840216056,116.470790858813,25.9796467662113,116.737054785809,25.7355975933643,486.315989399097,475.690205377491,2010.74133926607,2021.36712328767,SC1_OK017809.1,main,main,37.991474984525865,3.575404403785839
212,114,2.21141162582745,116.515292270211,25.9750213689612,117.402348201131,25.3970480909122,486.315989399097,484.104577773269,2019.15571166184,2021.36712328767,SC1_OK017810.1,main,main,109.6751170322897,49.59507119858442
212,113,2.21141162582745,116.515292270211,25.9750213689612,116.555865176708,25.9513517915708,486.315989399097,484.104577773269,2019.15571166184,2021.36712328767,SC1_OK017811.1,main,main,4.836018914859647,2.1868470158965274
215,216,3.8503507006903,115.23395228418,25.4520562105841,115.434902631133,25.4066221853385,486.406911807336,482.556561106646,2017.60769499522,2021.45804569591,,main,main,20.832053385250724,5.410430115240127
232,73,15.3296414164137,114.019254603544,26.4948696024339,115.161094317194,25.8679943047906,486.483112686768,471.153471270354,2006.20460515893,2021.53424657534,SC1_OK017860.1,main,main,133.61031760336144,8.715814934868774
207,119,8.88811297812028,115.603716025517,29.5861444264214,116.627541779298,30.5005465278288,486.483112686768,477.594999708648,2012.64613359722,2021.53424657534,SC1_OK017807.1,main,main,141.5071629479959,15.92094557037492
208,117,5.27247568706637,115.199480397094,29.5341451206362,115.164289874132,29.4094678858221,486.483112686768,481.210636999702,2016.26177088828,2021.53424657534,SC1_OK017837.1,main,main,14.23494054029522,2.6998589249475717
183,131,4.83146908523822,114.124250030636,25.2294121806588,114.391587070463,26.0076347075295,486.483112686768,481.65164360153,2016.7027774901,2021.53424657534,SC1_OK017841.1,main,main,90.29769505536146,18.68949039356406
215,106,3.92655158012239,115.23395228418,25.4520562105841,115.20903824497,25.6576663870174,486.483112686768,482.556561106646,2017.60769499522,2021.53424657534,SC1_OK017838.1,main,main,22.914929482118787,5.835891625140585
217,108,3.41408286089748,115.500969382351,25.5464391844855,115.458306282776,25.6552463035386,486.483112686768,483.069029825871,2018.12016371444,2021.53424657534,SC1_OK017844.1,main,main,12.793062770012977,3.7471447797989264
217,107,3.41408286089748,115.500969382351,25.5464391844855,115.462724461911,25.3560958766631,486.483112686768,483.069029825871,2018.12016371444,2021.53424657534,SC1_OK017845.1,main,main,21.43414853455093,6.278157094557573
210,115,2.7778987331902,115.095323766678,29.5566307053927,115.38712436798,29.4332429606202,486.483112686768,483.705213953578,2018.75634784215,2021.53424657534,SC1_OK017836.1,main,main,31.428172301212687,11.313649387470608
184,132,2.35409445829192,114.688108112398,25.2807355528419,114.651656925934,25.3720364248399,486.483112686768,484.129018228476,2019.18015211705,2021.53424657534,SC1_OK017843.1,main,main,10.75936037926514,4.570487960398963
184,133,2.35409445829192,114.688108112398,25.2807355528419,114.534005284575,25.7246283661173,486.483112686768,484.129018228476,2019.18015211705,2021.53424657534,SC1_OK017842.1,main,main,51.55744170278616,21.901177975753413
216,110,0.0762008794320892,115.434902631133,25.4066221853385,115.294119896031,25.446124670444,486.483112686768,486.406911807336,2021.45804569591,2021.53424657534,SC1_OK017839.1,main,main,14.823253813644245,194.52864486760734
216,109,0.0762008794320892,115.434902631133,25.4066221853385,115.46303001506,25.5829606720165,486.483112686768,486.406911807336,2021.45804569591,2021.53424657534,SC1_OK017840.1,main,main,19.738468557031556,259.0320309179979
280,63,2.6676179376594,107.720427549992,23.1931490793625,107.282471598923,23.7234424189302,484.987222275809,482.31960433815,2017.37073822672,2020.03835616438,Ghost1,,,73.8345529344354,27.67808384105361
280,62,2.6676179376594,107.720427549992,23.1931490793625,107.476077572871,23.150300059892,484.987222275809,482.31960433815,2017.37073822672,2020.03835616438,Ghost2,,,25.465616832046194,9.546200928004717
238,279,26.9230221833394,108.478602420046,22.6516187621421,108.249462210786,22.7258810737466,466.553339187605,439.630317004266,1974.68145089284,2001.60447307618,sc_ghost_mrca,,,24.9403973370311,0.9263594988405428
238,279,28.271973764689847,108.478602420046,22.6516187621421,109.69687752932518,21.653213622305277,466.553339187605,439.630317004266,1974.68145089284,2002.95342465753,ghostMRCAparent_to_SC1_AY394995.1,,,167.37396943546398,5.92013740634214
279,61,1.34895158135494,108.249462210786,22.7258810737466,109.69687752932518,21.653213622305277,467.90229076896,466.553339187605,2001.60447307618,2002.95342465753,SC1_AY394995.1,,,190.7540601933965,141.40912307749076
