node1,node2,length,startLon,startLat,endLon,endLat,endNodeL,startNodeL,startYear,endYear,tipLabel,startClade,endClade,distance,dispersal_velocity
141,142,122.349946601102,111.888502449698,29.0664684736694,107.349323923896,28.5199550858084,122.349946601102,0.0,1439.73619124519,1562.0861378463,,main,main,447.2604153452901,3.6555832492799927
141,159,394.064098208779,111.888502449698,29.0664684736694,110.464237318639,30.3183078250342,394.064098208779,0.0,1439.73619124519,1833.80028945397,,main,main,195.58726110599758,0.4963336218524874
142,143,271.863453666419,107.349323923896,28.5199550858084,105.823263820509,25.9515617313598,394.213400267521,122.349946601102,1562.0861378463,1833.94959151271,,main,main,322.234519674299,1.1852807552047293
159,160,26.507548861188,110.464237318639,30.3183078250342,110.601318262538,30.1774022836163,420.571647069967,394.064098208779,1833.80028945397,1860.30783831516,,main,main,20.446535971468453,0.7713476669812349
160,256,22.8112123715174,110.601318262538,30.1774022836163,111.394468216823,30.4722557678459,443.382859441484,420.571647069967,1860.30783831516,1883.11905068668,,main,main,82.98588452310211,3.637942743750007
160,161,30.0284975465163,110.601318262538,30.1774022836163,110.817539812765,30.2942536880483,450.600144616483,420.571647069967,1860.30783831516,1890.33633586168,,main,main,24.514808931837035,0.8163847989351394
159,279,57.2991690456099,110.464237318639,30.3183078250342,110.900027471374,31.6059212548801,451.363267254389,394.064098208779,1833.80028945397,1891.09945849958,,main,main,148.70358945395452,2.5952137165477405
161,200,33.3659608364408,110.817539812765,30.2942536880483,100.726042601102,26.3476591503446,483.966105452924,450.600144616483,1890.33633586168,1923.70229669812,,main,main,1081.4049581101806,32.41042460641861
256,257,51.5603794715455,111.394468216823,30.4722557678459,111.596488314206,31.5663418396878,494.94323891303,443.382859441484,1883.11905068668,1934.67943015822,,main,main,122.82523096161846,2.3821630527254305
161,162,45.8362894816721,110.817539812765,30.2942536880483,118.585091578089,29.8271641228075,496.436434098155,450.600144616483,1890.33633586168,1936.17262534335,,main,main,750.6452440937728,16.37665815846465
143,144,103.339242188184,105.823263820509,25.9515617313598,111.037008220837,27.933392757296,497.552642455705,394.213400267521,1833.94959151271,1937.2888337009,,main,main,562.3194385111265,5.441489860039085
257,258,8.15325892544669,111.596488314206,31.5663418396878,109.993947863995,30.6229330156919,503.096497838476,494.94323891303,1934.67943015822,1942.83268908367,,main,main,185.24794148394005,22.720723477304624
200,203,23.8272988357527,100.726042601102,26.3476591503446,102.477644282521,24.9509608923027,507.793404288677,483.966105452924,1923.70229669812,1947.52959553387,,main,main,234.25076399554672,9.83119260014715
258,259,5.19596665358688,109.993947863995,30.6229330156919,106.207809194024,29.8642791151526,508.292464492063,503.096497838476,1942.83268908367,1948.02865573726,,main,main,373.97212362661054,71.97354189493308
203,226,10.6655261460157,102.477644282521,24.9509608923027,102.482265585696,24.9465609478705,518.458930434692,507.793404288677,1947.52959553387,1958.19512167989,,main,main,0.6748128429434186,0.06327046914563207
162,163,24.6803171528837,118.585091578089,29.8271641228075,118.188086277937,29.8934537179908,521.116751251039,496.436434098155,1936.17262534335,1960.85294249623,,main,main,39.056559842248,1.5824982961243896
200,201,37.5127934356868,100.726042601102,26.3476591503446,98.1639580681138,24.3148627008366,521.478898888611,483.966105452924,1923.70229669812,1961.2150901338,,main,main,342.39150732201546,9.127326332255768
256,272,83.9973750660155,111.394468216823,30.4722557678459,111.559450791682,30.5589467393693,527.3802345075,443.382859441484,1883.11905068668,1967.11642575269,,main,main,18.523812418581755,0.2205284677529918
203,204,20.4699749849175,102.477644282521,24.9509608923027,102.378649351117,25.0311040470256,528.263379273594,507.793404288677,1947.52959553387,1967.99957051879,,main,main,13.36782014470299,0.6530452604144629
226,238,12.0645359446922,102.482265585696,24.9465609478705,104.034041631025,25.1467770893853,530.523466379385,518.458930434692,1958.19512167989,1970.25965762458,,main,main,158.15454210404835,13.109044792860727
144,145,33.848722623032,111.037008220837,27.933392757296,111.455692953936,27.9498948553525,531.401365078737,497.552642455705,1937.2888337009,1971.13755632393,,main,main,41.24531788708732,1.2185191845030625
238,239,2.61914178736168,104.034041631025,25.1467770893853,105.758246758383,25.0693001991774,533.142608166746,530.523466379385,1970.25965762458,1972.87879941194,,main,main,174.11659636310893,66.47849200195476
204,205,4.88830902361475,102.378649351117,25.0311040470256,102.55345662347,25.1015654900112,533.151688297209,528.263379273594,1967.99957051879,1972.8878795424,,main,main,19.28723878571126,3.945585005476793
238,244,4.04874095382987,104.034041631025,25.1467770893853,103.807041952213,25.2864360142656,534.572207333214,530.523466379385,1970.25965762458,1974.30839857841,,main,main,27.615697115932473,6.820811069626387
226,227,16.620644289269,102.482265585696,24.9465609478705,102.443743997016,25.0066516558132,535.079574723961,518.458930434692,1958.19512167989,1974.81576596915,,main,main,7.70946327333394,0.46384864143392446
163,164,14.1799762957847,118.188086277937,29.8934537179908,118.017392791092,28.6742198394628,535.296727546824,521.116751251039,1960.85294249623,1975.03291879202,,main,main,136.15447452531697,9.601883083950696
162,190,44.5638402902349,118.585091578089,29.8271641228075,114.280238677683,23.5161524550375,541.00027438839,496.436434098155,1936.17262534335,1980.73646563358,,main,main,819.8993892415191,18.39831091534498
144,152,43.6647824772369,111.037008220837,27.933392757296,110.673499891068,27.5453087218959,541.217424932942,497.552642455705,1937.2888337009,1980.95361617813,,main,main,55.98261888582965,1.2821000291256284
244,245,6.65007454014984,103.807041952213,25.2864360142656,110.999822541071,24.4044224747524,541.222281873364,534.572207333214,1974.30839857841,1980.95847311856,,main,main,733.457777332276,110.29316632528298
145,148,12.4846286481079,111.455692953936,27.9498948553525,102.106833672772,17.8703786574529,543.885993726845,531.401365078737,1971.13755632393,1983.62218497204,,main,main,1470.355450913408,117.77326281436868
272,273,17.6201385678743,111.559450791682,30.5589467393693,111.50190694215,30.5604038455878,545.000373075374,527.3802345075,1967.11642575269,1984.73656432057,,main,main,5.523135320797452,0.31345583915369657
163,171,25.0143761257674,118.188086277937,29.8934537179908,117.530703641462,28.3132880755083,546.131127376806,521.116751251039,1960.85294249623,1985.867318622,,main,main,186.46420941722613,7.454281828965891
164,167,11.3633772023237,118.017392791092,28.6742198394628,118.046580736155,28.4973167676655,546.660104749147,535.296727546824,1975.03291879202,1986.39629599434,,main,main,19.812808051344916,1.7435668726453426
244,253,12.4794039622996,103.807041952213,25.2864360142656,108.385476494102,23.4965428213278,547.051611295514,534.572207333214,1974.30839857841,1986.78780254071,,main,main,504.94093452378456,40.4619432185396
245,247,7.33746009652162,110.999822541071,24.4044224747524,111.276104117694,24.3492049741136,548.559741969886,541.222281873364,1980.95847311856,1988.29593321508,,main,main,28.689182650907107,3.909960977437879
145,146,20.1711957694962,111.455692953936,27.9498948553525,111.385931588849,28.5259704093823,551.572560848233,531.401365078737,1971.13755632393,1991.30875209343,,main,main,64.20867536934355,3.183186366494089
167,168,5.95315577753079,118.046580736155,28.4973167676655,117.683759392299,27.7275062652834,552.613260526678,546.660104749147,1986.39629599434,1992.34945177187,,main,main,92.46062151267414,15.531362686938513
257,269,59.1193246610158,111.596488314206,31.5663418396878,111.228777044586,31.18490021214,554.062563574045,494.94323891303,1934.67943015822,1993.79875481924,,main,main,54.88381652049583,0.928356621717079
205,207,22.7721761444654,102.55345662347,25.1015654900112,102.712243032198,25.1556288478235,555.923864441674,533.151688297209,1972.8878795424,1995.66005568687,,main,main,17.096064254314413,0.750743545362461
171,175,11.3263150035783,117.530703641462,28.3132880755083,117.967566959196,28.1106516215128,557.457442380385,546.131127376806,1985.867318622,1997.19363362558,,main,main,48.41008255279121,4.274124685521912
239,240,24.7689168945333,105.758246758383,25.0693001991774,105.721568048537,24.9922833401027,557.91152506128,533.142608166746,1972.87879941194,1997.64771630647,,main,main,9.299910305428728,0.37546697520234695
201,202,36.6762184833272,98.1639580681138,24.3148627008366,98.2417596687221,24.4191855069482,558.155117371938,521.478898888611,1961.2150901338,1997.89130861713,,main,main,13.994086685160944,0.3815575123024904
273,277,14.6237343432993,111.50190694215,30.5604038455878,110.937321497223,29.9543089440062,559.624107418673,545.000373075374,1984.73656432057,1999.36029866387,,main,main,86.40916599437666,5.908830396250323
175,188,2.32442704443653,117.967566959196,28.1106516215128,117.913717298966,27.9465481501809,559.781869424821,557.457442380385,1997.19363362558,1999.51806067001,,main,main,18.94119513569723,8.14875871498424
148,149,15.9088773568151,102.106833672772,17.8703786574529,101.430213729472,21.1165635535218,559.79487108366,543.885993726845,1983.62218497204,1999.53106232885,,main,main,366.2972841309763,23.024709784066605
227,228,26.5965964767117,102.443743997016,25.0066516558132,102.638146916926,25.4875287378588,561.676171200673,535.079574723961,1974.81576596915,2001.41236244587,,main,main,56.756275410670085,2.133967609741591
207,208,6.20387431969603,102.712243032198,25.1556288478235,102.947822986859,24.9508372868195,562.12773876137,555.923864441674,1995.66005568687,2001.86393000656,,main,main,32.85907110025443,5.29654042086791
164,165,27.1571622093664,118.017392791092,28.6742198394628,115.929883730929,30.4059554209692,562.45388975619,535.296727546824,1975.03291879202,2002.19008100138,,main,main,278.8903271370077,10.269494470258733
227,234,27.5279747040953,102.443743997016,25.0066516558132,102.720763756848,24.9999796209514,562.607549428057,535.079574723961,1974.81576596915,2002.34374067325,,main,main,27.974179353642324,1.0162091346836584
175,176,5.26182495938697,117.967566959196,28.1106516215128,114.308323506084,22.3295461993719,562.719267339772,557.457442380385,1997.19363362558,2002.45545858496,,main,main,738.8482626443366,140.4167315232045
208,209,0.764108903402185,102.947822986859,24.9508372868195,103.007818480218,24.9358393828404,562.891847664772,562.12773876137,2001.86393000656,2002.62803890997,,main,main,6.282953002287455,8.222588395859136
247,248,14.7503198730545,111.276104117694,24.3492049741136,113.208548812339,24.2113855294435,563.31006184294,548.559741969886,1988.29593321508,2003.04625308813,,main,main,196.79275423104937,13.341592312892498
176,177,0.740214192579685,114.308323506084,22.3295461993719,114.245016167591,22.2009234097431,563.459481532351,562.719267339772,2002.45545858496,2003.19567277754,,main,main,15.66640068412434,21.164685629069226
245,246,22.3255155008502,110.999822541071,24.4044224747524,111.241619734079,23.9620049564209,563.547797374214,541.222281873364,1980.95847311856,2003.28398861941,,main,main,54.81649658310376,2.4553294897497993
168,169,11.1531874901245,117.683759392299,27.7275062652834,118.126929192886,27.4770835022815,563.766448016803,552.613260526678,1992.34945177187,2003.502639262,,main,main,51.80853084331075,4.645177075090345
177,178,0.35849558378392,114.245016167591,22.2009234097431,114.00151927561,22.1683706922955,563.817977116135,563.459481532351,2003.19567277754,2003.55416836133,,main,main,25.368727900023952,70.76440839872305
277,88,4.67805750051735,110.937321497223,29.9543089440062,111.920985967841,30.3623660239126,564.302164919191,559.624107418673,1999.36029866387,2004.03835616438,SC1_DQ648857.1,main,main,105.00180334395822,22.445599125779445
178,182,0.688679383983079,114.00151927561,22.1683706922955,114.056353597895,22.0631568000759,564.506656500118,563.817977116135,2003.55416836133,2004.24284774531,,main,main,12.9516170427469,18.80645383609323
188,189,5.21369939117512,117.913717298966,27.9465481501809,117.632483043595,28.0901852404834,564.995568815996,559.781869424821,1999.51806067001,2004.73176006119,,main,main,31.911487027979412,6.120699456127802
178,179,1.22687464581507,114.00151927561,22.1683706922955,113.92696979617,22.1637702082635,565.04485176195,563.817977116135,2003.55416836133,2004.78104300714,,main,main,7.706000858274391,6.281000984542259
179,180,0.0727308099586139,113.92696979617,22.1637702082635,113.963411361948,22.1720835157915,565.117582571909,565.04485176195,2004.78104300714,2004.8537738171,,main,main,3.8696773163662592,53.20547534900582
269,98,11.0729346784784,111.228777044586,31.18490021214,111.374678458502,30.8983278761534,565.135498252524,554.062563574045,1993.79875481924,2004.87168949772,SC1_DQ412042.1,main,main,34.69111266129348,3.132964626687439
277,87,5.51139083385061,110.937321497223,29.9543089440062,111.164208254317,30.7331838088996,565.135498252524,559.624107418673,1999.36029866387,2004.87168949772,SC1_DQ412043.1,main,main,89.05793701299902,16.158886150118562
253,43,18.1658541701248,108.385476494102,23.4965428213278,108.605790027956,23.0628849164271,565.217465465639,547.051611295514,1986.78780254071,2004.95365671083,SC1_DQ071615.1,main,main,53.05305628073283,2.920482339222057
182,183,0.78890966466766,114.056353597895,22.0631568000759,114.389785767233,22.2128541205362,565.295566164786,564.506656500118,2004.24284774531,2005.03175740998,,main,main,38.183255997198096,48.400035780121115
183,184,0.0606726969251028,114.389785767233,22.2128541205362,114.309949268523,22.2555036451228,565.356238861711,565.295566164786,2005.03175740998,2005.0924301069,,main,main,9.489206337616432,156.39994294847895
177,115,1.97145051012702,114.245016167591,22.2009234097431,114.00315434544,22.5272964758105,565.430932042478,563.459481532351,2003.19567277754,2005.16712328767,SC1_DQ022305.2,main,main,43.89444569924151,22.265050770365725
182,119,0.943453624551747,114.056353597895,22.0631568000759,114.035864166652,22.0864216014101,565.45011012467,564.506656500118,2004.24284774531,2005.18630136986,SC1_DQ084199.1,main,main,3.3329175776713247,3.5326776970673657
179,113,0.462792609295175,113.92696979617,22.1637702082635,113.931590138249,22.1583047451037,565.507644371245,565.04485176195,2004.78104300714,2005.24383561644,SC1_DQ084200.1,main,main,0.7703162433912447,1.664495560040215
180,181,0.485479774362133,113.963411361948,22.1720835157915,114.023789506036,22.2266744771318,565.603062346271,565.117582571909,2004.8537738171,2005.33925359146,,main,main,8.677881730795333,17.874857386586523
209,210,2.73499247701136,103.007818480218,24.9358393828404,103.031834971893,24.9642504999125,565.626840141784,562.891847664772,2002.62803890997,2005.36303138698,,main,main,3.9733371236773976,1.452778081502889
273,274,20.9064700825024,111.50190694215,30.5604038455878,113.859338723145,28.9408694197737,565.906843157876,545.000373075374,1984.73656432057,2005.64303440307,,main,main,290.1994534702649,13.880844175275023
176,187,3.22861229526174,114.308323506084,22.3295461993719,114.17634433384,22.2157820865345,565.947879635033,562.719267339772,2002.45545858496,2005.68407088023,,main,main,18.539668890762858,5.742302635089193
184,123,0.663734276657735,114.309949268523,22.2555036451228,114.320899933138,22.2568984427081,566.019973138369,565.356238861711,2005.0924301069,2005.75616438356,SC1_GQ153540.1,main,main,1.1392648516871158,1.7164472165336062
181,118,0.416910792097763,114.023789506036,22.2266744771318,114.015908598186,22.2367771469082,566.019973138369,565.603062346271,2005.33925359146,2005.75616438356,SC1_GQ153539.1,main,main,1.3826081610089738,3.3163165531218985
259,260,57.7727776717154,106.207809194024,29.8642791151526,125.414337097057,41.7860212513552,566.065242163779,508.292464492063,1948.02865573726,2005.80143340897,,main,main,2173.5270893456927,37.621993903364206
184,185,0.738498762098068,114.309949268523,22.2555036451228,114.360044117466,22.4336123778595,566.094737623809,565.356238861711,2005.0924301069,2005.830928869,,main,main,20.38676228501335,27.60568240777378
185,117,0.16359167894317,114.360044117466,22.4336123778595,114.407450172807,22.4796306704303,566.258329302752,566.094737623809,2005.830928869,2005.99452054795,SC1_GQ153541.1,main,main,7.055283292940317,43.12739705661463
228,28,4.6259937185176,102.638146916926,25.4875287378588,107.629094397369,25.329379345561,566.302164919191,561.676171200673,2001.41236244587,2006.03835616438,SC1_FJ588686.1,main,main,502.4342087169082,108.61108753902788
187,111,0.477572955390245,114.17634433384,22.2157820865345,114.149154172,22.2083503605563,566.425452590424,565.947879635033,2005.68407088023,2006.16164383562,SC1_GQ153543.1,main,main,2.9218071530117697,6.118033108939843
187,112,0.477572955390245,114.17634433384,22.2157820865345,114.264349860923,22.2230519324956,566.425452590424,565.947879635033,2005.68407088023,2006.16164383562,SC1_GQ153542.1,main,main,9.10923419336237,19.07401600226468
185,186,0.675272576299159,114.360044117466,22.4336123778595,114.395334286599,22.5569299952008,566.770010200108,566.094737623809,2005.830928869,2006.5062014453,,main,main,14.130401516242475,20.925478113866763
186,121,0.186949239630378,114.395334286599,22.5569299952008,114.12255774975,22.4867938274089,566.956959439739,566.770010200108,2006.5062014453,2006.69315068493,SC1_GQ153545.1,main,main,29.118178364351582,155.7544626654907
186,120,0.186949239630378,114.395334286599,22.5569299952008,114.391284145033,22.5638942864853,566.956959439739,566.770010200108,2006.5062014453,2006.69315068493,SC1_GQ153544.1,main,main,0.8765223316690641,4.6885578855632595
260,267,1.39182703549091,125.414337097057,41.7860212513552,125.52590398451,41.7878485847834,567.45706919927,566.065242163779,2005.80143340897,2007.19326044446,,main,main,9.276392305351337,6.664903086955391
209,223,4.57037110881689,103.007818480218,24.9358393828404,102.989360362295,25.026927822638,567.462218773589,562.891847664772,2002.62803890997,2007.19841001878,,main,main,10.260765792189213,2.245061844626741
181,116,1.8771847647004,114.023789506036,22.2266744771318,113.935449568439,22.2920194739918,567.480247110971,565.603062346271,2005.33925359146,2007.21643835616,SC1_GQ153546.1,main,main,11.630486080485223,6.1957066236585705
183,114,2.37372204207586,114.389785767233,22.2128541205362,114.395878931506,22.0874095756961,567.669288206862,565.295566164786,2005.03175740998,2007.40547945205,SC1_GQ153547.1,main,main,13.904976103992624,5.857878832279995
269,270,14.1106029821989,111.228777044586,31.18490021214,112.424579603125,34.9216305235406,568.173166556244,554.062563574045,1993.79875481924,2007.90935780144,,main,main,429.1976701781285,30.416678204296357
180,122,3.05581522399418,113.963411361948,22.1720835157915,114.006222191825,22.2304690141281,568.173397795903,565.117582571909,2004.8537738171,2007.9095890411,SC1_GQ153548.1,main,main,7.828562827890458,2.5618573945246395
146,147,16.7309858679819,111.385931588849,28.5259704093823,100.446751700072,23.1885902332509,568.303546716215,551.572560848233,1991.30875209343,2008.03973796141,,main,main,1244.923859451529,74.40827870364417
190,191,28.7501423286678,114.280238677683,23.5161524550375,114.163136602937,23.511675112968,569.750416717058,541.00027438839,1980.73646563358,2009.48660796225,,main,main,11.969946071371988,0.41634388917220505
210,211,4.12520234755704,103.031834971893,24.9642504999125,102.966661062014,24.9410224890126,569.752042489341,565.626840141784,2005.36303138698,2009.48823373453,,main,main,7.066889679469101,1.7131013424478776
248,249,6.47339263597247,113.208548812339,24.2113855294435,113.230145231834,24.1913531147534,569.783454478913,563.31006184294,2003.04625308813,2009.51964572411,,main,main,3.1204082527831756,0.48203599383778306
191,192,0.167543535282309,114.163136602937,23.511675112968,114.164815986211,23.4759055968329,569.91796025234,569.750416717058,2009.48660796225,2009.65415149753,,main,main,3.9652208567033123,23.666809047701893
205,206,37.4835727655008,102.55345662347,25.1015654900112,101.96653072756,25.1634813512009,570.63526106271,533.151688297209,1972.8878795424,2010.3714523079,,main,main,59.58253999658002,1.5895640570158964
210,213,5.41879155649385,103.031834971893,24.9642504999125,103.150781601257,25.0405028022207,571.045631698278,565.626840141784,2005.36303138698,2010.78182294347,,main,main,14.680776399624078,2.709234383085047
201,21,49.82326603058,98.1639580681138,24.3148627008366,99.1087514149077,24.5437273323273,571.302164919191,521.478898888611,1961.2150901338,2011.03835616438,SC1_JX993988.1,main,main,99.10935681810906,1.9892183855887482
202,20,13.1470475472528,98.2417596687221,24.4191855069482,98.9720712989917,25.2315759269441,571.302164919191,558.155117371938,1997.89130861713,2011.03835616438,SC1_KF569996.1,main,main,116.39808105356678,8.853552908758534
223,224,3.8993882174345,102.989360362295,25.026927822638,102.819839160345,25.0122274905313,571.361606991024,567.462218773589,2007.19841001878,2011.09779823622,,main,main,17.18777957371497,4.407814409672505
213,214,0.350741902506847,103.150781601257,25.0405028022207,103.102470288626,24.9719358632121,571.396373600785,571.045631698278,2010.78182294347,2011.13256484598,,main,main,9.026216857495369,25.73464075145445
208,64,9.46483711672461,102.947822986859,24.9508372868195,103.023147402716,24.9316929295877,571.592575878095,562.12773876137,2001.86393000656,2011.32876712329,SC1_KC881005.1,main,main,7.897660120409741,0.8344211340366727
234,235,9.01278710093389,102.720763756848,24.9999796209514,103.055223883543,24.9187807088465,571.62033652899,562.607549428057,2002.34374067325,2011.35652777418,,main,main,34.95202016860602,3.8780479087300694
267,268,4.50275025378459,125.52590398451,41.7878485847834,125.554823984089,41.8197265981757,571.959819453054,567.45706919927,2007.19326044446,2011.69601069825,,main,main,4.279329357446486,0.9503812373003996
258,110,68.8714205053718,109.993947863995,30.6229330156919,107.736657191103,32.9871940259642,571.967918343848,503.096497838476,1942.83268908367,2011.70410958904,SC1_JX993987.1,main,main,338.22975605493883,4.91103208810043
211,212,2.26708405818784,102.966661062014,24.9410224890126,102.981203208337,24.9376300488397,572.019126547529,569.752042489341,2009.48823373453,2011.75531779272,,main,main,1.5160626176193472,0.6687280130367946
214,215,0.645289775964381,103.102470288626,24.9719358632121,103.075968619211,24.9683989962569,572.041663376749,571.396373600785,2011.13256484598,2011.77785462194,,main,main,2.704519934476481,4.191171215187154
223,225,4.81577215203117,102.989360362295,25.026927822638,102.959610380142,25.023329880449,572.277990925621,567.462218773589,2007.19841001878,2012.01418217081,,main,main,3.02898783771452,0.6289724144106299
240,241,14.3695279711542,105.721568048537,24.9922833401027,105.588678971427,25.0189595748345,572.281053032434,557.91152506128,1997.64771630647,2012.01724427763,,main,main,13.736167416300473,0.955923356972814
202,19,14.1470475472528,98.2417596687221,24.4191855069482,98.3927895605811,24.3723606683961,572.302164919191,558.155117371938,1997.89130861713,2012.03835616438,SC1_KU973692.1,main,main,16.174307143754397,1.143299129357579
188,124,12.5202954943695,117.913717298966,27.9465481501809,118.932002461788,27.9428544014956,572.302164919191,559.781869424821,1999.51806067001,2012.03835616438,SC1_KF294457.1,main,main,100.21206180842113,8.003969383429286
270,95,4.12899836294623,112.424579603125,34.9216305235406,112.455083064173,34.9101289349619,572.302164919191,568.173166556244,2007.90935780144,2012.03835616438,SC1_KY770860.1,main,main,3.0656158312463075,0.7424599289641883
268,101,0.342345466136441,125.554823984089,41.8197265981757,125.586791328331,41.8606213458013,572.302164919191,571.959819453054,2011.69601069825,2012.03835616438,SC1_KJ473811.1,main,main,5.261293466884411,15.36837489411218
270,271,4.14804273019204,112.424579603125,34.9216305235406,112.618547710956,35.2286124845654,572.321209286436,568.173166556244,2007.90935780144,2012.05740053163,,main,main,38.377775517391875,9.252020293343293
152,154,31.1441779269757,110.673499891068,27.5453087218959,122.22703643369,30.226184795915,572.361602859918,541.217424932942,1980.95361617813,2012.09779410511,,main,main,1164.8884968714463,37.40309022131779
225,82,0.237288747668504,102.959610380142,25.023329880449,102.984313444058,25.0775208147355,572.515279673289,572.277990925621,2012.01418217081,2012.25147091848,SC1_KC881006.1,main,main,6.499920928216852,27.39245325403015
225,81,0.690840660236905,102.959610380142,25.023329880449,102.779476672909,24.9465760728392,572.968831585857,572.277990925621,2012.01418217081,2012.70502283105,SC1_KF367457.1,main,main,20.07597450885127,29.060209776834444
235,236,1.34990734555333,103.055223883543,24.9187807088465,102.78716123007,24.9173529882884,572.970243874544,571.62033652899,2011.35652777418,2012.70643511974,,main,main,27.079324370713632,20.060135578870977
234,33,10.4077302452324,102.720763756848,24.9999796209514,102.711198589979,25.0207570417557,573.015279673289,562.607549428057,2002.34374067325,2012.75147091848,SC1_KY417145.1,main,main,2.49589604799334,0.23981175426185422
211,65,3.26323718394816,102.966661062014,24.9410224890126,102.774699153071,24.9478153133327,573.015279673289,569.752042489341,2009.48823373453,2012.75147091848,SC1_KY417144.1,main,main,19.401875566160278,5.945591592789505
236,32,0.045035798745138,102.78716123007,24.9173529882884,102.790853819174,24.9260505058685,573.015279673289,572.970243874544,2012.70643511974,2012.75147091848,SC1_KY417143.1,main,main,1.033124389406449,22.940070303915363
236,237,0.209233794982845,102.78716123007,24.9173529882884,102.743210782166,24.9027325205131,573.179477669527,572.970243874544,2012.70643511974,2012.91566891472,,main,main,4.726173892062048,22.588004449518042
142,18,450.952218318088,107.349323923896,28.5199550858084,141.597519192343,39.2262355431346,573.302164919191,122.349946601102,1562.0861378463,2013.03835616438,SC1_LC556375.1,main,main,3359.609458494846,7.450034220976111
279,139,121.938897664802,110.900027471374,31.6059212548801,111.002246746811,31.6900570309169,573.302164919191,451.363267254389,1891.09945849958,2013.03835616438,SC1_KJ473814.1,main,main,13.455042113322396,0.11034249424091876
247,44,24.7424229493047,111.276104117694,24.3492049741136,111.501033300045,24.4819357150327,573.302164919191,548.559741969886,1988.29593321508,2013.03835616438,SC1_KJ473815.1,main,main,27.13980753406491,1.0968936869955002
212,78,1.28303837166197,102.981203208337,24.9376300488397,102.988478721789,24.9592186483305,573.302164919191,572.019126547529,2011.75531779272,2013.03835616438,SC1_KJ473816.1,main,main,2.5017498388234394,1.9498636159905527
241,35,1.02111188675688,105.588678971427,25.0189595748345,105.574686853989,24.977634492907,573.302164919191,572.281053032434,2012.01724427763,2013.03835616438,SC1_KY770859.1,main,main,4.790672346384956,4.691623326020084
241,36,1.02111188675688,105.588678971427,25.0189595748345,105.666153925631,25.2436804506412,573.302164919191,572.281053032434,2012.01724427763,2013.03835616438,SC1_KY770858.1,main,main,26.09064255096374,25.551208334112506
271,97,0.980955632754187,112.618547710956,35.2286124845654,112.55322960977,35.2529516993436,573.302164919191,572.321209286436,2012.05740053163,2013.03835616438,SC1_KJ473813.1,main,main,6.529754462751971,6.656523745542558
271,96,0.980955632754187,112.618547710956,35.2286124845654,114.29584723343,36.6218283241375,573.302164919191,572.321209286436,2012.05740053163,2013.03835616438,SC1_KJ473812.1,main,main,216.35177425906403,220.55204846688372
272,278,46.0792439117387,111.559450791682,30.5589467393693,110.635969511909,29.7718758869161,573.459478419238,527.3802345075,1967.11642575269,2013.19566966443,,main,main,124.60115086109984,2.7040623995429245
224,79,2.23096888707104,102.819839160345,25.0122274905313,102.820803657192,25.0182110169655,573.592575878095,571.361606991024,2011.09779823622,2013.32876712329,SC1_KY417149.1,main,main,0.6699253750423029,0.30028449922572614
214,73,2.19620227731036,103.102470288626,24.9719358632121,103.0673202585,24.8881961720687,573.592575878095,571.396373600785,2011.13256484598,2013.32876712329,SC1_KY417147.1,main,main,9.932247889700772,4.522464980714151
235,29,1.97223934910433,103.055223883543,24.9187807088465,103.011978873026,24.6736049974965,573.592575878095,571.62033652899,2011.35652777418,2013.32876712329,SC1_KY417148.1,main,main,27.507858611828937,13.947525499033024
215,77,1.55091250134598,103.075968619211,24.9683989962569,102.609688628567,24.9530969602442,573.592575878095,572.041663376749,2011.77785462194,2013.32876712329,SC1_KY417146.1,main,main,47.11642706431708,30.37980996569856
206,85,3.05594495237141,101.96653072756,25.1634813512009,101.985863795779,25.1381844323954,573.691206015081,570.63526106271,2010.3714523079,2013.42739726027,SC1_KP886808.1,main,main,3.4135655028413643,1.1170245393957248
206,86,3.05594495237141,101.96653072756,25.1634813512009,102.087999984345,25.3983757395768,573.691206015081,570.63526106271,2010.3714523079,2013.42739726027,SC1_KP886809.1,main,main,28.753537231705945,9.409049469098987
237,30,0.673372181170745,102.743210782166,24.9027325205131,102.623944128291,24.6665328183802,573.852849850697,573.179477669527,2012.91566891472,2013.58904109589,SC1_KY417150.1,main,main,28.80984689056692,42.784432882981974
237,31,0.673372181170745,102.743210782166,24.9027325205131,102.698339667492,24.9474507219647,573.852849850697,573.179477669527,2012.91566891472,2013.58904109589,SC1_KT444582.1,main,main,6.714218388968546,9.971036191746153
267,109,6.42591763772921,125.52590398451,41.7878485847834,125.984088065142,41.6825227543131,573.882986836999,567.45706919927,2007.19326044446,2013.61917808219,SC1_KU182964.1,main,main,39.87253974795918,6.204956551862892
215,216,2.11462569386619,103.075968619211,24.9683989962569,102.780982390928,25.004257341272,574.156289070615,572.041663376749,2011.77785462194,2013.89248031581,,main,main,30.04589276369409,14.208610465127236
165,166,11.7044916570338,115.929883730929,30.4059554209692,115.605365652728,30.7027670361189,574.158381413224,562.45388975619,2002.19008100138,2013.89457265842,,main,main,45.3011350577442,3.870406027460452
216,72,0.504779958164637,102.780982390928,25.004257341272,102.702799355053,24.9226695929257,574.66106902878,574.156289070615,2013.89248031581,2014.39726027397,SC1_KY417142.1,main,main,12.000379197043136,23.773485858424554
216,217,0.702630389717318,102.780982390928,25.004257341272,102.806523675309,24.9389522967562,574.858919460332,574.156289070615,2013.89248031581,2014.59511070553,,main,main,7.67997002139045,10.93031291242648
217,218,0.182896185787685,102.806523675309,24.9389522967562,102.699675207875,24.8301789401549,575.04181564612,574.858919460332,2014.59511070553,2014.77800689131,,main,main,16.178375371845483,88.45660341231034
240,34,17.2015987620207,105.721568048537,24.9922833401027,102.676719145643,25.0383687471471,575.1131238233,557.91152506128,1997.64771630647,2014.84931506849,SC1_KY417151.1,main,main,307.37554591901386,17.869010326974163
274,275,9.28805064337178,113.859338723145,28.9408694197737,113.698071639798,28.2843906965848,575.194893801248,565.906843157876,2005.64303440307,2014.93108504644,,main,main,74.44696582484904,8.01534882650285
149,151,15.5566614826059,101.430213729472,21.1165635535218,101.646951695591,21.6144342462486,575.351532566266,559.79487108366,1999.53106232885,2015.08772381146,,main,main,59.53220484720854,3.826798244197333
249,250,5.83475183178967,113.230145231834,24.1913531147534,114.299921632118,24.3540676257183,575.618206310702,569.783454478913,2009.51964572411,2015.3543975559,,main,main,110.10573637104658,18.870680286889645
154,12,3.43645247023194,122.22703643369,30.226184795915,122.131354594846,29.7760714317657,575.79805533015,572.361602859918,2012.09779410511,2015.53424657534,SC1_MG772934.1,main,main,50.74302986358499,14.76610845141709
224,80,4.72959902405714,102.819839160345,25.0122274905313,102.937959037431,24.6633681612745,576.091206015081,571.361606991024,2011.09779823622,2015.82739726027,SC1_KY417152.1,main,main,40.445819830343716,8.551638230770887
192,194,6.34836103673209,114.164815986211,23.4759055968329,114.182176675043,23.5803132705498,576.266321289072,569.91796025234,2009.65415149753,2016.00251253426,,main,main,11.698418243008012,1.8427462104502395
194,195,0.0961092520357534,114.182176675043,23.5803132705498,114.2443362572,23.5801239884496,576.362430541108,576.266321289072,2016.00251253426,2016.0986217863,,main,main,6.345229098095759,66.0210017630278
217,222,1.60637180772651,102.806523675309,24.9389522967562,102.793875962246,24.915987057047,576.465291268059,574.858919460332,2014.59511070553,2016.20148251325,,main,main,2.8466702964338855,1.77211171332916
268,100,4.63469519291235,125.554823984089,41.8197265981757,127.265056195922,35.4901989193792,576.594514645967,571.959819453054,2011.69601069825,2016.33070589116,SC1_KY938558.1,main,main,718.1865357591922,154.95874180841182
250,251,0.990241280595141,114.299921632118,24.3540676257183,114.191592378396,23.7715642683027,576.608447591298,575.618206310702,2015.3543975559,2016.34463883649,,main,main,65.45148212446449,66.09649931492227
218,219,1.70123029726544,102.699675207875,24.8301789401549,102.874304146464,24.9261907754061,576.743045943385,575.04181564612,2014.77800689131,2016.47923718858,,main,main,20.603318338183676,12.110834359875602
191,54,7.04901596169568,114.163136602937,23.511675112968,114.233745438925,23.5778427433516,576.799432678754,569.750416717058,2009.48660796225,2016.53562392395,SC1_OK017812.1,main,main,10.280117245952756,1.4583762190091305
219,220,0.0834000244950248,102.874304146464,24.9261907754061,102.85513996742,25.0940277414599,576.826445967881,576.743045943385,2016.47923718858,2016.56263721307,,main,main,18.692179545199163,224.12678723270926
220,221,0.0133754209746737,102.85513996742,25.0940277414599,102.818936502284,25.09597821206,576.839821388855,576.826445967881,2016.56263721307,2016.57601263405,,main,main,3.658313734552651,273.5101752295985
279,140,125.520864877917,110.900027471374,31.6059212548801,107.607012373974,31.0217880053604,576.884132132305,451.363267254389,1891.09945849958,2016.6203233775,SC1_MK211374.1,main,main,320.0688394367436,2.549925382907823
259,99,68.591667640242,106.207809194024,29.8642791151526,106.89878856139,30.8868965628383,576.884132132305,508.292464492063,1948.02865573726,2016.6203233775,SC1_OK017846.1,main,main,131.38844512616242,1.9155161209271756
218,67,1.84231648618528,102.699675207875,24.8301789401549,102.530953875318,24.9293974791813,576.884132132305,575.04181564612,2014.77800689131,2016.6203233775,SC1_OK017848.1,main,main,20.28445912686294,11.010301041632731
219,69,0.141086188919842,102.874304146464,24.9261907754061,103.11681112119,24.8762017306519,576.884132132305,576.743045943385,2016.47923718858,2016.6203233775,SC1_OK017849.1,main,main,25.11859011942364,178.037200605757
220,71,0.0576861644248172,102.85513996742,25.0940277414599,103.009834927611,25.1356795845533,576.884132132305,576.826445967881,2016.56263721307,2016.6203233775,SC1_OK017851.1,main,main,16.26986795418762,282.0410772047821
221,70,0.0443107434501435,102.818936502284,25.09597821206,102.823471832433,25.0984277675397,576.884132132305,576.839821388855,2016.57601263405,2016.6203233775,SC1_OK017847.1,main,main,0.5319009814525791,12.003883032363262
221,68,0.0443107434501435,102.818936502284,25.09597821206,102.812484236483,25.1148239706849,576.884132132305,576.839821388855,2016.57601263405,2016.6203233775,SC1_OK017850.1,main,main,2.1867176925911744,49.349605136992864
195,197,0.584273034939221,114.2443362572,23.5801239884496,114.533222655487,23.796392802768,576.946703576047,576.362430541108,2016.0986217863,2016.68289482124,,main,main,37.97255607963164,64.99111512750495
213,75,5.92319988757975,103.150781601257,25.0405028022207,102.745703131286,25.3622947863197,576.968831585857,571.045631698278,2010.78182294347,2016.70502283105,SC1_MK211376.1,main,main,54.198073992465915,9.150134221556979
212,66,4.94970503832872,102.981203208337,24.9376300488397,103.044950509038,24.9581229008902,576.968831585857,572.019126547529,2011.75531779272,2016.70502283105,SC1_MK211375.1,main,main,6.826493332543531,1.3791717445143987
222,76,0.503540317798504,102.793875962246,24.915987057047,102.895948008853,24.9325805833403,576.968831585857,576.465291268059,2016.20148251325,2016.70502283105,SC1_MK211378.1,main,main,10.473048644571728,20.798828364648667
222,74,0.503540317798504,102.793875962246,24.915987057047,102.844289898984,25.1721391685113,576.968831585857,576.465291268059,2016.20148251325,2016.70502283105,SC1_MK211377.1,main,main,28.827347824394938,57.249333976729254
154,11,5.02549356612219,122.22703643369,30.226184795915,122.209698950911,30.227393683931,577.38709642604,572.361602859918,2012.09779410511,2017.12328767123,SC1_MG772933.1,main,main,1.6743840849557483,0.3331780377241134
195,196,1.21713623031281,114.2443362572,23.5801239884496,114.090704320427,23.5875825117471,577.579566771421,576.362430541108,2016.0986217863,2017.31575801661,,main,main,15.703918731192982,12.902350895558337
194,198,1.35754489955566,114.182176675043,23.5803132705498,114.361816340441,23.5287854922605,577.623866188628,576.266321289072,2016.00251253426,2017.36005743382,,main,main,19.208343441285248,14.149324598819794
198,199,0.0355018186428362,114.361816340441,23.5287854922605,114.249385057371,23.5701773267586,577.659368007271,577.623866188628,2017.36005743382,2017.39555925246,,main,main,12.361036963671262,348.1803872649087
192,193,7.95374621206311,114.164815986211,23.4759055968329,113.811636097418,22.7445393161704,577.871706464403,569.91796025234,2009.65415149753,2017.6078977096,,main,main,88.70854305152177,11.15305174270978
246,62,14.3351894627843,111.241619734079,23.9620049564209,112.004602796042,23.1628296261529,577.882986836999,563.547797374214,2003.28398861941,2017.61917808219,SC1_OK017792.1,main,main,117.90480574154078,8.224851582717786
190,51,36.9676439554582,114.280238677683,23.5161524550375,114.408030463399,23.5904099601296,577.967918343848,541.00027438839,1980.73646563358,2017.70410958904,SC1_OK017823.1,main,main,15.423188041075086,0.4172077630821772
250,50,2.34971203314575,114.299921632118,24.3540676257183,114.292427336488,24.3656133519403,577.967918343848,575.618206310702,2015.3543975559,2017.70410958904,SC1_OK017824.1,main,main,1.4878459164615898,0.6332035140789954
251,49,1.35947075255061,114.191592378396,23.7715642683027,113.883552399753,23.6193495617884,577.967918343848,576.608447591298,2016.34463883649,2017.70410958904,SC1_OK017822.1,main,main,35.654267505184414,26.22657930543238
197,57,1.02121476780106,114.533222655487,23.796392802768,114.964383533176,23.7022604380706,577.967918343848,576.946703576047,2016.68289482124,2017.70410958904,SC1_OK017820.1,main,main,45.175390781558555,44.236914903642536
197,56,1.02121476780106,114.533222655487,23.796392802768,115.36278495583,22.8403985407017,577.967918343848,576.946703576047,2016.68289482124,2017.70410958904,SC1_OK017814.1,main,main,135.67760483796047,132.85903133785416
196,61,0.388351572427473,114.090704320427,23.5875825117471,114.002597885473,23.5611954189858,577.967918343848,577.579566771421,2017.31575801661,2017.70410958904,SC1_OK017821.1,main,main,9.457093682572806,24.351887191956653
196,55,0.388351572427473,114.090704320427,23.5875825117471,116.056674800561,24.7041082557299,577.967918343848,577.579566771421,2017.31575801661,2017.70410958904,SC1_OK017817.1,main,main,234.9825292081718,605.0768064085956
198,58,0.344052155220377,114.361816340441,23.5287854922605,114.248238467639,23.0958837756905,577.967918343848,577.623866188628,2017.36005743382,2017.70410958904,SC1_OK017818.1,main,main,49.3306104712357,143.38119881748096
199,60,0.30855033657754,114.249385057371,23.5701773267586,114.269495076253,23.5659023644668,577.967918343848,577.659368007271,2017.39555925246,2017.70410958904,SC1_OK017815.1,main,main,2.1068893036233995,6.82834874527492
199,59,0.30855033657754,114.249385057371,23.5701773267586,114.163946927247,23.553214088527,577.967918343848,577.659368007271,2017.39555925246,2017.70410958904,SC1_OK017816.1,main,main,8.922698321306664,28.91812862782067
193,52,0.0962118794450153,113.811636097418,22.7445393161704,113.791868802075,22.7391528895053,577.967918343848,577.871706464403,2017.6078977096,2017.70410958904,SC1_OK017813.1,main,main,2.116232198768659,21.995539542266993
193,53,0.0962118794450153,113.811636097418,22.7445393161704,113.857427240515,22.7139724016326,577.967918343848,577.871706464403,2017.6078977096,2017.70410958904,SC1_OK017819.1,main,main,5.795268971879103,60.23444303664264
248,252,14.7973284495777,113.208548812339,24.2113855294435,113.351297551555,23.9554243296819,578.107390292518,563.31006184294,2003.04625308813,2017.84358153771,,main,main,31.850117633844707,2.152423509579777
260,261,12.1008791700482,125.414337097057,41.7860212513552,124.252402972933,42.3934697133093,578.166121333827,566.065242163779,2005.80143340897,2017.90231257902,,main,main,117.44526033006305,9.705514672087684
275,276,3.31801902826506,113.698071639798,28.2843906965848,113.605573688493,28.2799917689575,578.512912829513,575.194893801248,2014.93108504644,2018.24910407471,,main,main,9.087544967659673,2.7388465497774455
171,172,32.4429590482967,117.530703641462,28.3132880755083,117.542308870936,28.2705917901685,578.574086425103,546.131127376806,1985.867318622,2018.3102776703,,main,main,4.866800724857672,0.15001099984784483
147,8,10.5794401207836,100.446751700072,23.1885902332509,99.70990899733,23.8785883413862,578.882986836999,568.303546716215,2008.03973796141,2018.61917808219,SC1_MW703458.1,main,main,107.24328563762838,10.136952845637454
261,262,0.76807146486028,124.252402972933,42.3934697133093,124.262784306582,42.3877650014739,578.934192798687,578.166121333827,2017.90231257902,2018.67038404388,,main,main,1.0640841469583127,1.3853973173601501
152,153,37.9061490448144,110.673499891068,27.5453087218959,111.155159553161,27.3799228593478,579.123573977756,541.217424932942,1980.95361617813,2018.85976522295,,main,main,51.0152757242699,1.345831138477224
228,229,17.5043986926431,102.638146916926,25.4875287378588,102.750891323053,24.9042595451469,579.180569893316,561.676171200673,2001.41236244587,2018.91676113851,,main,main,65.60375221205945,3.7478438056619425
229,233,0.0007438995182895,102.750891323053,24.9042595451469,102.758342726112,24.9042438421953,579.181313792834,579.180569893316,2018.91676113851,2018.91750503803,,main,main,0.7528037183737024,1011.9696274366147
253,254,32.1309896167221,108.385476494102,23.4965428213278,115.129611178825,26.4364243394866,579.182600912236,547.051611295514,1986.78780254071,2018.91879215743,,main,main,754.6910283617108,23.487948468569517
151,6,4.43008440771932,101.646951695591,21.6144342462486,101.549661206566,21.5961101121167,579.781616973985,575.351532566266,2015.08772381146,2019.51780821918,SC1_EPI_ISL_412977,main,main,10.276276640130824,2.3196570752071106
262,263,0.946672058247273,124.262784306582,42.3877650014739,124.40238882124,42.4136632017482,579.880864856935,578.934192798687,2018.67038404388,2019.61705610213,,main,main,11.848049198983222,12.515473648730513
252,45,1.77559654448076,113.351297551555,23.9554243296819,113.403708228633,24.0131314396443,579.882986836999,578.107390292518,2017.84358153771,2019.61917808219,SC1_OK017825.1,main,main,8.324546927262622,4.688309939067256
252,46,1.77559654448076,113.351297551555,23.9554243296819,113.344323878621,23.8077481534437,579.882986836999,578.107390292518,2017.84358153771,2019.61917808219,SC1_OK017826.1,main,main,16.371511206081923,9.2202878277562
274,89,14.0610751859719,113.859338723145,28.9408694197737,110.982881636643,25.7264355427499,579.967918343848,565.906843157876,2005.64303440307,2019.70410958904,SC1_OK017859.1,main,main,455.9128757351678,32.423756341905595
249,47,10.1844638649354,113.230145231834,24.1913531147534,112.975599743544,23.441334276421,579.967918343848,569.783454478913,2009.51964572411,2019.70410958904,SC1_OK017827.1,main,main,87.02377926087266,8.544758017208071
251,48,3.35947075255061,114.191592378396,23.7715642683027,114.136737649287,23.8326934210602,579.967918343848,576.608447591298,2016.34463883649,2019.70410958904,SC1_OK017828.1,main,main,8.779915509108614,2.6134817522797724
229,230,0.815107881823285,102.750891323053,24.9042595451469,102.639488638402,24.8423258562905,579.995677775139,579.180569893316,2018.91676113851,2019.73186902033,,main,main,13.18331449400325,16.17370508614636
230,231,0.0462363762682569,102.639488638402,24.8423258562905,102.566302799978,24.8145527165953,580.041914151408,579.995677775139,2019.73186902033,2019.7781053966,,main,main,8.012487637774965,173.29402268221992
263,264,0.244683113318927,124.40238882124,42.4136632017482,124.418820070411,42.4236463153382,580.125547970253,579.880864856935,2019.61705610213,2019.86173921545,,main,main,1.7489084812141351,7.1476468379514095
262,266,1.23239553632887,124.262784306582,42.3877650014739,124.666547299712,41.8397117380776,580.166588335016,578.934192798687,2018.67038404388,2019.90277958021,,main,main,69.43215226602588,56.33917863160583
149,150,20.4903952177179,101.430213729472,21.1165635535218,101.981400213499,18.6826885593557,580.285266301378,559.79487108366,1999.53106232885,2020.02145754657,,main,main,275.54882881692066,13.44770688359664
239,242,47.3611689602914,105.758246758383,25.0693001991774,106.989185443499,26.1871332504855,580.503777127038,533.142608166746,1972.87879941194,2020.23996837223,,main,main,174.97824017102081,3.694550704982097
169,170,16.7720269018998,118.126929192886,27.4770835022815,118.133244029944,27.5292809666153,580.538474918702,563.766448016803,2003.502639262,2020.2746661639,,main,main,5.817636765787976,0.3468654563825557
264,265,0.53291775071974,124.418820070411,42.4236463153382,124.352748476265,42.3632851497375,580.658465720973,580.125547970253,2019.86173921545,2020.39465696617,,main,main,8.63439470731866,16.20211504619118
231,232,0.635837241298955,102.566302799978,24.8145527165953,102.499162023944,24.5742603131398,580.677751392707,580.041914151408,2019.7781053966,2020.4139426379,,main,main,27.470336209545373,43.20340871105015
151,5,5.3468072163128,101.646951695591,21.6144342462486,101.60435336422,21.2466001830285,580.698339782579,575.351532566266,2015.08772381146,2020.43453102777,SC1_MZ081381.1,main,main,40.966293167305636,7.661823497641704
207,83,24.7936010239646,102.712243032198,25.1556288478235,105.163557199128,23.5640865319223,580.717465465639,555.923864441674,1995.66005568687,2020.45365671083,SC1_OK017858.1,main,main,304.84990753513375,12.295507507783029
233,23,1.53615167280439,102.758342726112,24.9042438421953,102.795011096622,24.86853946002,580.717465465639,579.181313792834,2018.91750503803,2020.45365671083,SC1_OK017856.1,main,main,5.419383469532346,3.527896083098845
233,24,1.53615167280439,102.758342726112,24.9042438421953,102.733576391536,24.8501679480156,580.717465465639,579.181313792834,2018.91750503803,2020.45365671083,SC1_OK017853.1,main,main,6.491829446612361,4.226034161562259
230,22,0.721787690499391,102.639488638402,24.8423258562905,102.637172465501,24.8304299847789,580.717465465639,579.995677775139,2019.73186902033,2020.45365671083,SC1_OK017857.1,main,main,1.3383489128440318,1.8542140998803318
231,27,0.675551314231134,102.566302799978,24.8145527165953,102.591118189641,24.5522804212865,580.717465465639,580.041914151408,2019.7781053966,2020.45365671083,SC1_OK017854.1,main,main,29.159786008211636,43.16442791825414
232,25,0.039714072932179,102.499162023944,24.5742603131398,102.535077567396,24.5549202679768,580.717465465639,580.677751392707,2020.4139426379,2020.45365671083,SC1_OK017855.1,main,main,4.2221714698534,106.31423971708313
232,26,0.039714072932179,102.499162023944,24.5742603131398,102.489092343014,24.5609526137485,580.717465465639,580.677751392707,2020.4139426379,2020.45365671083,SC1_OK017852.1,main,main,1.79258060492749,45.13716354373266
148,2,36.8806520666626,102.106833672772,17.8703786574529,101.234071992603,13.9024412552039,580.766645793508,543.885993726845,1983.62218497204,2020.5028370387,SC1_MW251308.1,main,main,448.9169025683175,12.17215199332404
166,134,6.64105126552976,115.605365652728,30.7027670361189,115.542667120738,30.9065183249597,580.799432678754,574.158381413224,2013.89457265842,2020.53562392395,SC1_OK017802.1,main,main,23.372414555792357,3.5193847511923892
166,133,6.64105126552976,115.605365652728,30.7027670361189,114.272669339065,31.5246731863149,580.799432678754,574.158381413224,2013.89457265842,2020.53562392395,SC1_OK017801.1,main,main,156.41100317217504,23.552145122568643
150,4,0.530559819998612,101.981400213499,18.6826885593557,102.299236026818,18.5256963175699,580.815826121377,580.285266301378,2020.02145754657,2020.55201736657,SC1_MZ937002.1,main,main,37.777696389719225,71.2034627684736
150,3,0.538756541309991,101.981400213499,18.6826885593557,102.061348075079,18.788591800448,580.824022842688,580.285266301378,2020.02145754657,2020.56021408788,SC1_MZ937004.1,main,main,14.43938022166296,26.801308410202292
246,63,17.4210342116429,111.241619734079,23.9620049564209,100.870352245637,27.0494971115795,580.968831585857,563.547797374214,2003.28398861941,2020.70502283105,SC1_OK017793.1,main,main,1096.8684831924752,62.96230578890726
261,107,2.80271025203045,124.252402972933,42.3934697133093,124.259572539727,42.4414649448311,580.968831585857,578.166121333827,2017.90231257902,2020.70502283105,SC1_OK017794.1,main,main,5.363935965670278,1.9138389213741676
263,103,1.0879667289229,124.40238882124,42.4136632017482,124.350828828595,42.7796140827003,580.968831585857,579.880864856935,2019.61705610213,2020.70502283105,SC1_OK017800.1,main,main,40.87126215804304,37.566647096374055
264,108,0.843283615603971,124.418820070411,42.4236463153382,123.921865280947,40.873413865565,580.968831585857,580.125547970253,2019.86173921545,2020.70502283105,SC1_OK017795.1,main,main,177.08490861011143,209.99448505030048
266,102,0.802243250841303,124.666547299712,41.8397117380776,124.700861915112,41.8156591505186,580.968831585857,580.166588335016,2019.90277958021,2020.70502283105,SC1_OK017796.1,main,main,3.9068166184779685,4.869865361136957
266,106,0.802243250841303,124.666547299712,41.8397117380776,124.75046362717,41.8111963990632,580.968831585857,580.166588335016,2019.90277958021,2020.70502283105,SC1_OK017799.1,main,main,7.657213758961389,9.544753104412358
265,104,0.31036586488423,124.352748476265,42.3632851497375,124.290610117971,42.3501577724297,580.968831585857,580.658465720973,2020.39465696617,2020.70502283105,SC1_OK017797.1,main,main,5.322982011432822,17.150668335960063
265,105,0.31036586488423,124.352748476265,42.3632851497375,124.259507923855,42.1694700658387,580.968831585857,580.658465720973,2020.39465696617,2020.70502283105,SC1_OK017798.1,main,main,22.861808334986137,73.66083362135798
172,173,2.5280103477847,117.542308870936,28.2705917901685,117.560744081804,28.4635246471996,581.102096772888,578.574086425103,2018.3102776703,2020.83828801808,,main,main,21.4580916679871,8.488134428243487
254,255,2.00278169365644,115.129611178825,26.4364243394866,115.022991175243,26.6950286180923,581.185382605893,579.182600912236,2018.91879215743,2020.92157385109,,main,main,30.55833705146771,15.257947058462443
242,243,0.770242718781274,106.989185443499,26.1871332504855,106.939070456882,26.1605392876569,581.274019845819,580.503777127038,2020.23996837223,2021.01021109101,,main,main,5.812147298560115,7.54586464349375
275,92,6.19220262479171,113.698071639798,28.2843906965848,113.697752032287,28.2686056638281,581.38709642604,575.194893801248,2014.93108504644,2021.12328767123,SC1_OK017833.1,main,main,1.7496402739692694,0.28255539748719427
276,91,2.87418359652665,113.605573688493,28.2799917689575,113.572629017934,28.3049381380677,581.38709642604,578.512912829513,2018.24910407471,2021.12328767123,SC1_OK017832.1,main,main,4.252915160054496,1.4796950219860676
153,9,2.26352244828351,111.155159553161,27.3799228593478,111.174958726582,27.3548675913548,581.38709642604,579.123573977756,2018.85976522295,2021.12328767123,SC1_OK017803.1,main,main,3.397766171987742,1.501096741746193
153,10,2.26352244828351,111.155159553161,27.3799228593478,111.206667199393,27.4111225775574,581.38709642604,579.123573977756,2018.85976522295,2021.12328767123,SC1_OK017804.1,main,main,6.156715844293271,2.7199711886940086
146,1,29.8912479065737,111.385931588849,28.5259704093823,111.595914651107,28.3246061705861,581.463808754807,551.572560848233,1991.30875209343,2021.2,SC1_OK017805.1,main,main,30.352235980338406,1.0154221755881703
278,93,8.00433033556858,110.635969511909,29.7718758869161,110.716948155226,29.7923983568438,581.463808754807,573.459478419238,2013.19566966443,2021.2,SC1_OK017834.1,main,main,8.15409830716153,1.018710868406746
278,94,8.00433033556858,110.635969511909,29.7718758869161,110.640195027491,29.7615942278993,581.463808754807,573.459478419238,2013.19566966443,2021.2,SC1_OK017835.1,main,main,1.2107558640488754,0.151262605775861
242,39,0.960031627769316,106.989185443499,26.1871332504855,107.046828959273,26.2122493036038,581.463808754807,580.503777127038,2020.23996837223,2021.2,SC1_OK017831.1,main,main,6.398136232417939,6.664505676010221
243,37,0.189788908988043,106.939070456882,26.1605392876569,106.939611748317,26.2690330879384,581.463808754807,581.274019845819,2021.01021109101,2021.2,SC1_OK017829.1,main,main,12.020290132870802,63.33505048826694
243,38,0.189788908988043,106.939070456882,26.1605392876569,106.853741487761,26.1595789951525,581.463808754807,581.274019845819,2021.01021109101,2021.2,SC1_OK017830.1,main,main,8.531994511154554,44.95517971333132
147,7,13.2851935454412,100.446751700072,23.1885902332509,100.000164016067,23.1719959381441,581.588740261656,568.303546716215,2008.03973796141,2021.32493150685,SC1_OK017806.1,main,main,45.76116654020253,3.444523889221428
168,138,29.0176715158003,117.683759392299,27.7275062652834,117.357034595502,25.1195738889582,581.630932042478,552.613260526678,1992.34945177187,2021.36712328767,SC1_OK017808.1,main,main,290.7767762836768,10.020679161846155
169,137,17.8644840256757,118.126929192886,27.4770835022815,118.435465587999,27.9173285200262,581.630932042478,563.766448016803,2003.502639262,2021.36712328767,SC1_OK017809.1,main,main,57.49928418520674,3.218636715315482
170,135,1.09245712377589,118.133244029944,27.5292809666153,118.116105406931,27.5424484980233,581.630932042478,580.538474918702,2020.2746661639,2021.36712328767,SC1_OK017810.1,main,main,2.2349784298681277,2.0458271370351904
170,136,1.09245712377589,118.133244029944,27.5292809666153,118.174851872647,27.7738717780533,581.630932042478,580.538474918702,2020.2746661639,2021.36712328767,SC1_OK017811.1,main,main,27.41325266573429,25.09320692695481
173,174,0.532254619642446,117.560744081804,28.4635246471996,117.479896318716,28.4145274598347,581.63435139253,581.102096772888,2020.83828801808,2021.37054263772,,main,main,9.602674554665136,18.041505325244426
167,131,35.1379505810024,118.046580736155,28.4973167676655,118.046098966843,28.5678908603379,581.79805533015,546.660104749147,1986.39629599434,2021.53424657534,SC1_OK017845.1,main,main,7.821734243824333,0.22260075259065376
165,132,19.3441655739596,115.929883730929,30.4059554209692,117.875925594827,32.0515878547072,581.79805533015,562.45388975619,2002.19008100138,2021.53424657534,SC1_OK017807.1,main,main,260.1184037829773,13.4468660738274
189,125,16.8024865141534,117.632483043595,28.0901852404834,117.724546565076,27.840233368543,581.79805533015,564.995568815996,2004.73176006119,2021.53424657534,SC1_OK017836.1,main,main,29.142947270837045,1.7344425330315716
189,126,16.8024865141534,117.632483043595,28.0901852404834,118.089621857263,28.3257097435463,581.79805533015,564.995568815996,2004.73176006119,2021.53424657534,SC1_OK017837.1,main,main,51.91677942737073,3.0898271743077528
276,90,3.2851425006364,113.605573688493,28.2799917689575,115.457377895089,29.2652195358917,581.79805533015,578.512912829513,2018.24910407471,2021.53424657534,SC1_OK017860.1,main,main,211.23744950394592,64.3008482776698
172,127,3.22396890504664,117.542308870936,28.2705917901685,117.62827178432,28.2851346928191,581.79805533015,578.574086425103,2018.3102776703,2021.53424657534,SC1_OK017844.1,main,main,8.58630353386953,2.6632711998025043
254,42,2.61545441791346,115.129611178825,26.4364243394866,115.568287455591,26.0124917734327,581.79805533015,579.182600912236,2018.91879215743,2021.53424657534,SC1_OK017841.1,main,main,64.24588556879516,24.56394771354831
173,128,0.695958557261931,117.560744081804,28.4635246471996,117.958226426703,28.2666923051128,581.79805533015,581.102096772888,2020.83828801808,2021.53424657534,SC1_OK017838.1,main,main,44.6551471911235,64.1635148029613
255,40,0.61267272425702,115.022991175243,26.6950286180923,115.004242117364,26.6685651405977,581.79805533015,581.185382605893,2020.92157385109,2021.53424657534,SC1_OK017842.1,main,main,3.4755995824199815,5.672848561415549
255,41,0.61267272425702,115.022991175243,26.6950286180923,114.406212088912,26.0706548599458,581.79805533015,581.185382605893,2020.92157385109,2021.53424657534,SC1_OK017843.1,main,main,92.59392533679889,151.13113685464992
174,130,0.163703937619485,117.479896318716,28.4145274598347,117.415465366455,28.4819565663767,581.79805533015,581.63435139253,2021.37054263772,2021.53424657534,SC1_OK017840.1,main,main,9.781374645028468,59.75039322367668
174,129,0.163703937619485,117.479896318716,28.4145274598347,117.575047236173,28.4354456403336,581.79805533015,581.63435139253,2021.37054263772,2021.53424657534,SC1_OK017839.1,main,main,9.606180931375606,58.6802069092822
204,84,34.9538541387473,102.378649351117,25.0311040470256,109.69687752932518,21.653213622305277,563.217233412341,528.263379273594,1967.99957051879,2002.95342465753,SC1_AY394995.1,,,836.4497168937538,23.930114074788865
