node1,node2,length,startLon,startLat,endLon,endLat,endNodeL,startNodeL,startYear,endYear,tipLabel,startClade,endClade,distance,dispersal_velocity
143,144,339.554126104653,102.348353300581,23.3898735489137,102.838098469942,23.9146779182309,339.554126104653,0.0,1536.67934944932,1876.23347555397,,main,main,76.64781227438598,0.2257307639099711
143,267,144.733233343584,102.348353300581,23.3898735489137,101.103939221476,23.1410211080631,144.733233343584,0.0,1536.67934944932,1681.4125827929,,main,main,130.27757406558766,0.900122045614224
267,268,164.517786872343,101.103939221476,23.1410211080631,101.801206761802,23.1317508746579,309.251020215927,144.733233343584,1681.4125827929,1845.93036966524,,main,main,71.42092550382955,0.4341228195541456
144,160,21.6306558069544,102.838098469942,23.9146779182309,106.433405647486,28.1413129998824,361.184781911607,339.554126104653,1876.23347555397,1897.86413136092,,main,main,590.4805497566502,27.29831934022115
160,161,13.4588833764386,106.433405647486,28.1413129998824,105.627055011583,28.4674000163134,374.643665288046,361.184781911607,1897.86413136092,1911.32301473736,,main,main,86.95508368145362,6.460794796222024
160,207,18.4166225354595,106.433405647486,28.1413129998824,110.239019520745,28.958293062269,379.601404447067,361.184781911607,1897.86413136092,1916.28075389638,,main,main,383.23827901798,20.80936818247158
268,269,77.8216705943597,101.801206761802,23.1317508746579,102.016389351829,23.2647478568271,387.072690810287,309.251020215927,1845.93036966524,1923.7520402596,,main,main,26.499188449443693,0.3405116884160577
207,208,8.19467569842298,110.239019520745,28.958293062269,110.118435272996,29.2338690963373,387.79608014549,379.601404447067,1916.28075389638,1924.47542959481,,main,main,32.722164676560084,3.9931006278695427
208,257,13.9358769604974,110.118435272996,29.2338690963373,110.648162963845,29.3661176085554,401.731957105987,387.79608014549,1924.47542959481,1938.4113065553,,main,main,53.513083392954826,3.839950908338447
208,209,13.9684153748947,110.118435272996,29.2338690963373,111.531939235317,24.7932773977561,401.764495520385,387.79608014549,1924.47542959481,1938.4438449697,,main,main,511.62474682223507,36.62725750136077
144,145,67.5666480410252,102.838098469942,23.9146779182309,103.675585639428,24.0857544440744,407.120774145678,339.554126104653,1876.23347555397,1943.800123595,,main,main,87.29668408122212,1.2920085073365961
269,270,25.340355597117,102.016389351829,23.2647478568271,102.527251325024,23.7341646813994,412.413046407404,387.072690810287,1923.7520402596,1949.09239585672,,main,main,73.65826149353177,2.9067572162212256
161,164,39.809963379268,105.627055011583,28.4674000163134,104.483898028206,26.3147509430663,414.453628667314,374.643665288046,1911.32301473736,1951.13297811663,,main,main,263.9706164885775,6.630767629041492
257,263,14.6465441201076,110.648162963845,29.3661176085554,110.419214203535,29.1498011313415,416.378501226095,401.731957105987,1938.4113065553,1953.05785067541,,main,main,32.711835419006874,2.2334166442784427
269,276,35.4128785607447,102.016389351829,23.2647478568271,114.547797811682,27.7467839080853,422.485569371032,387.072690810287,1923.7520402596,1959.16491882035,,main,main,1353.1963406218927,38.21198376462724
209,210,22.0874728148596,111.531939235317,24.7932773977561,115.275438878862,25.3006129527193,423.851968335244,401.764495520385,1938.4438449697,1960.53131778456,,main,main,381.9064578271759,17.290636236584024
263,264,9.8761252400561,110.419214203535,29.1498011313415,110.854412180054,29.3601188703611,426.254626466151,416.378501226095,1953.05785067541,1962.93397591547,,main,main,48.298836957432485,4.890464203667605
209,249,29.5018223433858,111.531939235317,24.7932773977561,113.853199417385,24.7057195567137,431.26631786377,401.764495520385,1938.4438449697,1967.94566731309,,main,main,235.00166709205004,7.965666132646092
210,212,15.1056488564293,115.275438878862,25.3006129527193,115.537344570385,25.49031647584,438.957617191673,423.851968335244,1960.53131778456,1975.63696664099,,main,main,33.707202850424125,2.2314303192661327
257,258,37.9934653939177,110.648162963845,29.3661176085554,110.629902080082,28.4353319540986,439.725422499905,401.731957105987,1938.4113065553,1976.40477194922,,main,main,103.1782011673285,2.7156828180207557
276,277,17.3043651321173,114.547797811682,27.7467839080853,114.999288478774,27.9755172446431,439.789934503149,422.485569371032,1959.16491882035,1976.46928395247,,main,main,51.18341074175093,2.9578323360013563
212,225,1.36626122080509,115.537344570385,25.49031647584,115.529497092671,25.4964443323914,440.323878412479,438.957617191673,1975.63696664099,1977.0032278618,,main,main,1.0408503718885742,0.7618238416188359
263,266,24.8127700363555,110.419214203535,29.1498011313415,103.635516312849,30.8061862196121,441.19127126245,416.378501226095,1953.05785067541,1977.87062071177,,main,main,679.8034309999068,27.39732121822205
249,250,11.501902540355,113.853199417385,24.7057195567137,113.948421793711,24.8155245822324,442.768220404125,431.26631786377,1967.94566731309,1979.44756985344,,main,main,15.514515118939817,1.3488651172713702
164,165,31.3655196707812,104.483898028206,26.3147509430663,105.577360624413,25.65826669054,445.819148338095,414.453628667314,1951.13297811663,1982.49849778741,,main,main,131.44173867655755,4.1906443781641896
225,238,5.64688460188919,115.529497092671,25.4964443323914,115.48512645889,25.4132732909299,445.970763014368,440.323878412479,1977.0032278618,1982.65011246369,,main,main,10.23749390772881,1.8129454786987875
225,226,7.26033676200628,115.529497092671,25.4964443323914,115.987934680684,25.4927319009769,447.584215174485,440.323878412479,1977.0032278618,1984.2635646238,,main,main,46.09414857336715,6.34876178396851
258,260,8.39460011115627,110.629902080082,28.4353319540986,111.819799035112,30.9772193894512,448.120022611061,439.725422499905,1976.40477194922,1984.79937206038,,main,main,304.37464468889704,36.25838523080911
238,243,2.49110663883963,115.48512645889,25.4132732909299,115.318128094089,25.2717230511756,448.461869653207,445.970763014368,1982.65011246369,1985.14121910252,,main,main,22.989302440074695,9.228550107667502
161,162,74.9018291962333,105.627055011583,28.4674000163134,99.2578744203558,24.8138858968345,449.545494484279,374.643665288046,1911.32301473736,1986.2248439336,,main,main,752.1392566042061,10.041667402189827
165,166,3.87146231410648,105.577360624413,25.65826669054,105.564676343659,25.5718199545723,449.690610652202,445.819148338095,1982.49849778741,1986.36996010152,,main,main,9.66112614134606,2.495472087160382
165,204,3.94325849769319,105.577360624413,25.65826669054,105.301085080545,25.7708306097432,449.762406835788,445.819148338095,1982.49849778741,1986.44175628511,,main,main,30.401800567365484,7.709816788615448
145,146,44.9122243215156,103.675585639428,24.0857544440744,112.838339526637,35.0707460688902,452.032998467194,407.120774145678,1943.800123595,1988.71234791651,,main,main,1505.2223240391934,33.51475788114336
260,261,4.17070601434245,111.819799035112,30.9772193894512,112.519616738872,30.8947477660278,452.290728625404,448.120022611061,1984.79937206038,1988.97007807472,,main,main,67.50219018471817,16.184835361827947
212,213,13.8376571998084,115.537344570385,25.49031647584,114.51645391661,22.0783922893628,452.795274391482,438.957617191673,1975.63696664099,1989.4746238408,,main,main,391.9454261900132,28.324550935937353
166,168,3.38250543037207,105.564676343659,25.5718199545723,105.600819809519,25.6122600289668,453.073116082574,449.690610652202,1986.36996010152,1989.75246553189,,main,main,5.766699892673851,1.7048604980478992
162,163,3.82857513345088,99.2578744203558,24.8138858968345,99.3034316483667,24.9932891411205,453.37406961773,449.545494484279,1986.2248439336,1990.05341906705,,main,main,20.39878198869244,5.328034915774536
270,271,41.110404623953,102.527251325024,23.7341646813994,101.418403152004,21.1776624500604,453.523451031357,412.413046407404,1949.09239585672,1990.20280048067,,main,main,305.2336589705724,7.424730108171395
168,169,2.52470903271454,105.600819809519,25.6122600289668,103.063927248401,25.1704362048619,455.597825115288,453.073116082574,1989.75246553189,1992.27717456461,,main,main,259.9272580521518,102.95335212259323
271,273,2.75992005873596,101.418403152004,21.1776624500604,101.383441767277,21.2825710787426,456.283371090093,453.523451031357,1990.20280048067,1992.96272053941,,main,main,12.16929319298524,4.409291912084861
250,251,14.0400517536456,113.948421793711,24.8155245822324,112.106372616318,23.9941273019951,456.808272157771,442.768220404125,1979.44756985344,1993.48762160709,,main,main,207.81146661878236,14.801331951274513
276,279,34.5107053644705,114.547797811682,27.7467839080853,122.483282986491,30.204426248342,456.996274735502,422.485569371032,1959.16491882035,1993.67562418482,,main,main,819.7287586077886,23.752883343025395
146,156,6.1453414435609,112.838339526637,35.0707460688902,112.830547987285,35.1354705393014,458.178339910755,452.032998467194,1988.71234791651,1994.85768936007,,main,main,7.215745501881253,1.1741813808314792
169,170,2.7847208333325,103.063927248401,25.1704362048619,102.940102369556,24.9672691779134,458.382545948621,455.597825115288,1992.27717456461,1995.06189539794,,main,main,25.74064944338671,9.243529597393305
243,244,10.5487347537865,115.318128094089,25.2717230511756,115.119629294125,25.1959181536883,459.010604406994,448.461869653207,1985.14121910252,1995.68995385631,,main,main,21.69173410182547,2.0563351537528383
238,239,13.111991446511,115.48512645889,25.4132732909299,113.461143621139,30.0798824282575,459.082754460879,445.970763014368,1982.65011246369,1995.7621039102,,main,main,554.2606785091239,42.27128127486755
169,182,4.38598162883438,103.063927248401,25.1704362048619,103.039886108778,25.1142926907213,459.983806744123,455.597825115288,1992.27717456461,1996.66315619344,,main,main,6.675041612341413,1.5219036870693357
264,265,33.7490559306602,110.854412180054,29.3601188703611,111.798361727339,28.1389249186679,460.003682396811,426.254626466151,1962.93397591547,1996.68303184613,,main,main,163.76405308103176,4.8524039729436135
170,171,3.68315943439568,102.940102369556,24.9672691779134,102.916278577425,25.0737645421196,462.065705383016,458.382545948621,1995.06189539794,1998.74505483233,,main,main,12.03941025486039,3.2687724952736876
171,172,0.86036052558298,102.916278577425,25.0737645421196,102.846466228175,25.046419839966,462.926065908599,462.065705383016,1998.74505483233,1999.60541535792,,main,main,7.667795347228706,8.912304922442845
172,173,0.219499169079544,102.846466228175,25.046419839966,102.833563975936,25.0290302666776,463.145565077679,462.926065908599,1999.60541535792,1999.824914527,,main,main,2.3250956924116015,10.59273118054043
182,196,3.75142008038697,103.039886108778,25.1142926907213,102.938397779736,25.0020436939635,463.735226824509,459.983806744123,1996.66315619344,2000.41457627383,,main,main,16.10827985892516,4.293915241095458
182,183,3.87037118540693,103.039886108778,25.1142926907213,102.952990658144,24.8543712883541,463.854177929529,459.983806744123,1996.66315619344,2000.53352737885,,main,main,30.09915164173876,7.776812662110118
210,211,40.8541578213228,115.275438878862,25.3006129527193,114.642410163934,25.5609132085038,464.706126156567,423.851968335244,1960.53131778456,2001.38547560588,,main,main,69.90417589576526,1.711066379130707
226,227,17.1766671639532,115.987934680684,25.4927319009769,116.242150905774,25.4491422934423,464.760882338438,447.584215174485,1984.2635646238,2001.44023178776,,main,main,26.016524940557797,1.5146433642933852
213,215,12.477328666094,114.51645391661,22.0783922893628,114.150520358473,22.6171659602209,465.272603057576,452.795274391482,1989.4746238408,2001.95195250689,,main,main,70.57115415715138,5.655950568082898
156,157,7.16409662889415,112.830547987285,35.1354705393014,112.0093734187,33.7718820631747,465.342436539649,458.178339910755,1994.85768936007,2002.02178598897,,main,main,169.0384463642726,23.59522143831907
146,147,13.4479477679249,112.838339526637,35.0707460688902,125.058435798267,36.9242723189831,465.480946235119,452.032998467194,1988.71234791651,2002.16029568444,,main,main,1120.0401311007888,83.28706732280965
239,240,6.54333558983195,113.461143621139,30.0798824282575,113.43279146722,30.0909024781791,465.626090050711,459.082754460879,1995.7621039102,2002.30543950003,,main,main,2.993825772404156,0.4575381670865891
173,174,2.50069603158354,102.833563975936,25.0290302666776,102.53888272697,25.0839709380202,465.646261109262,463.145565077679,1999.824914527,2002.32561055858,,main,main,30.350915092849043,12.136986946642068
174,175,0.576252426427839,102.53888272697,25.0839709380202,102.703133829587,25.1333120908348,466.22251353569,465.646261109262,2002.32561055858,2002.90186298501,,main,main,17.444912544529686,30.273039634157996
215,216,1.69968089705053,114.150520358473,22.6171659602209,114.217940770682,22.3302903148541,466.972283954626,465.272603057576,2001.95195250689,2003.65163340394,,main,main,32.5165959709411,19.131000429179036
261,40,15.0682780896625,112.519616738872,30.8947477660278,112.424521017874,31.0504814534129,467.359006715066,452.290728625404,1988.97007807472,2004.03835616438,SC1_DQ648857.1,main,main,19.510167485398682,1.2947841398536115
226,229,19.8063609039231,115.987934680684,25.4927319009769,115.756466703082,24.3059808633143,467.390576078408,447.584215174485,1984.2635646238,2004.06992552773,,main,main,133.52186826190422,6.741362984830655
215,218,2.27059224580046,114.150520358473,22.6171659602209,114.113883229401,22.5722490898487,467.543195303376,465.272603057576,2001.95195250689,2004.22254475269,,main,main,6.239637439986446,2.7480219980169815
216,217,0.890971221065431,114.217940770682,22.3302903148541,114.252735318333,22.3257628549206,467.863255175692,466.972283954626,2003.65163340394,2004.54260462501,,main,main,3.619527447081429,4.062451582614719
218,219,0.354600493920003,114.113883229401,22.5722490898487,114.099867050591,22.47393421419,467.897795797296,467.543195303376,2004.22254475269,2004.57714524661,,main,main,10.982211132113315,30.970659433404162
261,41,15.9016114229957,112.519616738872,30.8947477660278,111.288885384862,30.7023519006667,468.192340048399,452.290728625404,1988.97007807472,2004.87168949772,SC1_DQ412043.1,main,main,119.70153746907695,7.52763567697131
157,33,2.84990350875043,112.0093734187,33.7718820631747,111.124187179678,30.5800001920201,468.192340048399,465.342436539649,2002.02178598897,2004.87168949772,SC1_DQ412042.1,main,main,363.65458241035304,127.60241927271467
164,96,53.8206785942003,104.483898028206,26.3147509430663,108.519894776612,23.0733486180825,468.274307261514,414.453628667314,1951.13297811663,2004.95365671083,SC1_DQ071615.1,main,main,543.7370781026731,10.102754039992094
217,66,0.624518662661764,114.252735318333,22.3257628549206,114.002671931216,22.1004244876108,468.487773838354,467.863255175692,2004.54260462501,2005.16712328767,SC1_DQ022305.2,main,main,35.880388132802736,57.45286774918264
216,75,1.53466796591892,114.217940770682,22.3302903148541,114.247237622852,22.5652088048921,468.506951920545,466.972283954626,2003.65163340394,2005.18630136986,SC1_DQ084199.1,main,main,26.188231041394243,17.064428021544973
217,65,0.701230991428908,114.252735318333,22.3257628549206,113.959107948704,22.1680111638305,468.564486167121,467.863255175692,2004.54260462501,2005.24383561644,SC1_DQ084200.1,main,main,34.94690187454463,49.83650509132925
219,221,0.843152928625393,114.099867050591,22.47393421419,114.09697931742,22.5020864850948,468.740948725922,467.897795797296,2004.57714524661,2005.42029817524,,main,main,3.13162653502152,3.7141856817446697
183,184,5.07284770508387,102.952990658144,24.8543712883541,102.571952756616,24.7852008220871,468.927025634613,463.854177929529,2000.53352737885,2005.60637508393,,main,main,39.276314501156726,7.7424588287551135
219,220,1.05761874948583,114.099867050591,22.47393421419,113.903820672044,22.347454706968,468.955414546782,467.897795797296,2004.57714524661,2005.6347639961,,main,main,24.568504806393456,23.23002009782602
221,68,0.335866208322347,114.09697931742,22.5020864850948,114.099083424478,22.5041038731735,469.076814934244,468.740948725922,2005.42029817524,2005.75616438356,SC1_GQ153540.1,main,main,0.3110942935492822,0.9262446945859764
220,73,0.121400387461915,113.903820672044,22.347454706968,113.943528959704,22.3295685627698,469.076814934244,468.955414546782,2005.6347639961,2005.75616438356,SC1_GQ153539.1,main,main,4.544836578832044,37.4367551360396
271,272,15.6729271665089,101.418403152004,21.1776624500604,101.461219743174,21.0335997061904,469.196378197866,453.523451031357,1990.20280048067,2005.87572764718,,main,main,16.559120344202885,1.0565429270664684
213,214,16.4752494888568,114.51645391661,22.0783922893628,114.192801243492,22.4310324077949,469.270523880339,452.795274391482,1989.4746238408,2005.94987332966,,main,main,51.35943021173238,3.117368890011034
218,67,1.77197579525125,114.113883229401,22.5722490898487,114.033038412535,22.3738042876985,469.315171098628,467.543195303376,2004.22254475269,2005.99452054795,SC1_GQ153541.1,main,main,23.49749777187504,13.260620057478443
204,100,19.5965998792778,105.301085080545,25.7708306097432,104.920697981525,25.8104870557155,469.359006715066,449.762406835788,1986.44175628511,2006.03835616438,SC1_FJ588686.1,main,main,38.40284561808495,1.9596688126848782
240,241,3.73696259246288,113.43279146722,30.0909024781791,113.610938398315,30.011234611324,469.363052643173,465.626090050711,2002.30543950003,2006.04240209249,,main,main,19.31694026153132,5.169155372465291
221,222,0.649992205364187,114.09697931742,22.5020864850948,114.477102919257,22.3684939346593,469.390940931286,468.740948725922,2005.42029817524,2006.0702903806,,main,main,41.83441087266681,64.36140391749348
214,76,0.211770505960274,114.192801243492,22.4310324077949,114.206379635422,22.4331538932538,469.482294386299,469.270523880339,2005.94987332966,2006.16164383562,SC1_GQ153542.1,main,main,1.4174501591002187,6.693331314824917
214,77,0.211770505960274,114.192801243492,22.4310324077949,114.098451560753,22.4006012951367,469.482294386299,469.270523880339,2005.94987332966,2006.16164383562,SC1_GQ153543.1,main,main,10.281987094609104,48.55249812992325
184,185,0.861541886426725,102.571952756616,24.7852008220871,102.551400633903,24.7673310528224,469.78856752104,468.927025634613,2005.60637508393,2006.46791697036,,main,main,2.870227908283085,3.3315012926271703
222,223,0.401261080050292,114.477102919257,22.3684939346593,114.437828608796,22.1735264401459,469.792202011336,469.390940931286,2006.0702903806,2006.47155146065,,main,main,21.965701617161198,54.741669973096144
223,224,0.193455749578588,114.437828608796,22.1735264401459,114.39808743884,22.1827194413268,469.985657760915,469.792202011336,2006.47155146065,2006.66500721023,,main,main,4.223137576612308,21.829992573556115
223,71,0.221599224277739,114.437828608796,22.1735264401459,114.418057856915,22.3184972964972,470.013801235614,469.792202011336,2006.47155146065,2006.69315068493,SC1_GQ153544.1,main,main,16.181997997295262,73.02371228977647
224,69,0.0281434746991511,114.39808743884,22.1827194413268,114.411110423977,22.1574594931415,470.013801235614,469.985657760915,2006.66500721023,2006.69315068493,SC1_GQ153545.1,main,main,3.1028815842234025,110.25225624741338
224,70,0.551431145931916,114.39808743884,22.1827194413268,114.312121240134,22.1043057363536,470.537088906847,469.985657760915,2006.66500721023,2007.21643835616,SC1_GQ153546.1,main,main,12.411133830263237,22.50713243498149
220,74,1.77071545595494,113.903820672044,22.347454706968,114.113255534476,22.2089170300757,470.726130002737,468.955414546782,2005.6347639961,2007.40547945205,SC1_GQ153547.1,main,main,26.480581109598216,14.954735398363223
244,245,12.0646562404565,115.119629294125,25.1959181536883,115.009453663477,25.1382004691274,471.07526064745,459.010604406994,1995.68995385631,2007.75461009677,,main,main,12.815936226257028,1.0622711472939657
222,72,1.83929866049245,114.477102919257,22.3684939346593,114.304701600873,22.3347307306973,471.230239591778,469.390940931286,2006.0702903806,2007.9095890411,SC1_GQ153548.1,main,main,18.1476158338056,9.86659547120357
168,202,18.576496224794,105.600819809519,25.6122600289668,105.522391741924,25.4455392097745,471.649612307368,453.073116082574,1989.75246553189,2008.32896175669,,main,main,20.081443297386713,1.0810135051508833
273,274,15.4082033702819,101.383441767277,21.2825710787426,101.691364963842,21.4657355519737,471.691574460375,456.283371090093,1992.96272053941,2008.37092390969,,main,main,37.82985665168517,2.4551763591495908
196,200,8.02578213745289,102.938397779736,25.0020436939635,102.798987909679,24.967779542858,471.761008961962,463.735226824509,2000.41457627383,2008.44035841128,,main,main,14.577931237477415,1.8163876103051004
196,197,8.62683858623533,102.938397779736,25.0020436939635,102.787107585252,24.7276941584427,472.362065410745,463.735226824509,2000.41457627383,2009.04141486006,,main,main,34.01931856885887,3.9434282012809256
147,148,7.07493202850843,125.058435798267,36.9242723189831,125.766772884489,41.7025645357947,472.555878263627,465.480946235119,2002.16029568444,2009.23522771294,,main,main,533.9933034204339,75.4768104158045
185,186,2.96543833275783,102.551400633903,24.7673310528224,102.651581214505,24.8277488523109,472.754005853798,469.78856752104,2006.46791697036,2009.43335530312,,main,main,12.140879671420091,4.094126503089068
157,158,7.95491264574575,112.0093734187,33.7718820631747,114.048199035068,37.4993339359072,473.297349185395,465.342436539649,2002.02178598897,2009.97669863471,,main,main,452.8918915448259,56.93235258680438
229,230,6.00648834561613,115.756466703082,24.3059808633143,115.257447121326,24.3184971228335,473.397064424024,467.390576078408,2004.06992552773,2010.07641387334,,main,main,50.671807246406416,8.436178400877031
258,259,34.2208976481162,110.629902080082,28.4353319540986,113.890147475305,28.0974858424798,473.946320148021,439.725422499905,1976.40477194922,2010.62566959734,,main,main,322.064899369194,9.411351586416469
162,142,24.8135122307869,99.2578744203558,24.8138858968345,99.1501086595771,24.4360564127258,474.359006715066,449.545494484279,1986.2248439336,2011.03835616438,SC1_JX993988.1,main,main,43.250267909617406,1.7430127386785434
163,140,20.984937097336,99.3034316483667,24.9932891411205,99.2369398341572,25.1250003746893,474.359006715066,453.37406961773,1990.05341906705,2011.03835616438,SC1_KF569996.1,main,main,16.058797042491612,0.7652535229438571
245,247,3.31459324974529,115.009453663477,25.1382004691274,115.368865660076,25.4815393808973,474.389853897196,471.07526064745,2007.75461009677,2011.06920334651,,main,main,52.501378379978945,15.839463374280815
183,116,10.7952397444408,102.952990658144,24.8543712883541,103.048094037997,24.8214052224846,474.64941767397,463.854177929529,2000.53352737885,2011.32876712329,SC1_KC881005.1,main,main,10.283448135932952,0.9525909918979425
266,35,33.8334888772734,103.635516312849,30.8061862196121,105.9282211247,32.9185832668263,475.024760139724,441.19127126245,1977.87062071177,2011.70410958904,SC1_JX993987.1,main,main,319.2591540751125,9.436187773397645
197,198,2.8626982915512,102.787107585252,24.7276941584427,102.832512164345,24.7299762074343,475.224763702296,472.362065410745,2009.04141486006,2011.90411315161,,main,main,4.600554747027679,1.6070693724887064
200,201,3.49827876724784,102.798987909679,24.967779542858,102.733196723061,24.749819677015,475.25928772921,471.761008961962,2008.44035841128,2011.93863717853,,main,main,25.042453642794946,7.158507171369966
243,83,26.8971370618587,115.318128094089,25.2717230511756,119.103611526368,28.2962539144753,475.359006715066,448.461869653207,1985.14121910252,2012.03835616438,SC1_KF294457.1,main,main,503.9300473432696,18.735453003206953
163,141,21.984937097336,99.3034316483667,24.9932891411205,98.6892526574857,24.6378165969416,475.359006715066,453.37406961773,1990.05341906705,2012.03835616438,SC1_KU973692.1,main,main,73.52581733616442,3.344372422383407
156,34,17.1806668043113,112.830547987285,35.1354705393014,112.841052655638,35.1442704697968,475.359006715066,458.178339910755,1994.85768936007,2012.03835616438,SC1_KY770860.1,main,main,1.3673339951896053,0.07958561857718396
148,21,2.80312845143887,125.766772884489,41.7025645357947,125.531777178284,41.7065320915715,475.359006715066,472.555878263627,2009.23522771294,2012.03835616438,SC1_KJ473811.1,main,main,19.56433251030602,6.979463427822396
166,167,25.8034144379965,105.564676343659,25.5718199545723,105.690948841532,25.1298928807179,475.494025090198,449.690610652202,1986.36996010152,2012.17337453952,,main,main,50.57903549402206,1.9601683186370298
201,123,0.312833739954161,102.733196723061,24.749819677015,102.743037627625,25.0137196020645,475.572121469164,475.25928772921,2011.93863717853,2012.25147091848,SC1_KC881006.1,main,main,29.249400820892678,93.4982295233837
148,149,3.14195322658009,125.766772884489,41.7025645357947,125.756005559169,41.6988191356294,475.697831490207,472.555878263627,2009.23522771294,2012.37718093952,,main,main,0.9880851603447184,0.31448118068269776
184,195,6.78298845892504,102.571952756616,24.7852008220871,102.722032717776,24.9497699516138,475.710014093538,468.927025634613,2005.60637508393,2012.38936354286,,main,main,23.713816356269362,3.4960720484592276
145,159,68.8965276528943,103.675585639428,24.0857544440744,102.029751615936,24.889011904805,476.017301798572,407.120774145678,1943.800123595,2012.69665124789,,main,main,189.06961858042786,2.7442546819336715
201,122,0.766385652522562,102.733196723061,24.749819677015,102.6185248664,24.8463407516338,476.025673381733,475.25928772921,2011.93863717853,2012.70502283105,SC1_KF367457.1,main,main,15.771951583701338,20.579654031606523
186,188,3.28405543781216,102.651581214505,24.8277488523109,102.261216616203,24.52947821559,476.03806129161,472.754005853798,2009.43335530312,2012.71741074093,,main,main,51.502815405138826,15.682687573462536
172,125,13.1460555605651,102.846466228175,25.046419839966,102.887486846182,24.945416013641,476.072121469164,462.926065908599,1999.60541535792,2012.75147091848,SC1_KY417145.1,main,main,11.9302709410022,0.9075171549396192
198,117,0.847357766868365,102.832512164345,24.7299762074343,102.728859927906,24.7108854191402,476.072121469164,475.224763702296,2011.90411315161,2012.75147091848,SC1_KY417143.1,main,main,10.69833226814708,12.625519805743448
195,104,0.362107375626019,102.722032717776,24.9497699516138,102.728915813013,24.9747818134626,476.072121469164,475.710014093538,2012.38936354286,2012.75147091848,SC1_KY417144.1,main,main,2.8564762626300557,7.888478542287956
260,262,28.0713380458525,111.819799035112,30.9772193894512,110.969120043179,30.0337938019847,476.191360656914,448.120022611061,1984.79937206038,2012.87071010623,,main,main,132.69079385276044,4.726913752241508
267,1,331.625773371482,101.103939221476,23.1410211080631,141.26558516063,39.2201644494178,476.359006715066,144.733233343584,1681.4125827929,2013.03835616438,SC1_LC556375.1,main,main,4179.039519220828,12.601672893920501
264,39,50.1043802489151,110.854412180054,29.3601188703611,112.341054405221,31.9335821041657,476.359006715066,426.254626466151,1962.93397591547,2013.03835616438,SC1_KJ473814.1,main,main,318.89994759021727,6.3647119474573755
251,86,19.5507345572951,112.106372616318,23.9941273019951,111.589491776211,24.3405388006655,476.359006715066,456.808272157771,1993.48762160709,2013.03835616438,SC1_KJ473815.1,main,main,65.04655158327064,3.327064330634031
170,136,17.9764607664454,102.940102369556,24.9672691779134,103.068343662125,24.7217304682963,476.359006715066,458.382545948621,1995.06189539794,2013.03835616438,SC1_KJ473816.1,main,main,30.129306123869593,1.676042159539464
158,32,3.06165752967143,114.048199035068,37.4993339359072,114.034403814193,37.41394539362,476.359006715066,473.297349185395,2009.97669863471,2013.03835616438,SC1_KJ473812.1,main,main,9.55522690121371,3.120932634891778
158,31,3.06165752967143,114.048199035068,37.4993339359072,114.029521254427,37.493440564067,476.359006715066,473.297349185395,2009.97669863471,2013.03835616438,SC1_KJ473813.1,main,main,1.7764701627527704,0.5802315071285641
167,102,0.864981624867999,105.690948841532,25.1298928807179,105.614513114912,25.0935408486319,476.359006715066,475.494025090198,2012.17337453952,2013.03835616438,SC1_KY770859.1,main,main,8.697560023424304,10.055196287842067
167,101,0.864981624867999,105.690948841532,25.1298928807179,105.56001079361,25.2778747578514,476.359006715066,475.494025090198,2012.17337453952,2013.03835616438,SC1_KY770858.1,main,main,21.04441377191559,24.329318874406244
198,199,1.14004433792717,102.832512164345,24.7299762074343,102.864831863272,24.7713538789926,476.364808040223,475.224763702296,2011.90411315161,2013.04415748954,,main,main,5.629844935002334,4.938268405629315
171,124,14.5837122909539,102.916278577425,25.0737645421196,102.948354648639,25.0917919627175,476.64941767397,462.065705383016,1998.74505483233,2013.32876712329,SC1_KY417148.1,main,main,3.8024998922210087,0.26073607435190926
185,105,6.8608501529302,102.551400633903,24.7673310528224,102.602474743326,25.1109059686223,476.64941767397,469.78856752104,2006.46791697036,2013.32876712329,SC1_KY417146.1,main,main,38.406473510013456,5.597917554519164
200,121,4.88840871200786,102.798987909679,24.967779542858,102.602101242458,24.7512988511958,476.64941767397,471.761008961962,2008.44035841128,2013.32876712329,SC1_KY417147.1,main,main,31.160358384500952,6.374335744054875
197,120,4.28735226322542,102.787107585252,24.7276941584427,102.587741503504,24.8649430875326,476.64941767397,472.362065410745,2009.04141486006,2013.32876712329,SC1_KY417149.1,main,main,25.249168838355516,5.889221899242844
175,176,10.5011538527091,102.703133829587,25.1333120908348,102.696868752387,25.5239367808173,476.723667388399,466.22251353569,2002.90186298501,2013.40301683772,,main,main,43.27714292975392,4.121179780504714
159,20,0.730746012383987,102.029751615936,24.889011904805,102.220627682072,25.2486485003848,476.748047810956,476.017301798572,2012.69665124789,2013.42739726027,SC1_KP886809.1,main,main,44.2489648093324,60.553138928496516
159,19,0.730746012383987,102.029751615936,24.889011904805,102.044859808429,24.9266420575275,476.748047810956,476.017301798572,2012.69665124789,2013.42739726027,SC1_KP886808.1,main,main,4.439003669681346,6.074619080300601
186,187,4.03630738017372,102.651581214505,24.8277488523109,102.760028786984,24.7686005461029,476.790313233972,472.754005853798,2009.43335530312,2013.46966268329,,main,main,12.773851856139744,3.1647371354532385
227,228,12.0599253375526,116.242150905774,25.4491422934423,116.271345570013,25.5011916191661,476.820807675991,464.760882338438,2001.44023178776,2013.50015712531,,main,main,6.470376885153969,0.5365188178243767
241,242,7.46950691637004,113.610938398315,30.011234611324,113.709344769743,30.1517390620897,476.832559559544,469.363052643173,2006.04240209249,2013.51190900886,,main,main,18.237316714810717,2.441569024434817
251,252,20.07032942684,112.106372616318,23.9941273019951,112.750846289405,24.2005317690929,476.878601584611,456.808272157771,1993.48762160709,2013.55795103393,,main,main,69.40029785388828,3.45785544312389
199,119,0.54488360634965,102.864831863272,24.7713538789926,102.752416670372,24.9200455253048,476.909691646573,476.364808040223,2013.04415748954,2013.58904109589,SC1_KY417150.1,main,main,20.009697016428834,36.722883168536136
199,118,0.54488360634965,102.864831863272,24.7713538789926,102.908726281496,24.8138109069035,476.909691646573,476.364808040223,2013.04415748954,2013.58904109589,SC1_KT444582.1,main,main,6.466728363608231,11.868091255178179
149,22,1.24199714266696,125.756005559169,41.6988191356294,125.918502021523,41.7737313515672,476.939828632874,475.697831490207,2012.37718093952,2013.61917808219,SC1_KU182964.1,main,main,15.873735199184555,12.780814587945535
187,106,0.927597590683488,102.760028786984,24.7686005461029,102.756089200107,24.7651130866833,477.717910824655,476.790313233972,2013.46966268329,2014.39726027397,SC1_KY417142.1,main,main,0.5549704128509079,0.5982878981412459
149,150,2.17313509511866,125.756005559169,41.6988191356294,125.91285031009,42.8283139148606,477.870966585326,475.697831490207,2012.37718093952,2014.55031603464,,main,main,126.12804393812368,58.03967006995334
187,107,1.37965238520405,102.760028786984,24.7686005461029,102.918034123917,24.8951530329642,478.169965619176,476.790313233972,2013.46966268329,2014.84931506849,SC1_KY417151.1,main,main,21.25148640645069,15.40350789398853
230,237,5.08511049576742,115.257447121326,24.3184971228335,114.414497939911,22.6246363696606,478.482174919791,473.397064424024,2010.07641387334,2015.16152436911,,main,main,206.41665617979822,40.59236399122667
188,189,2.48807124632354,102.261216616203,24.52947821559,102.30960814503,24.569064496017,478.526132537934,476.03806129161,2012.71741074093,2015.20548198725,,main,main,6.57754605208364,2.6436325172773287
189,193,0.0516403573503039,102.30960814503,24.569064496017,102.316356135814,24.5478901951072,478.577772895284,478.526132537934,2015.20548198725,2015.2571223446,,main,main,2.4429990070159024,47.307941547416995
189,190,0.263605227762671,102.30960814503,24.569064496017,102.338230871578,24.5751748354866,478.789737765696,478.526132537934,2015.20548198725,2015.46908721501,,main,main,2.977342285430743,11.294701211735086
279,7,21.8586223905228,122.483282986491,30.204426248342,122.419186407553,30.011718147013,478.854897126025,456.996274735502,1993.67562418482,2015.53424657534,SC1_MG772934.1,main,main,22.237835129526427,1.017348428104419
193,194,0.35121611621321,102.316356135814,24.5478901951072,102.292114480765,24.5407360653707,478.928989011497,478.577772895284,2015.2571223446,2015.60833846081,,main,main,2.5808149623793484,7.34822476316159
195,103,3.43803371741797,102.722032717776,24.9497699516138,103.010521560378,24.7117416996707,479.148047810956,475.710014093538,2012.38936354286,2015.82739726027,SC1_KY417152.1,main,main,39.314810684656564,11.435260359861378
190,191,0.372205253771315,102.338230871578,24.5751748354866,102.386953781931,24.5842994061639,479.161943019468,478.789737765696,2015.46908721501,2015.84129246879,,main,main,5.037610437781382,13.534495783545596
252,253,2.33693486278224,112.750846289405,24.2005317690929,112.732874134583,24.2463876754413,479.215536447393,476.878601584611,2013.55795103393,2015.89488589671,,main,main,5.397172484404159,2.3095091653425674
245,246,8.48169713504113,115.009453663477,25.1382004691274,115.246342500961,25.6045657303654,479.556957782492,471.07526064745,2007.75461009677,2016.23630723181,,main,main,56.899061809260694,6.70845243626879
147,30,14.1704102067232,125.058435798267,36.9242723189831,127.213247135285,35.3560022152549,479.651356441842,465.480946235119,2002.16029568444,2016.33070589116,SC1_KY938558.1,main,main,260.5529002721064,18.387110639075654
191,192,0.498321970756333,102.386953781931,24.5842994061639,102.392686005273,24.6011859354513,479.660264990224,479.161943019468,2015.84129246879,2016.33961443954,,main,main,1.958494633741618,3.9301791786725633
229,64,12.4656983962211,115.756466703082,24.3059808633143,114.760193109172,24.4865429425449,479.856274474629,467.390576078408,2004.06992552773,2016.53562392395,SC1_OK017812.1,main,main,103.01948222527093,8.264236703857737
230,231,6.48633523341421,115.257447121326,24.3184971228335,115.298368618636,24.3189312466966,479.883399657438,473.397064424024,2010.07641387334,2016.56274910676,,main,main,4.153794454675244,0.6403915778631152
207,95,100.339569481114,110.239019520745,28.958293062269,105.634846060775,28.6009541873972,479.940973928181,379.601404447067,1916.28075389638,2016.6203233775,SC1_MK211374.1,main,main,451.2856585909149,4.497584162705186
266,36,38.7497026657304,103.635516312849,30.8061862196121,103.285895511261,31.4900083214654,479.940973928181,441.19127126245,1977.87062071177,2016.6203233775,SC1_OK017846.1,main,main,82.82275548494786,2.13737783227418
190,113,1.15123616248449,102.338230871578,24.5751748354866,102.312733609568,24.5589940689186,479.940973928181,478.789737765696,2015.46908721501,2016.6203233775,SC1_OK017850.1,main,main,3.1438265055764756,2.730826747825367
194,109,1.01198491668365,102.292114480765,24.5407360653707,102.246721695486,24.4567255901082,479.940973928181,478.928989011497,2015.60833846081,2016.6203233775,SC1_OK017851.1,main,main,10.38071058035755,10.25777203713264
194,112,1.01198491668365,102.292114480765,24.5407360653707,101.167508009879,24.5751258568327,479.940973928181,478.928989011497,2015.60833846081,2016.6203233775,SC1_OK017847.1,main,main,113.99530063271749,112.64525661735016
192,111,0.280708937956843,102.392686005273,24.6011859354513,102.640526794903,24.7617896472211,479.940973928181,479.660264990224,2016.33961443954,2016.6203233775,SC1_OK017849.1,main,main,30.7516758075362,109.55004151760943
192,114,0.280708937956843,102.392686005273,24.6011859354513,102.414262905477,24.5654877340132,479.940973928181,479.660264990224,2016.33961443954,2016.6203233775,SC1_OK017848.1,main,main,4.517941606669019,16.09475508529629
173,135,16.8801083040539,102.833563975936,25.0290302666776,103.335468597356,25.2998306784361,480.025673381733,463.145565077679,1999.824914527,2016.70502283105,SC1_MK211375.1,main,main,58.82343881751622,3.4847785190684637
188,108,3.98761209012275,102.261216616203,24.52947821559,102.245159553536,24.6203210641131,480.025673381733,476.03806129161,2012.71741074093,2016.70502283105,SC1_MK211377.1,main,main,10.192960053132198,2.556156371975096
193,115,1.44790048644891,102.316356135814,24.5478901951072,101.430011678588,24.4633897588089,480.025673381733,478.577772895284,2015.2571223446,2016.70502283105,SC1_MK211378.1,main,main,90.31736730489628,62.37815937641318
191,110,0.863730362265223,102.386953781931,24.5842994061639,102.355401544647,24.5632288196524,480.025673381733,479.161943019468,2015.84129246879,2016.70502283105,SC1_MK211376.1,main,main,3.9575539450279114,4.581932183845908
231,232,0.178947649599695,115.298368618636,24.3189312466966,115.344852578246,24.1408838873828,480.062347307038,479.883399657438,2016.56274910676,2016.74169675636,,main,main,20.27810318854483,113.31863387927612
202,203,8.46117559682989,105.522391741924,25.4455392097745,105.486174366312,25.3229350321199,480.110787904198,471.649612307368,2008.32896175669,2016.79013735352,,main,main,14.062448345189098,1.661996986619426
253,254,1.20022839025924,112.732874134583,24.2463876754413,112.758391433065,24.2121887665884,480.415764837652,479.215536447393,2015.89488589671,2017.09511428697,,main,main,4.589754143722687,3.8240673033332726
279,6,23.4476634864131,122.483282986491,30.204426248342,122.21069548509,30.1840521732447,480.443938221915,456.996274735502,1993.67562418482,2017.12328767123,SC1_MG772933.1,main,main,26.346564989147577,1.1236328517088394
232,233,0.485042664098526,115.344852578246,24.1408838873828,115.291123171087,24.0398315541567,480.547389971136,480.062347307038,2016.74169675636,2017.22673942045,,main,main,12.45468627629787,25.677506739423585
232,235,0.651700095309359,115.344852578246,24.1408838873828,115.344864364484,24.0224753340207,480.714047402347,480.062347307038,2016.74169675636,2017.39339685166,,main,main,13.114860433172682,20.124073216449535
233,234,0.173819612437014,115.291123171087,24.0398315541567,115.28132411168,23.8387113307903,480.721209583573,480.547389971136,2017.22673942045,2017.40055903289,,main,main,22.29786628125985,128.28164767275499
235,236,0.146660212564126,115.344864364484,24.0224753340207,115.361172377976,24.1483176600111,480.860707614911,480.714047402347,2017.39339685166,2017.54005706423,,main,main,14.03652548520137,95.7077944985523
150,153,3.05052772486936,125.91285031009,42.8283139148606,123.989572339955,40.2218518461264,480.921494310195,477.870966585326,2014.55031603464,2017.60084375951,,main,main,330.98833279416044,108.50199134260782
176,128,4.21616124447487,102.696868752387,25.5239367808173,111.606117815824,22.8950229793361,480.939828632874,476.723667388399,2013.40301683772,2017.61917808219,SC1_OK017792.1,main,main,950.4783533547151,225.43690770847135
249,94,49.7584422759533,113.853199417385,24.7057195567137,114.054577428129,24.3635531020047,481.024760139724,431.26631786377,1967.94566731309,2017.70410958904,SC1_OK017823.1,main,main,43.04421400292838,0.8650635356350435
252,87,4.14615855511271,112.750846289405,24.2005317690929,112.447570865533,24.3405976394612,481.024760139724,476.878601584611,2013.55795103393,2017.70410958904,SC1_OK017822.1,main,main,34.48116079592071,8.316411525893361
237,56,2.54258521993225,114.414497939911,22.6246363696606,114.399150107457,22.6363273919639,481.024760139724,478.482174919791,2015.16152436911,2017.70410958904,SC1_OK017813.1,main,main,2.0409342768280516,0.8027004408066348
237,55,2.54258521993225,114.414497939911,22.6246363696606,114.429259793426,22.6428389254476,481.024760139724,478.482174919791,2015.16152436911,2017.70410958904,SC1_OK017819.1,main,main,2.523074246705429,0.9923263247682447
253,92,1.80922369233047,112.732874134583,24.2463876754413,112.828664896845,24.2417389347914,481.024760139724,479.215536447393,2015.89488589671,2017.70410958904,SC1_OK017824.1,main,main,9.742026500499886,5.384644553239922
231,59,1.14136048228546,115.298368618636,24.3189312466966,114.946373967786,24.5860764185893,481.024760139724,479.883399657438,2016.56274910676,2017.70410958904,SC1_OK017820.1,main,main,46.360946670792146,40.619022114695085
233,62,0.477370168587242,115.291123171087,24.0398315541567,115.26294087006,24.0348723880126,481.024760139724,480.547389971136,2017.22673942045,2017.70410958904,SC1_OK017814.1,main,main,2.918916569273648,6.114576823918565
235,61,0.310712737376409,115.344864364484,24.0224753340207,115.189530338884,23.9518039024179,481.024760139724,480.714047402347,2017.39339685166,2017.70410958904,SC1_OK017816.1,main,main,17.638946727422137,56.76930684065797
234,58,0.303550556150229,115.28132411168,23.8387113307903,115.280714361773,23.8244495826999,481.024760139724,480.721209583573,2017.40055903289,2017.70410958904,SC1_OK017815.1,main,main,1.5807923952539342,5.207674185487542
234,57,0.303550556150229,115.28132411168,23.8387113307903,115.817504274459,23.5059519023107,481.024760139724,480.721209583573,2017.40055903289,2017.70410958904,SC1_OK017818.1,main,main,65.95235033423936,217.26973974509582
236,60,0.164052524812283,115.361172377976,24.1483176600111,115.344110053559,24.1583478951286,481.024760139724,480.860707614911,2017.54005706423,2017.70410958904,SC1_OK017817.1,main,main,2.059411616671473,12.553367398812993
236,63,0.164052524812283,115.361172377976,24.1483176600111,115.097482953883,24.0625510364396,481.024760139724,480.860707614911,2017.54005706423,2017.70410958904,SC1_OK017821.1,main,main,28.44222771849893,173.3726911612237
150,151,3.24135378242543,125.91285031009,42.8283139148606,124.704286315333,42.2295280363818,481.112320367751,477.870966585326,2014.55031603464,2017.79166981707,,main,main,119.51437563473434,36.87174670125163
254,255,1.26068200172433,112.758391433065,24.2121887665884,112.743680955981,24.2038054834676,481.676446839377,480.415764837652,2017.09511428697,2018.35579628869,,main,main,1.7593827654124792,1.3955801407540032
151,152,0.773413780753212,124.704286315333,42.2295280363818,123.825410895137,41.8537009462438,481.885734148505,481.112320367751,2017.79166981707,2018.56508359782,,main,main,83.89094780484011,108.4683902621187
274,12,10.2482541724994,101.691364963842,21.4657355519737,101.762480580576,21.2771188626025,481.939828632874,471.691574460375,2008.37092390969,2018.61917808219,SC1_MW703458.1,main,main,22.14811104679809,2.1611594203265634
273,275,26.0075872102076,101.383441767277,21.2825710787426,101.988247764036,18.8469950992155,482.290958300301,456.283371090093,1992.96272053941,2018.97030774962,,main,main,276.952192469757,10.648899885686332
255,256,1.03870639692225,112.743680955981,24.2038054834676,112.655564852953,24.1626290303486,482.715153236299,481.676446839377,2018.35579628869,2019.39450268562,,main,main,10.04791898200709,9.673492925218985
272,8,13.6420805719948,101.461219743174,21.0335997061904,101.72566858196,21.2300466053113,482.838458769861,469.196378197866,2005.87572764718,2019.51780821918,SC1_EPI_ISL_412977,main,main,35.03873061207821,2.5684301179108715
256,90,0.224675396575206,112.655564852953,24.1626290303486,112.654576834977,24.1607515167044,482.939828632874,482.715153236299,2019.39450268562,2019.61917808219,SC1_OK017825.1,main,main,0.23092539728881908,1.0278179133491416
256,89,0.224675396575206,112.655564852953,24.1626290303486,112.579999126816,24.1812762075858,482.939828632874,482.715153236299,2019.39450268562,2019.61917808219,SC1_OK017826.1,main,main,7.951612325986455,35.39155798630046
176,177,6.25143444141616,102.696868752387,25.5239367808173,102.90594564083,26.8680426973866,482.975101829816,476.723667388399,2013.40301683772,2019.65445127913,,main,main,150.37390588835237,24.054304223701916
262,43,6.83339948280999,110.969120043179,30.0337938019847,109.193373195029,24.5256817790935,483.024760139724,476.191360656914,2012.87071010623,2019.70410958904,SC1_OK017859.1,main,main,635.1286470423074,92.94475592127003
254,91,2.60899530207123,112.758391433065,24.2121887665884,111.409819431243,22.9502053751169,483.024760139724,480.415764837652,2017.09511428697,2019.70410958904,SC1_OK017827.1,main,main,196.1731006742216,75.1910517119305
255,88,1.3483133003469,112.743680955981,24.2038054834676,112.378115107294,24.1038348896359,483.024760139724,481.676446839377,2018.35579628869,2019.70410958904,SC1_OK017828.1,main,main,38.76755120068924,28.752628332535885
177,178,0.186456525219049,102.90594564083,26.8680426973866,103.17959753206,26.7907671183628,483.161558355035,482.975101829816,2019.65445127913,2019.84090780435,,main,main,28.517853995898957,152.94639842931858
178,179,0.385372385702898,103.17959753206,26.7907671183628,103.155367361778,26.82297044322,483.546930740737,483.161558355035,2019.84090780435,2020.22628019005,,main,main,4.30525397231076,11.171672211173654
153,154,2.63582916207024,123.989572339955,40.2218518461264,124.044222376482,40.2664266975144,483.557323472266,480.921494310195,2017.60084375951,2020.23667292158,,main,main,6.7912976491385875,2.576531797608821
178,180,0.409567591447731,103.17959753206,26.7907671183628,103.183371077855,26.8242014829671,483.571125946482,483.161558355035,2019.84090780435,2020.2504753958,,main,main,3.7234939656902575,9.091280764009008
180,181,0.124646736364539,103.183371077855,26.8242014829671,103.132849392922,26.9279569169743,483.695772682847,483.571125946482,2020.2504753958,2020.37512213216,,main,main,12.544504710739089,100.64045860014912
272,9,14.5588033805883,101.461219743174,21.0335997061904,101.687121040273,21.3790852645589,483.755181578454,469.196378197866,2005.87572764718,2020.43453102777,SC1_MZ081381.1,main,main,44.87022437549501,3.081999474992695
174,126,18.1280461522518,102.53888272697,25.0839709380202,102.899003178077,22.9202187209074,483.774307261514,465.646261109262,2002.32561055858,2020.45365671083,SC1_OK017858.1,main,main,242.43813982510375,13.373649746306992
177,131,0.799205431698714,102.90594564083,26.8680426973866,102.956486572109,26.9704960117122,483.774307261514,482.975101829816,2019.65445127913,2020.45365671083,SC1_OK017857.1,main,main,12.412482675855244,15.53102892390567
179,134,0.227376520776768,103.155367361778,26.82297044322,103.1631916585,26.9023423092069,483.774307261514,483.546930740737,2020.22628019005,2020.45365671083,SC1_OK017853.1,main,main,8.82881605996633,38.82905776640948
179,132,0.227376520776768,103.155367361778,26.82297044322,103.127929292756,26.8122452308042,483.774307261514,483.546930740737,2020.22628019005,2020.45365671083,SC1_OK017852.1,main,main,2.975362166500982,13.085617443421567
180,129,0.203181315031934,103.183371077855,26.8242014829671,103.078609338686,26.7019305363053,483.774307261514,483.571125946482,2020.2504753958,2020.45365671083,SC1_OK017854.1,main,main,17.091223612209436,84.11808738182056
181,130,0.0785345786673948,103.132849392922,26.9279569169743,103.081457930064,26.9532987462178,483.774307261514,483.695772682847,2020.37512213216,2020.45365671083,SC1_OK017855.1,main,main,5.824993316607599,74.17106471376488
181,133,0.0785345786673948,103.132849392922,26.9279569169743,103.201151308782,26.9241798760221,483.774307261514,483.695772682847,2020.37512213216,2020.45365671083,SC1_OK017856.1,main,main,6.79662392702649,86.54307494041785
270,2,71.410441181979,102.527251325024,23.7341646813994,101.050527879541,13.5229346925718,483.823487589383,412.413046407404,1949.09239585672,2020.5028370387,SC1_MW251308.1,main,main,1140.9347568853057,15.977141969726828
242,80,7.02371491508537,113.709344769743,30.1517390620897,113.870355928426,30.2036555392415,483.856274474629,476.832559559544,2013.51190900886,2020.53562392395,SC1_OK017802.1,main,main,16.541120506735652,2.355038709103785
242,81,7.02371491508537,113.709344769743,30.1517390620897,113.751800922882,30.2378095768553,483.856274474629,476.832559559544,2013.51190900886,2020.53562392395,SC1_OK017801.1,main,main,10.380444007704135,1.4779136302086038
275,11,1.58170961695141,101.988247764036,18.8469950992155,102.001648126747,18.817528386281,483.872667917252,482.290958300301,2018.97030774962,2020.55201736657,SC1_MZ937002.1,main,main,3.554330559028654,2.247144811497876
275,10,1.58990633826278,101.988247764036,18.8469950992155,102.205248100001,18.5332906498439,483.880864638563,482.290958300301,2018.97030774962,2020.56021408788,SC1_MZ937004.1,main,main,41.58947217918201,26.158441650484253
154,155,0.361677829370429,124.044222376482,40.2664266975144,124.009093509341,40.2939961505528,483.919001301636,483.557323472266,2020.23667292158,2020.59835075095,,main,main,4.277469030625617,11.826738282718042
277,278,44.1830654120667,114.999288478774,27.9755172446431,112.040613311243,26.7623180281431,483.972999915216,439.789934503149,1976.46928395247,2020.65234936453,,main,main,322.079390446566,7.289656963425717
175,127,17.8031598460426,102.703133829587,25.1333120908348,102.868849284466,25.6556252367553,484.025673381733,466.22251353569,2002.90186298501,2020.70502283105,SC1_OK017793.1,main,main,60.21610732060302,3.38232694877411
153,26,3.1041790715375,123.989572339955,40.2218518461264,124.485514140317,40.4940695974809,484.025673381733,480.921494310195,2017.60084375951,2020.70502283105,SC1_OK017797.1,main,main,51.85063251775917,16.703492718310724
151,27,2.91335301398143,124.704286315333,42.2295280363818,124.575100103549,42.2929989722898,484.025673381733,481.112320367751,2017.79166981707,2020.70502283105,SC1_OK017794.1,main,main,12.779915187309237,4.386668943302556
152,29,2.13993923322822,123.825410895137,41.8537009462438,123.786422866431,41.7397291599238,484.025673381733,481.885734148505,2018.56508359782,2020.70502283105,SC1_OK017799.1,main,main,13.066941990246583,6.1062210493399665
152,28,2.13993923322822,123.825410895137,41.8537009462438,123.813721224265,41.8935761521231,484.025673381733,481.885734148505,2018.56508359782,2020.70502283105,SC1_OK017800.1,main,main,4.534037282383039,2.118769174367249
154,24,0.468349909467259,124.044222376482,40.2664266975144,124.044736498748,40.242087225327,484.025673381733,483.557323472266,2020.23667292158,2020.70502283105,SC1_OK017798.1,main,main,2.7029972911821134,5.771320195741539
155,23,0.106672080096831,124.009093509341,40.2939961505528,124.172053761512,40.1782409665177,484.025673381733,483.919001301636,2020.59835075095,2020.70502283105,SC1_OK017795.1,main,main,18.908284768981215,177.25617379746717
155,25,0.106672080096831,124.009093509341,40.2939961505528,123.99974560219,40.3036101267171,484.025673381733,483.919001301636,2020.59835075095,2020.70502283105,SC1_OK017796.1,main,main,1.3308981398342687,12.476536865374268
259,44,10.4976180738942,113.890147475305,28.0974858424798,113.876987428709,28.0910919429651,484.443938221915,473.946320148021,2010.62566959734,2021.12328767123,SC1_OK017832.1,main,main,1.4747051200836119,0.14047997457165584
262,42,8.25257756500158,110.969120043179,30.0337938019847,110.935770153992,30.0338581083959,484.443938221915,476.191360656914,2012.87071010623,2021.12328767123,SC1_OK017833.1,main,main,3.216722798871472,0.3897840127566079
278,4,0.470938306699639,112.040613311243,26.7623180281431,112.082738317282,26.7525410501063,484.443938221915,483.972999915216,2020.65234936453,2021.12328767123,SC1_OK017804.1,main,main,4.327817063744969,9.189774970897025
278,5,0.470938306699639,112.040613311243,26.7623180281431,111.993229679891,26.8959896790951,484.443938221915,483.972999915216,2020.65234936453,2021.12328767123,SC1_OK017803.1,main,main,15.54185037863206,33.00188189733424
277,3,44.7307160475334,114.999288478774,27.9755172446431,113.811559257187,28.5090640098196,484.520650550682,439.789934503149,1976.46928395247,2021.2,SC1_OK017805.1,main,main,130.70339961781264,2.922005529241244
265,37,24.5169681538713,111.798361727339,28.1389249186679,113.027647124463,29.1111251856004,484.520650550682,460.003682396811,1996.68303184613,2021.2,SC1_OK017834.1,main,main,161.42926600211476,6.584389431391606
265,38,24.5169681538713,111.798361727339,28.1389249186679,110.844002498831,27.4982503584963,484.520650550682,460.003682396811,1996.68303184613,2021.2,SC1_OK017835.1,main,main,117.82154698938248,4.805714403588607
202,139,12.8710382433148,105.522391741924,25.4455392097745,105.451341244476,25.4296243882257,484.520650550682,471.649612307368,2008.32896175669,2021.2,SC1_OK017829.1,main,main,7.361187334607581,0.5719186902758969
203,137,4.40986264648487,105.486174366312,25.3229350321199,105.111257802401,25.4049560654621,484.520650550682,480.110787904198,2016.79013735352,2021.2,SC1_OK017830.1,main,main,38.81408495038627,8.801653942969228
203,138,4.40986264648487,105.486174366312,25.3229350321199,105.514508177174,25.2692504490408,484.520650550682,480.110787904198,2016.79013735352,2021.2,SC1_OK017831.1,main,main,6.5961464656004924,1.4957714093109735
274,13,12.954007597157,101.691364963842,21.4657355519737,101.516371102532,21.472232492911,484.645582057532,471.691574460375,2008.37092390969,2021.32493150685,SC1_OK017806.1,main,main,18.151001460941494,1.401188113007211
244,46,25.6771694313598,115.119629294125,25.1959181536883,116.13728716973,25.6653866550476,484.687773838354,459.010604406994,1995.68995385631,2021.36712328767,SC1_OK017808.1,main,main,114.82413354833889,4.471837671020816
227,54,19.9268914999157,116.242150905774,25.4491422934423,116.238925687595,25.3626001475813,484.687773838354,464.760882338438,2001.44023178776,2021.36712328767,SC1_OK017810.1,main,main,9.592539900093623,0.4813866678670983
228,53,7.86696616236308,116.271345570013,25.5011916191661,116.48478031736,25.7176631505822,484.687773838354,476.820807675991,2013.50015712531,2021.36712328767,SC1_OK017809.1,main,main,32.16699432747409,4.088869033321451
228,52,7.86696616236308,116.271345570013,25.5011916191661,116.750515015207,25.3750797043301,484.687773838354,476.820807675991,2013.50015712531,2021.36712328767,SC1_OK017811.1,main,main,50.18308232671655,6.378962523927083
247,248,10.3521510794757,115.368865660076,25.4815393808973,116.111576320592,25.9670041276393,484.742004976671,474.389853897196,2011.06920334651,2021.42135442599,,main,main,91.9091654886247,8.87826740384855
250,93,42.0866767218997,113.948421793711,24.8155245822324,115.218395463432,25.8135149525051,484.854897126025,442.768220404125,1979.44756985344,2021.53424657534,SC1_OK017842.1,main,main,169.03780246195413,4.016420768475543
239,78,25.7721426651463,113.461143621139,30.0798824282575,116.067386110417,30.6612859519536,484.854897126025,459.082754460879,1995.7621039102,2021.53424657534,SC1_OK017807.1,main,main,258.6778432259432,10.037110479594451
211,85,20.1487709694581,114.642410163934,25.5609132085038,114.054282037326,25.3588109532558,484.854897126025,464.706126156567,2001.38547560588,2021.53424657534,SC1_OK017843.1,main,main,63.244106837590536,3.138856803397944
211,84,20.1487709694581,114.642410163934,25.5609132085038,114.880197008551,25.2476256614348,484.854897126025,464.706126156567,2001.38547560588,2021.53424657534,SC1_OK017841.1,main,main,42.15339011471123,2.092107264438519
240,82,19.2288070753144,113.43279146722,30.0909024781791,115.865831088844,29.0338484072501,484.854897126025,465.626090050711,2002.30543950003,2021.53424657534,SC1_OK017836.1,main,main,263.2770806741001,13.69180519846655
241,79,15.4918444828515,113.610938398315,30.011234611324,115.879430929227,29.1064094665089,484.854897126025,469.363052643173,2006.04240209249,2021.53424657534,SC1_OK017837.1,main,main,241.6305193234606,15.597272461063653
259,45,10.908576978004,113.890147475305,28.0974858424798,114.680028641674,26.0850419055708,484.854897126025,473.946320148021,2010.62566959734,2021.53424657534,SC1_OK017860.1,main,main,236.34606301238512,21.66607647257311
247,49,10.4650432288294,115.368865660076,25.4815393808973,115.296356927505,25.4237780753461,484.854897126025,474.389853897196,2011.06920334651,2021.53424657534,SC1_OK017838.1,main,main,9.701963127584698,0.9270829480051695
246,48,5.29793934353352,115.246342500961,25.6045657303654,115.184992530846,25.6022041429415,484.854897126025,479.556957782492,2016.23630723181,2021.53424657534,SC1_OK017845.1,main,main,6.168247466962604,1.16427294972551
246,47,5.29793934353352,115.246342500961,25.6045657303654,115.632933425337,24.8136430063652,484.854897126025,479.556957782492,2016.23630723181,2021.53424657534,SC1_OK017844.1,main,main,95.88682144028088,18.09889000660549
248,50,0.11289214935371,116.111576320592,25.9670041276393,116.151035827597,25.9268557535871,484.854897126025,484.742004976671,2021.42135442599,2021.53424657534,SC1_OK017840.1,main,main,5.950231750740945,52.70722352975912
248,51,0.11289214935371,116.111576320592,25.9670041276393,116.094325204736,25.9253282460215,484.854897126025,484.742004976671,2021.42135442599,2021.53424657534,SC1_OK017839.1,main,main,4.9298923452002725,43.6690449550579
206,99,1.83513136908531,107.350741682912,23.5826489088007,107.251909464178,23.4865334911041,483.359006715066,481.523875345981,2018.2032247953,2020.03835616438,Ghost1,,,14.668564481344445,7.993195870579958
206,98,1.83513136908531,107.350741682912,23.5826489088007,107.410229055769,23.5627441876247,483.359006715066,481.523875345981,2018.2032247953,2020.03835616438,Ghost2,,,6.460513307310102,3.5204636660590873
204,205,7.60001190944547,105.301085080545,25.7708306097432,105.28527226556,25.4538636610666,457.362418745234,449.762406835788,1986.44175628511,1994.04176819455,sc_ghost_mrca,,,35.15016304105248,4.6250142052234215
204,205,16.51166837241999,105.301085080545,25.7708306097432,109.69687752932518,21.653213622305277,457.362418745234,449.762406835788,1986.44175628511,2002.95342465753,ghostMRCAparent_to_SC1_AY394995.1,,,639.3507885020932,38.721150042597934
205,97,8.91165646298313,105.28527226556,25.4538636610666,109.69687752932518,21.653213622305277,466.274075208217,457.362418745234,1994.04176819455,2002.95342465753,SC1_AY394995.1,,,616.3853149291533,69.16618896716555
