node1,node2,length,startLon,startLat,endLon,endLat,endNodeL,startNodeL,startYear,endYear,tipLabel
228,241,21.3277965,114.721467472216,22.4513438958744,117.18388810282,27.1436541702237,3459.63095413,3438.30315763,1957.75081620534,1979.07861270534,NA
228,229,23.4260032,114.721467472216,22.4513438958744,114.415763013122,22.427657066549,3461.72916083,3438.30315763,1957.75081620534,1981.17681940534,NA
150,183,3.257360444,102.331853742494,24.3648928675379,102.232200441647,24.0908833374132,3463.192970154,3459.93560971,1979.38326828534,1982.64062872934,NA
145,146,36.49769339,102.446447663116,24.7057479269759,101.015553334932,23.2878257679375,3464.98543458,3428.48774119,1947.93539976534,1984.43309315534,NA
183,207,10.23282306,102.232200441647,24.0908833374132,102.478454916185,23.8416650331715,3473.425793214,3463.192970154,1982.64062872934,1992.87345178934,NA
207,208,1.824713768,102.478454916185,23.8416650331715,103.161208608242,24.4995539615378,3475.250506982,3473.425793214,1992.87345178934,1994.69816555734,NA
256,257,22.33742089,105.468809147609,31.1442626752459,104.695042167353,30.7817843439866,3477.35605989,3455.018639,1974.46629757534,1996.80371846534,NA
146,148,12.7044039,101.015553334932,23.2878257679375,100.96762059654,23.2734119795589,3477.68983848,3464.98543458,1984.43309315534,1997.13749705534,NA
183,184,15.36733374,102.232200441647,24.0908833374132,112.909970690736,24.4057467592102,3478.560303894,3463.192970154,1982.64062872934,1998.00796246934,NA
222,223,17.67066838,111.705449317282,30.0307085079195,111.633812081005,30.7914905347676,3481.56045659,3463.88978821,1983.33744678534,2001.00811516534,NA
184,189,3.243735207,112.909970690736,24.4057467592102,113.156361725769,24.4490768344676,3481.804039101,3478.560303894,1998.00796246934,2001.25169767634,NA
150,151,22.51279391,102.331853742494,24.3648928675379,102.62390487091,24.8310413706083,3482.44840362,3459.93560971,1979.38326828534,2001.89606219534,NA
208,209,7.343537779,103.161208608242,24.4995539615378,103.123627968379,24.6355729753493,3482.594044761,3475.250506982,1994.69816555734,2002.04170333634,NA
184,185,4.792518984,112.909970690736,24.4057467592102,113.028046159046,24.2107093662329,3483.352822878,3478.560303894,1998.00796246934,2002.80048145334,NA
241,243,24.45877835,117.18388810282,27.1436541702237,117.06219234846,26.8241327127539,3484.08973248,3459.63095413,1979.07861270534,2003.53739105534,NA
243,245,0.902728419,117.06219234846,26.8241327127539,116.42593329184,26.7164556073633,3484.992460899,3484.08973248,2003.53739105534,2004.44011947434,NA
256,259,32.072988,105.468809147609,31.1442626752459,113.125828540576,36.5045461560369,3487.091627,3455.018639,1974.46629757534,2006.53928557534,NA
207,215,14.11050666,102.478454916185,23.8416650331715,102.566689855051,23.904078718465,3487.536299874,3473.425793214,1992.87345178934,2006.98395844934,NA
146,147,22.95750269,101.015553334932,23.2878257679375,100.268012058132,22.2051543341887,3487.94293727,3464.98543458,1984.43309315534,2007.39059584534,NA
245,246,3.02151915,116.42593329184,26.7164556073633,117.030757393646,27.3786253225985,3488.013980049,3484.992460899,2004.44011947434,2007.46163862434,NA
276,277,60.91614886,101.60913123613,22.4766674938115,101.751049267496,21.8985858106433,3489.21519576,3428.2990469,1947.74670547534,2008.66285433534,NA
209,213,6.623454163,103.123627968379,24.6355729753493,106.187671928575,26.7471096644052,3489.217498924,3482.594044761,2002.04170333634,2008.66515749934,NA
257,258,11.92077845,104.695042167353,30.7817843439866,109.604776696349,26.7904079504837,3489.27683834,3477.35605989,1996.80371846534,2008.72449691534,NA
246,247,1.801135753,117.030757393646,27.3786253225985,117.206803783347,27.0457821452632,3489.815115802,3488.013980049,2007.46163862434,2009.26277437734,NA
151,162,7.856463713,102.62390487091,24.8310413706083,102.596998482569,24.7181173138103,3490.304867333,3482.44840362,2001.89606219534,2009.75252590834,NA
189,190,9.363329343,113.156361725769,24.4490768344676,113.116615002014,24.4075260929298,3491.167368444,3481.804039101,2001.25169767634,2010.61502701934,NA
190,191,0.01129941272,113.116615002014,24.4075260929298,113.08487623333,24.4393105975468,3491.17866785672,3491.167368444,2010.61502701934,2010.62632643206,NA
229,230,29.55487036,114.415763013122,22.427657066549,114.194650288555,22.3625010294332,3491.28403119,3461.72916083,1981.17681940534,2010.73168976534,NA
151,152,9.21135965,102.62390487091,24.8310413706083,102.723644124468,25.0060151856776,3491.65976327,3482.44840362,2001.89606219534,2011.10742184534,NA
246,251,3.936246542,117.030757393646,27.3786253225985,117.422719315033,27.7871016711254,3491.950226591,3488.013980049,2007.46163862434,2011.39788516634,NA
162,169,1.939980943,102.596998482569,24.7181173138103,102.631828172899,24.7631364140295,3492.244848276,3490.304867333,2009.75252590834,2011.69250685134,NA
189,205,10.98769239,113.156361725769,24.4490768344676,112.029349914696,24.0482590990134,3492.791731491,3481.804039101,2001.25169767634,2012.23939006634,NA
190,193,1.62554456,113.116615002014,24.4075260929298,113.193054250364,24.3705468084127,3492.792913004,3491.167368444,2010.61502701934,2012.24057157934,NA
162,163,2.498414928,102.596998482569,24.7181173138103,102.664295830395,24.9844066422426,3492.803282261,3490.304867333,2009.75252590834,2012.25094083634,NA
245,253,7.991747199,116.42593329184,26.7164556073633,116.246905478174,29.3635794841673,3492.984208098,3484.992460899,2004.44011947434,2012.43186667334,NA
277,278,3.95484972,101.751049267496,21.8985858106433,101.508095352999,21.5393576289397,3493.17004548,3489.21519576,2008.66285433534,2012.61770405534,NA
247,248,3.527933015,117.206803783347,27.0457821452632,117.502769857384,27.1590706950942,3493.343048817,3489.815115802,2009.26277437734,2012.79070739234,NA
241,242,33.82065789,117.18388810282,27.1436541702237,122.189906659685,29.8352791341827,3493.45161202,3459.63095413,1979.07861270534,2012.89927059534,NA
209,210,11.26611231,103.123627968379,24.6355729753493,102.934589895686,24.8651394644594,3493.860157071,3482.594044761,2002.04170333634,2013.30781564634,NA
205,206,1.548415743,112.029349914696,24.0482590990134,111.726523013169,24.4480908149096,3494.340147234,3492.791731491,2012.23939006634,2013.78780580934,NA
163,164,1.544512888,102.664295830395,24.9844066422426,102.912862863537,24.7999191241995,3494.347795149,3492.803282261,2012.25094083634,2013.79545372434,NA
243,244,10.5678322,117.06219234846,26.8241327127539,119.297842258898,28.1298615198443,3494.65756468,3484.08973248,2003.53739105534,2014.10522325534,NA
248,250,1.893794853,117.502769857384,27.1590706950942,117.692399958294,27.761817406553,3495.23684367,3493.343048817,2012.79070739234,2014.68450224534,NA
193,196,2.580283203,113.193054250364,24.3705468084127,113.993121732451,25.1344165740686,3495.373196207,3492.792913004,2012.24057157934,2014.82085478234,NA
259,260,8.336623946,113.125828540576,36.5045461560369,125.48612737638,41.5685344122628,3495.428250946,3487.091627,2006.53928557534,2014.87590952134,NA
152,153,3.864602305,102.723644124468,25.0060151856776,102.438713665637,25.2612046580303,3495.524365575,3491.65976327,2011.10742184534,2014.97202415034,NA
260,264,0.1236787019,125.48612737638,41.5685344122628,125.493656238384,41.5752096251738,3495.5519296479,3495.428250946,2014.87590952134,2014.99958822324,NA
169,170,3.323542037,102.631828172899,24.7631364140295,102.699039335211,24.8021212025545,3495.568390313,3492.244848276,2011.69250685134,2015.01604888834,NA
185,186,12.78569211,113.028046159046,24.2107093662329,114.757059240873,24.7480810064644,3496.138514988,3483.352822878,2002.80048145334,2015.58617356334,NA
196,203,0.8633413019,113.993121732451,25.1344165740686,114.166611020892,25.4392343256862,3496.2365375089,3495.373196207,2014.82085478234,2015.68419608424,NA
253,254,3.393740752,116.246905478174,29.3635794841673,115.768450298764,29.4792877311311,3496.37794885,3492.984208098,2012.43186667334,2015.82560742534,NA
264,265,0.8341419807,125.493656238384,41.5752096251738,125.474144631781,41.5962166696277,3496.3860716286,3495.5519296479,2014.99958822324,2015.83373020394,NA
278,279,3.629794309,101.508095352999,21.5393576289397,102.297379370907,18.1332655689682,3496.799839789,3493.17004548,2012.61770405534,2016.24749836434,NA
153,154,1.353618852,102.438713665637,25.2612046580303,102.450872418116,25.3054941748964,3496.877984427,3495.524365575,2014.97202415034,2016.32564300234,NA
153,160,1.523184962,102.438713665637,25.2612046580303,102.280598288568,24.9857471021464,3497.047550537,3495.524365575,2014.97202415034,2016.49520911234,NA
170,171,1.668632371,102.699039335211,24.8021212025545,102.743452270748,24.7307787334559,3497.237022684,3495.568390313,2015.01604888834,2016.68468125934,NA
193,194,4.500311422,113.193054250364,24.3705468084127,113.309098733362,24.6328305078322,3497.293224426,3492.792913004,2012.24057157934,2016.74088300134,NA
171,179,0.9908544538,102.743452270748,24.7307787334559,105.539864615715,25.2727177322935,3498.2278771378,3497.237022684,2016.68468125934,2017.67553571314,NA
194,195,1.253895976,113.309098733362,24.6328305078322,113.324048273855,24.8409523634765,3498.547120402,3497.293224426,2016.74088300134,2017.99477897734,NA
229,232,37.03304821,114.415763013122,22.427657066549,114.351426868998,22.5854785043829,3498.76220904,3461.72916083,1981.17681940534,2018.20986761534,NA
171,172,1.657745712,102.743452270748,24.7307787334559,102.690778655249,24.8384064354607,3498.894768396,3497.237022684,2016.68468125934,2018.34242697134,NA
265,268,2.540243461,125.474144631781,41.5962166696277,125.655541171539,41.3625618715113,3498.9263150896,3496.3860716286,2015.83373020394,2018.37397366494,NA
265,266,2.704995032,125.474144631781,41.5962166696277,124.286638812797,41.309421577858,3499.0910666606,3496.3860716286,2015.83373020394,2018.53872523594,NA
196,197,3.880266925,113.993121732451,25.1344165740686,113.056105170234,24.2985614705936,3499.253463132,3495.373196207,2014.82085478234,2018.70112170734,NA
191,192,8.651766447,113.08487623333,24.4393105975468,112.858044611732,24.8489245445914,3499.83043430372,3491.17866785672,2010.62632643206,2019.27809287906,NA
164,165,5.671998572,102.912862863537,24.7999191241995,102.861814895329,24.8609470582049,3500.019793721,3494.347795149,2013.79545372434,2019.46745229634,NA
266,267,0.962101283,124.286638812797,41.309421577858,124.313353866157,41.2872230391711,3500.0531679436,3499.0910666606,2018.53872523594,2019.50082651894,NA
223,224,18.75046175,111.633812081005,30.7914905347676,111.475752520734,30.9268572404447,3500.31091834,3481.56045659,2001.00811516534,2019.75857691534,NA
224,225,0.02767133664,111.475752520734,30.9268572404447,111.455109977457,30.9432147679374,3500.33858967664,3500.31091834,2019.75857691534,2019.78624825198,NA
197,198,1.090563186,113.056105170234,24.2985614705936,113.580111507019,24.0222588842191,3500.344026318,3499.253463132,2018.70112170734,2019.79168489334,NA
197,200,1.181465937,113.056105170234,24.2985614705936,113.229223535233,24.2648049108261,3500.434929069,3499.253463132,2018.70112170734,2019.88258764434,NA
172,176,1.584390607,102.690778655249,24.8384064354607,102.666834452681,25.003613252574,3500.479159003,3498.894768396,2018.34242697134,2019.92681757834,NA
232,233,1.745893235,114.351426868998,22.5854785043829,114.187497925295,22.2533197403867,3500.508102275,3498.76220904,2018.20986761534,2019.95576085034,NA
210,211,6.803894107,102.934589895686,24.8651394644594,102.591378714334,24.7965143614376,3500.664051178,3493.860157071,2013.30781564634,2020.11170975334,NA
259,269,13.5769859,113.125828540576,36.5045461560369,113.551090213071,36.816319489175,3500.6686129,3487.091627,2006.53928557534,2020.11627147534,NA
154,155,3.804707635,102.450872418116,25.3054941748964,102.430182743816,24.9651648036519,3500.682692062,3496.877984427,2016.32564300234,2020.13035063734,NA
172,173,1.841623127,102.690778655249,24.8384064354607,102.469472857105,24.8248680005636,3500.736391523,3498.894768396,2018.34242697134,2020.18405009834,NA
226,227,47.47002923,111.584591607179,29.5812484553462,111.047760029714,29.5533415776258,3500.7655275,3453.29549827,1972.74315684534,2020.21318607534,NA
186,187,4.692352105,114.757059240873,24.7480810064644,115.388843737034,24.2254306954134,3500.830867093,3496.138514988,2015.58617356334,2020.27852566834,NA
173,174,0.09903247705,102.469472857105,24.8248680005636,102.462400752485,24.8231795136972,3500.83542400005,3500.736391523,2020.18405009834,2020.28308257539,NA
254,255,4.533209617,115.768450298764,29.4792877311311,115.432065991573,29.7750520412602,3500.911158467,3496.37794885,2015.82560742534,2020.35881704234,NA
174,175,0.1860695708,102.462400752485,24.8231795136972,102.07675459536,25.2162641037433,3501.02149357085,3500.83542400005,2020.28308257539,2020.46915214619,NA
155,156,0.3453658116,102.430182743816,24.9651648036519,102.438661541922,24.932250687668,3501.0280578736,3500.682692062,2020.13035063734,2020.47571644894,NA
165,166,1.045704346,102.861814895329,24.8609470582049,102.73674888772,24.830924702763,3501.065498067,3500.019793721,2019.46745229634,2020.51315664234,NA
233,237,0.5725706151,114.187497925295,22.2533197403867,114.18605357487,22.1129505962817,3501.0806728901,3500.508102275,2019.95576085034,2020.52833146544,NA
166,167,0.01854878291,102.73674888772,24.830924702763,102.732329633864,24.8345831839411,3501.08404684991,3501.065498067,2020.51315664234,2020.53170542525,NA
170,181,5.522207046,102.699039335211,24.8021212025545,102.569140668373,24.6755815010418,3501.090597359,3495.568390313,2015.01604888834,2020.53825593434,NA
203,204,4.959797038,114.166611020892,25.4392343256862,114.637231048419,24.9861145522293,3501.1963345469,3496.2365375089,2015.68419608424,2020.64399312224,NA
198,199,0.8566874368,113.580111507019,24.0222588842191,113.569006442819,23.5501993666308,3501.2007137548,3500.344026318,2019.79168489334,2020.64837233014,NA
272,273,0.2468714322,108.903470311654,22.8777919743361,109.058937684752,22.9738196196477,3501.2131942322,3500.9663228,2020.41398137534,2020.66085280754,NA
179,180,3.024426787,105.539864615715,25.2727177322935,105.502139340753,25.1851092365601,3501.2523039248,3498.2278771378,2017.67553571314,2020.69996250014,NA
160,161,4.278431368,102.280598288568,24.9857471021464,102.24880388525,25.3891677960698,3501.325981905,3497.047550537,2016.49520911234,2020.77364048034,NA
211,212,0.6691393349,102.591378714334,24.7965143614376,102.572321917059,24.7929042384064,3501.3331905129,3500.664051178,2020.11170975334,2020.78084908824,NA
156,157,0.3229995441,102.438661541922,24.932250687668,102.246997348297,25.2040318617788,3501.3510574177,3501.0280578736,2020.47571644894,2020.79871599304,NA
269,270,0.7040577964,113.551090213071,36.816319489175,113.748536402553,36.9200224977908,3501.3726706964,3500.6686129,2020.11627147534,2020.82032927174,NA
260,261,6.047122235,125.48612737638,41.5685344122628,125.454673045777,41.5691151226608,3501.475373181,3495.428250946,2014.87590952134,2020.92303175634,NA
237,238,0.4321838904,114.18605357487,22.1129505962817,114.318013278558,22.2744947541835,3501.5128567805,3501.0806728901,2020.52833146544,2020.96051535584,NA
233,234,1.008533008,114.187497925295,22.2533197403867,114.339151667062,22.3917195972082,3501.516635283,3500.508102275,2019.95576085034,2020.96429385834,NA
200,201,1.237056899,113.229223535233,24.2648049108261,113.61969682499,23.4180818775455,3501.671985968,3500.434929069,2019.88258764434,2021.11964454334,NA
176,177,1.226506118,102.666834452681,25.003613252574,102.867875354761,25.0533216280342,3501.705665121,3500.479159003,2019.92681757834,2021.15332369634,NA
216,217,27.31301304,111.522358550974,29.2132619361748,110.623643666636,27.7485218516332,3501.71683395,3474.40382091,1993.85147948534,2021.16449252534,NA
177,178,0.0234030358,102.867875354761,25.0533216280342,102.890387273809,25.0444131483644,3501.7290681568,3501.705665121,2021.15332369634,2021.17672673214,NA
167,168,0.6557085027,102.732329633864,24.8345831839411,102.718393700865,24.8220987248959,3501.73975535261,3501.08404684991,2020.53170542525,2021.18741392795,NA
181,182,0.6568398956,102.569140668373,24.6755815010418,102.902016438814,24.7368487940662,3501.7474372546,3501.090597359,2020.53825593434,2021.19509582994,NA
238,239,0.2900454546,114.318013278558,22.2744947541835,114.310544883608,22.2982770093837,3501.8029022351,3501.5128567805,2020.96051535584,2021.25056081044,NA
186,188,5.665517152,114.757059240873,24.7480810064644,115.159736683231,22.782973767275,3501.80403214,3496.138514988,2015.58617356334,2021.25169071534,NA
272,275,0.8471932174,108.903470311654,22.8777919743361,108.958097650297,22.8930982327236,3501.8135160174,3500.9663228,2020.41398137534,2021.26117459274,NA
234,236,0.2980046053,114.339151667062,22.3917195972082,114.377261273202,22.4518155069719,3501.8146398883,3501.516635283,2020.96429385834,2021.26229846364,NA
234,235,0.2983049796,114.339151667062,22.3917195972082,114.130355111882,22.384730593932,3501.8149402626,3501.516635283,2020.96429385834,2021.26259883794,NA
232,240,3.054807039,114.351426868998,22.5854785043829,114.456853716805,22.5627387289758,3501.817016079,3498.76220904,2018.20986761534,2021.26467465434,NA
251,252,9.877837413,117.422719315033,27.7871016711254,117.325973130966,28.4471492372694,3501.828064004,3491.950226591,2011.39788516634,2021.27572257934,NA
261,262,0.394323367,125.454673045777,41.5691151226608,125.521265003916,41.0536270232126,3501.869696548,3501.475373181,2020.92303175634,2021.31735512334,NA
230,231,10.58652601,114.194650288555,22.3625010294332,114.228067701197,22.1416307442553,3501.8705572,3491.28403119,2010.73168976534,2021.31821577534,NA
273,274,0.6743587075,109.058937684752,22.9738196196477,108.836018199645,22.99533307105,3501.8875529397,3501.2131942322,2020.66085280754,2021.33521151504,NA
213,214,12.6786367,106.187671928575,26.7471096644052,105.59586743438,26.1141362918028,3501.896135624,3489.217498924,2008.66515749934,2021.34379419934,NA
248,249,8.569701331,117.502769857384,27.1590706950942,117.545578395646,27.0765092265365,3501.912750148,3493.343048817,2012.79070739234,2021.36040872334,NA
201,202,0.3020574396,113.61969682499,23.4180818775455,113.601667858948,23.3925024295423,3501.9740434076,3501.671985968,2021.11964454334,2021.42170198294,NA
156,158,0.9823928233,102.438661541922,24.932250687668,101.998331326081,24.6757603206162,3502.0104506969,3501.0280578736,2020.47571644894,2021.45810927224,NA
262,263,0.157460453,125.521265003916,41.0536270232126,125.530597271195,41.0489994629406,3502.027157001,3501.869696548,2021.31735512334,2021.47481557634,NA
158,159,0.03704889201,101.998331326081,24.6757603206162,101.994578971218,24.7005028295501,3502.04749958891,3502.0104506969,2021.45810927224,2021.49515816425,NA
276,10,73.78754019,101.60913123613,22.4766674938115,101.364191478901,13.4894502846478,3502.08658709,3428.2990469,1947.74670547534,2021.53424566534,SC1_MW251308.1
277,6,12.87139133,101.751049267496,21.8985858106433,101.650853105262,21.5299905257339,3502.08658709,3489.21519576,2008.66285433534,2021.53424566534,SC1_MZ081381.1
278,7,8.916541613,101.508095352999,21.5393576289397,101.398938460757,21.314738013384,3502.086587093,3493.17004548,2012.61770405534,2021.53424566834,SC1_EPI_ISL_412977
279,8,5.286747304,102.297379370907,18.1332655689682,102.003287750102,18.4284273986007,3502.086587093,3496.799839789,2016.24749836434,2021.53424566834,SC1_MZ937004.1
279,9,5.286747304,102.297379370907,18.1332655689682,102.353193031486,18.5028101181838,3502.086587093,3496.799839789,2016.24749836434,2021.53424566834,SC1_MZ937002.1
273,3,0.8733929056,109.058937684752,22.9738196196477,109.011148398957,23.0185167305321,3502.0865871378,3501.2131942322,2020.66085280754,2021.53424571314,SC1_MT072864.1
275,4,0.2730711204,108.958097650297,22.8930982327236,108.876557573839,22.8429916535986,3502.0865871378,3501.8135160174,2021.26117459274,2021.53424571314,SC1_MT040336.1
275,5,0.2730711204,108.958097650297,22.8930982327236,108.785250421437,22.714621411269,3502.0865871378,3501.8135160174,2021.26117459274,2021.53424571314,SC1_MT040333.1
274,2,0.1990341981,108.836018199645,22.99533307105,108.805034474695,22.9574778678771,3502.0865871378,3501.8875529397,2021.33521151504,2021.53424571314,SC1_MT040334.1
274,1,0.1990341981,108.836018199645,22.99533307105,109.773941406836,23.2032581231735,3502.0865871378,3501.8875529397,2021.33521151504,2021.53424571314,SC1_MT040335.1
215,129,14.55028737,102.566689855051,23.904078718465,102.736045847705,23.8665692165644,3502.086587244,3487.536299874,2006.98395844934,2021.53424581934,SC1_OK017793.1
215,130,14.55028737,102.566689855051,23.904078718465,104.746854904573,25.1782464460294,3502.086587244,3487.536299874,2006.98395844934,2021.53424581934,SC1_FJ588686.1
185,108,18.73376437,113.028046159046,24.2107093662329,112.895193928285,23.9714742238311,3502.086587248,3483.352822878,2002.80048145334,2021.53424582334,SC1_OK017823.1
155,77,1.403895187,102.430182743816,24.9651648036519,101.996244381828,25.183797898448,3502.086587249,3500.682692062,2020.13035063734,2021.53424582434,SC1_OK017856.1
173,100,1.350195726,102.469472857105,24.8248680005636,102.383609519673,24.7304269116454,3502.086587249,3500.736391523,2020.18405009834,2021.53424582434,SC1_MK211378.1
174,93,1.251163249,102.462400752485,24.8231795136972,100.77996584748,25.7972404706216,3502.08658724905,3500.83542400005,2020.28308257539,2021.53424582439,SC1_OK017849.1
157,76,0.7355298316,102.246997348297,25.2040318617788,102.075113411651,25.3233486850441,3502.0865872493,3501.3510574177,2020.79871599304,2021.53424582464,SC1_OK017855.1
157,80,0.7355298316,102.246997348297,25.2040318617788,104.015783300824,25.6418321394143,3502.0865872493,3501.3510574177,2020.79871599304,2021.53424582464,SC1_OK017854.1
158,79,0.07613655243,101.998331326081,24.6757603206162,101.996900190239,24.6857736501079,3502.08658724933,3502.0104506969,2021.45810927224,2021.53424582467,SC1_OK017853.1
159,75,0.03908766043,101.994578971218,24.7005028295501,101.918454187088,24.7633991941566,3502.08658724934,3502.04749958891,2021.49515816425,2021.53424582468,SC1_OK017852.1
159,78,0.03908766043,101.994578971218,24.7005028295501,102.047384428735,24.7563339920473,3502.08658724934,3502.04749958891,2021.49515816425,2021.53424582468,SC1_OK017857.1
180,102,0.8342833248,105.502139340753,25.1851092365601,105.438933877822,25.1537301373705,3502.0865872496,3501.2523039248,2020.69996250014,2021.53424582494,SC1_KY770858.1
180,103,0.8342833248,105.502139340753,25.1851092365601,105.680973842103,25.0616144734077,3502.0865872496,3501.2523039248,2020.69996250014,2021.53424582494,SC1_KY770859.1
177,94,0.3809221286,102.867875354761,25.0533216280342,102.868290344777,24.9550900785148,3502.0865872496,3501.705665121,2021.15332369634,2021.53424582494,SC1_OK017848.1
178,99,0.3575190928,102.890387273809,25.0444131483644,103.033111291788,25.1254689884597,3502.0865872496,3501.7290681568,2021.17672673214,2021.53424582494,SC1_OK017850.1
178,98,0.3575190928,102.890387273809,25.0444131483644,102.852043817685,25.112895239228,3502.0865872496,3501.7290681568,2021.17672673214,2021.53424582494,SC1_OK017847.1
179,101,3.858710112,105.539864615715,25.2727177322935,111.240692110582,22.1407983777192,3502.0865872498,3498.2278771378,2017.67553571314,2021.53424582514,SC1_OK017792.1
175,97,1.065093679,102.07675459536,25.2162641037433,102.113235967139,25.2095856425962,3502.08658724985,3501.02149357085,2020.46915214619,2021.53424582519,SC1_MK211376.1
175,96,1.065093679,102.07675459536,25.2162641037433,102.21564241739,25.3722226636266,3502.08658724985,3501.02149357085,2020.46915214619,2021.53424582519,SC1_OK017851.1
145,70,73.59884606,102.446447663116,24.7057479269759,99.3588847457061,25.1797733801975,3502.08658725,3428.48774119,1947.93539976534,2021.53424582534,SC1_KF569996.1
216,138,27.68276634,111.522358550974,29.2132619361748,110.588035926052,28.3240302407167,3502.08658725,3474.40382091,1993.85147948534,2021.53424582534,SC1_OK017805.1
148,67,24.39674877,100.96762059654,23.2734119795589,113.396880909653,22.9953642873031,3502.08658725,3477.68983848,1997.13749705534,2021.53424582534,SC1_AY394995.1
148,66,24.39674877,100.96762059654,23.2734119795589,98.5824040113471,24.5958341333618,3502.08658725,3477.68983848,1997.13749705534,2021.53424582534,SC1_KU973692.1
152,73,10.42682398,102.723644124468,25.0060151856776,101.926748197968,25.1253576902564,3502.08658725,3491.65976327,2011.10742184534,2021.53424582534,SC1_MK211375.1
169,89,9.841738974,102.631828172899,24.7631364140295,102.626977915552,24.7796460428671,3502.08658725,3492.244848276,2011.69250685134,2021.53424582534,SC1_KY417145.1
154,74,5.208602823,102.450872418116,25.3054941748964,102.403850740873,24.4381474191288,3502.08658725,3496.877984427,2016.32564300234,2021.53424582534,SC1_JX993988.1
160,81,5.039036713,102.280598288568,24.9857471021464,102.775760047538,24.9703298234718,3502.08658725,3497.047550537,2016.49520911234,2021.53424582534,SC1_OK017858.1
176,95,1.607428247,102.666834452681,25.003613252574,102.576579840809,24.9840950146512,3502.08658725,3500.479159003,2019.92681757834,2021.53424582534,SC1_KY417147.1
181,91,0.9959898912,102.569140668373,24.6755815010418,102.638036068131,24.7354957856145,3502.0865872502,3501.090597359,2020.53825593434,2021.53424582554,SC1_KY417152.1
182,90,0.3391499956,102.902016438814,24.7368487940662,102.882135914053,24.6347157503571,3502.0865872502,3501.7474372546,2021.19509582994,2021.53424582554,SC1_MK211377.1
182,92,0.3391499956,102.902016438814,24.7368487940662,102.921010986675,24.7869719746321,3502.0865872502,3501.7474372546,2021.19509582994,2021.53424582554,SC1_KY417151.1
161,71,0.7606053455,102.24880388525,25.3891677960698,102.119515187593,25.2415251491026,3502.0865872505,3501.325981905,2020.77364048034,2021.53424582584,SC1_KP886808.1
161,72,0.7606053455,102.24880388525,25.3891677960698,102.206476796044,25.2649948348966,3502.0865872505,3501.325981905,2020.77364048034,2021.53424582584,SC1_KP886809.1
214,135,0.1904516267,105.59586743438,26.1141362918028,105.738632534313,26.0569885045171,3502.0865872507,3501.896135624,2021.34379419934,2021.53424582604,SC1_OK017829.1
214,136,0.1904516267,105.59586743438,26.1141362918028,105.81530511577,26.4733623521664,3502.0865872507,3501.896135624,2021.34379419934,2021.53424582604,SC1_OK017831.1
168,84,0.3468318982,102.718393700865,24.8220987248959,102.726735356658,24.8770051631741,3502.08658725081,3501.73975535261,2021.18741392795,2021.53424582615,SC1_KF367457.1
168,85,0.3468318982,102.718393700865,24.8220987248959,102.75042299319,24.7495722516185,3502.08658725081,3501.73975535261,2021.18741392795,2021.53424582615,SC1_KY417142.1
167,86,1.002540401,102.732329633864,24.8345831839411,102.595076919745,24.9559613051307,3502.08658725091,3501.08404684991,2020.53170542525,2021.53424582625,SC1_KC881006.1
163,82,9.28330499,102.664295830395,24.9844066422426,102.591083093777,24.785281151328,3502.086587251,3492.803282261,2012.25094083634,2021.53424582634,SC1_KY417143.1
164,83,7.738792102,102.912862863537,24.7999191241995,102.635725312331,24.8789280933795,3502.086587251,3494.347795149,2013.79545372434,2021.53424582634,SC1_KY417148.1
165,88,2.06679353,102.861814895329,24.8609470582049,102.727469146124,24.8243410737783,3502.086587251,3500.019793721,2019.46745229634,2021.53424582634,SC1_KY417144.1
166,87,1.021089184,102.73674888772,24.830924702763,102.700558136705,24.7774160300612,3502.086587251,3501.065498067,2020.51315664234,2021.53424582634,SC1_KC881005.1
203,119,5.850049743,114.166611020892,25.4392343256862,114.314105714742,25.3972393157012,3502.0865872519,3496.2365375089,2015.68419608424,2021.53424582724,SC1_OK017841.1
208,128,26.83608027,103.161208608242,24.4995539615378,102.930649556052,24.7664016797575,3502.086587252,3475.250506982,1994.69816555734,2021.53424582734,SC1_KJ473816.1
206,125,7.746440018,111.726523013169,24.4480908149096,108.457684952299,22.729736654907,3502.086587252,3494.340147234,2013.78780580934,2021.53424582734,SC1_DQ071615.1
206,126,7.746440018,111.726523013169,24.4480908149096,111.6300311449,24.6108632185114,3502.086587252,3494.340147234,2013.78780580934,2021.53424582734,SC1_KJ473815.1
194,110,4.793362826,113.309098733362,24.6328305078322,113.169341747373,24.8234516889998,3502.086587252,3497.293224426,2016.74088300134,2021.53424582734,SC1_OK017827.1
195,109,3.53946685,113.324048273855,24.8409523634765,113.331140306486,24.7835762410948,3502.086587252,3498.547120402,2017.99477897734,2021.53424582734,SC1_OK017828.1
195,111,3.53946685,113.324048273855,24.8409523634765,110.949838881992,23.5378209256895,3502.086587252,3498.547120402,2017.99477897734,2021.53424582734,SC1_OK017859.1
200,117,1.651658183,113.229223535233,24.2648049108261,112.562745151346,24.1033983964017,3502.086587252,3500.434929069,2019.88258764434,2021.53424582734,SC1_OK017817.1
204,120,0.8902527053,114.637231048419,24.9861145522293,114.697464913758,25.0358108585167,3502.0865872522,3501.1963345469,2020.64399312224,2021.53424582754,SC1_OK017842.1
204,121,0.8902527053,114.637231048419,24.9861145522293,114.960452547001,25.244348550353,3502.0865872522,3501.1963345469,2020.64399312224,2021.53424582754,SC1_OK017843.1
201,116,0.4146012843,113.61969682499,23.4180818775455,113.570098053129,23.4114328247637,3502.0865872523,3501.671985968,2021.11964454334,2021.53424582764,SC1_OK017816.1
202,115,0.1125438448,113.601667858948,23.3925024295423,113.505949089635,23.4447893945451,3502.0865872524,3501.9740434076,2021.42170198294,2021.53424582774,SC1_OK017818.1
202,112,0.1125438448,113.601667858948,23.3925024295423,113.603112946898,23.3997344991798,3502.0865872524,3501.9740434076,2021.42170198294,2021.53424582774,SC1_OK017814.1
192,122,2.256152949,112.858044611732,24.8489245445914,112.857859584425,24.8557555901469,3502.08658725272,3499.83043430372,2019.27809287906,2021.53424582806,SC1_OK017813.1
192,123,2.256152949,112.858044611732,24.8489245445914,112.871513553696,24.837656705789,3502.08658725272,3499.83043430372,2019.27809287906,2021.53424582806,SC1_OK017819.1
199,114,0.8858734981,113.569006442819,23.5501993666308,113.594888791866,23.5124043032365,3502.0865872529,3501.2007137548,2020.64837233014,2021.53424582824,SC1_OK017821.1
199,118,0.8858734981,113.569006442819,23.5501993666308,113.551057326962,23.4909651677167,3502.0865872529,3501.2007137548,2020.64837233014,2021.53424582824,SC1_OK017815.1
212,132,0.75339674,102.572321917059,24.7929042384064,102.64642418171,25.0967001472675,3502.0865872529,3501.3331905129,2020.78084908824,2021.53424582824,SC1_KY417150.1
212,131,0.75339674,102.572321917059,24.7929042384064,102.583633510466,24.8174839081085,3502.0865872529,3501.3331905129,2020.78084908824,2021.53424582824,SC1_KT444582.1
188,104,0.2825551129,115.159736683231,22.782973767275,115.344076193788,22.8879845824671,3502.0865872529,3501.80403214,2021.25169071534,2021.53424582824,SC1_OK017824.1
188,107,0.2825551129,115.159736683231,22.782973767275,115.238403542829,22.8798858876079,3502.0865872529,3501.80403214,2021.25169071534,2021.53424582824,SC1_OK017822.1
205,127,9.294855762,112.029349914696,24.0482590990134,115.578537192667,26.4565120638907,3502.086587253,3492.791731491,2012.23939006634,2021.53424582834,SC1_OK017839.1
210,133,8.226430182,102.934589895686,24.8651394644594,102.876134238246,24.8671306416366,3502.086587253,3493.860157071,2013.30781564634,2021.53424582834,SC1_KY417149.1
198,113,1.742560935,113.580111507019,24.0222588842191,113.586201241785,24.0247913938316,3502.086587253,3500.344026318,2019.79168489334,2021.53424582834,SC1_OK017820.1
211,134,1.422536075,102.591378714334,24.7965143614376,102.620350412169,24.7709871407327,3502.086587253,3500.664051178,2020.11170975334,2021.53424582834,SC1_KY417146.1
187,105,1.25572016,115.388843737034,24.2254306954134,114.850407131186,23.7777443345849,3502.086587253,3500.830867093,2020.27852566834,2021.53424582834,SC1_OK017825.1
187,106,1.25572016,115.388843737034,24.2254306954134,115.517031828951,24.5892467465976,3502.086587253,3500.830867093,2020.27852566834,2021.53424582834,SC1_OK017826.1
217,139,0.3697533035,110.623643666636,27.7485218516332,110.732950630786,27.8062282872935,3502.0865872535,3501.71683395,2021.16449252534,2021.53424582884,SC1_OK017803.1
217,140,0.3697533035,110.623643666636,27.7485218516332,110.467692503297,27.5234047291432,3502.0865872535,3501.71683395,2021.16449252534,2021.53424582884,SC1_OK017804.1
213,137,12.86908833,106.187671928575,26.7471096644052,106.508319793555,26.5759192862834,3502.086587254,3489.217498924,2008.66515749934,2021.53424582934,SC1_OK017830.1
191,124,10.9079194,113.08487623333,24.4393105975468,112.493450055285,24.6949174471457,3502.08658725672,3491.17866785672,2010.62632643206,2021.53424583206,SC1_OK017812.1
147,68,14.14364999,100.268012058132,22.2051543341887,100.032127306698,21.7049110615609,3502.08658726,3487.94293727,2007.39059584534,2021.53424583534,SC1_MW703458.1
147,69,14.14364999,100.268012058132,22.2051543341887,99.9450603753905,22.1194574637292,3502.08658726,3487.94293727,2007.39059584534,2021.53424583534,SC1_OK017806.1
251,55,10.13636068,117.422719315033,27.7871016711254,115.79433284788,25.8363633741402,3502.086587271,3491.950226591,2011.39788516634,2021.53424584634,SC1_OK017838.1
247,50,12.27147147,117.206803783347,27.0457821452632,117.940685089205,27.0514505916641,3502.086587272,3489.815115802,2009.26277437734,2021.53424584734,SC1_OK017809.1
253,45,9.102379175,116.246905478174,29.3635794841673,116.331637618468,29.4944605839678,3502.086587273,3492.984208098,2012.43186667334,2021.53424584834,SC1_OK017837.1
250,54,6.849743603,117.692399958294,27.761817406553,117.912353530636,27.5694142510465,3502.086587273,3495.23684367,2014.68450224534,2021.53424584834,SC1_OK017808.1
250,53,6.849743603,117.692399958294,27.761817406553,116.80587337016,30.4784110909824,3502.086587273,3495.23684367,2014.68450224534,2021.53424584834,SC1_OK017807.1
254,42,5.708638423,115.768450298764,29.4792877311311,115.750355583808,29.526255713505,3502.086587273,3496.37794885,2015.82560742534,2021.53424584834,SC1_OK017836.1
255,43,1.175428806,115.432065991573,29.7750520412602,114.835178531627,30.990867268364,3502.086587273,3500.911158467,2020.35881704234,2021.53424584834,SC1_OK017801.1
255,44,1.175428806,115.432065991573,29.7750520412602,115.4352904404,29.7800687298136,3502.086587273,3500.911158467,2020.35881704234,2021.53424584834,SC1_OK017802.1
252,48,0.258523269,117.325973130966,28.4471492372694,117.405817087174,28.4114813885259,3502.086587273,3501.828064004,2021.27572257934,2021.53424584834,SC1_OK017845.1
252,49,0.258523269,117.325973130966,28.4471492372694,117.382373240316,28.5297938992167,3502.086587273,3501.828064004,2021.27572257934,2021.53424584834,SC1_OK017844.1
249,51,0.1738371263,117.545578395646,27.0765092265365,117.455614879137,27.3428796887849,3502.0865872743,3501.912750148,2021.36040872334,2021.53424584964,SC1_OK017811.1
249,52,0.1738371263,117.545578395646,27.0765092265365,117.231515892733,26.5885961856438,3502.0865872743,3501.912750148,2021.36040872334,2021.53424584964,SC1_OK017810.1
244,47,7.429022595,119.297842258898,28.1298615198443,115.868691520424,25.339977201026,3502.086587275,3494.65756468,2014.10522325534,2021.53424585034,SC1_OK017840.1
244,46,7.429022595,119.297842258898,28.1298615198443,119.212344463946,28.3165770579346,3502.086587275,3494.65756468,2014.10522325534,2021.53424585034,SC1_KF294457.1
231,30,0.2160300793,114.228067701197,22.1416307442553,114.395419488342,22.3560956408144,3502.0865872793,3501.8705572,2021.31821577534,2021.53424585464,SC1_GQ153543.1
231,31,0.2160300793,114.228067701197,22.1416307442553,114.165677127908,22.0976820780298,3502.0865872793,3501.8705572,2021.31821577534,2021.53424585464,SC1_GQ153542.1
226,65,48.79108901,111.584591607179,29.5812484553462,110.449472725681,33.8856825944688,3502.08658728,3453.29549827,1972.74315684534,2021.53424585534,SC1_JX993987.1
222,62,38.19679907,111.705449317282,30.0307085079195,112.668427323278,31.4607707536468,3502.08658728,3463.88978821,1983.33744678534,2021.53424585534,SC1_KJ473814.1
223,61,20.52613069,111.633812081005,30.7914905347676,114.437550862262,28.7132455088913,3502.08658728,3481.56045659,2001.00811516534,2021.53424585534,SC1_OK017860.1
230,29,10.80255609,114.194650288555,22.3625010294332,113.95394662037,22.1398365101126,3502.08658728,3491.28403119,2010.73168976534,2021.53424585534,SC1_GQ153547.1
242,56,8.634975261,122.189906659685,29.8352791341827,122.196124645603,29.7777474349746,3502.086587281,3493.45161202,2012.89927059534,2021.53424585634,SC1_MG772934.1
242,57,8.634975261,122.189906659685,29.8352791341827,122.292370824673,29.9868159657443,3502.086587281,3493.45161202,2012.89927059534,2021.53424585634,SC1_MG772933.1
240,33,0.2695712025,114.456853716805,22.5627387289758,114.118597992575,22.4268118892503,3502.0865872815,3501.817016079,2021.26467465434,2021.53424585684,SC1_DQ084200.1
240,34,0.2695712025,114.456853716805,22.5627387289758,114.392541439867,22.2904685913024,3502.0865872815,3501.817016079,2021.26467465434,2021.53424585684,SC1_DQ022305.2
238,40,0.5737305014,114.318013278558,22.2744947541835,114.32536761715,22.3068720199309,3502.0865872819,3501.5128567805,2020.96051535584,2021.53424585724,SC1_GQ153544.1
239,41,0.2836850469,114.310544883608,22.2982770093837,114.287049896368,22.0991901266931,3502.086587282,3501.8029022351,2021.25056081044,2021.53424585734,SC1_GQ153540.1
239,38,0.2836850469,114.310544883608,22.2982770093837,114.41636611948,22.5345945671795,3502.086587282,3501.8029022351,2021.25056081044,2021.53424585734,SC1_GQ153541.1
236,37,0.2719473937,114.377261273202,22.4518155069719,114.412755419196,22.4827004645532,3502.086587282,3501.8146398883,2021.26229846364,2021.53424585734,SC1_GQ153546.1
236,36,0.2719473937,114.377261273202,22.4518155069719,114.238939753333,22.5208022568165,3502.086587282,3501.8146398883,2021.26229846364,2021.53424585734,SC1_GQ153539.1
235,35,0.2716470194,114.130355111882,22.384730593932,114.111426083168,22.3616445867853,3502.086587282,3501.8149402626,2021.26259883794,2021.53424585734,SC1_DQ084199.1
235,32,0.2716470194,114.130355111882,22.384730593932,114.038898522946,22.1950228081088,3502.086587282,3501.8149402626,2021.26259883794,2021.53424585734,SC1_GQ153545.1
237,39,1.005914392,114.18605357487,22.1129505962817,114.21923301107,22.1122889639639,3502.0865872821,3501.0806728901,2020.52833146544,2021.53424585744,SC1_GQ153548.1
227,63,1.321059783,111.047760029714,29.5533415776258,111.001919729234,29.5739837168618,3502.086587283,3500.7655275,2020.21318607534,2021.53424585834,SC1_OK017834.1
227,64,1.321059783,111.047760029714,29.5533415776258,110.103774763214,28.7540986810857,3502.086587283,3500.7655275,2020.21318607534,2021.53424585834,SC1_OK017835.1
225,60,1.747997607,111.455109977457,30.9432147679374,111.263609108354,30.8348118509672,3502.08658728364,3500.33858967664,2019.78624825198,2021.53424585898,SC1_DQ412042.1
225,58,1.747997607,111.455109977457,30.9432147679374,110.471605818901,30.5464009269893,3502.08658728364,3500.33858967664,2019.78624825198,2021.53424585898,SC1_DQ648857.1
224,59,1.775668944,111.475752520734,30.9268572404447,111.459822205778,30.9377008845848,3502.086587284,3500.31091834,2019.75857691534,2021.53424585934,SC1_DQ412043.1
270,27,0.7139166124,113.748536402553,36.9200224977908,114.074146128776,37.7311102913975,3502.0865873088,3501.3726706964,2020.82032927174,2021.53424588414,SC1_KJ473812.1
270,28,0.7139166124,113.748536402553,36.9200224977908,113.462404423465,36.8272362321019,3502.0865873088,3501.3726706964,2020.82032927174,2021.53424588414,SC1_KJ473813.1
269,26,1.417974409,113.551090213071,36.816319489175,112.68563510109,35.196698953206,3502.086587309,3500.6686129,2020.11627147534,2021.53424588434,SC1_KY770860.1
258,14,12.80974897,109.604776696349,26.7904079504837,109.404288489903,28.5553440624234,3502.08658731,3489.27683834,2008.72449691534,2021.53424588534,SC1_OK017833.1
258,15,12.80974897,109.604776696349,26.7904079504837,109.663744050383,26.8563154810626,3502.08658731,3489.27683834,2008.72449691534,2021.53424588534,SC1_OK017832.1
268,21,3.160272223,125.655541171539,41.3625618715113,127.272533175006,35.3568374109965,3502.0865873126,3498.9263150896,2018.37397366494,2021.53424588794,SC1_KY938558.1
268,19,3.160272223,125.655541171539,41.3625618715113,125.721012529875,41.8518357011021,3502.0865873126,3498.9263150896,2018.37397366494,2021.53424588794,SC1_KU182964.1
264,20,6.534657665,125.493656238384,41.5752096251738,126.050421629889,41.1422639954695,3502.0865873129,3495.5519296479,2014.99958822324,2021.53424588824,SC1_KJ473811.1
261,23,0.6112141325,125.454673045777,41.5691151226608,125.205963760222,41.4577812418868,3502.0865873135,3501.475373181,2020.92303175634,2021.53424588884,SC1_OK017795.1
262,24,0.2168907655,125.521265003916,41.0536270232126,125.458688612141,41.1136091001891,3502.0865873135,3501.869696548,2021.31735512334,2021.53424588884,SC1_OK017798.1
263,22,0.0594303125,125.530597271195,41.0489994629406,125.573367604086,41.0189717998471,3502.0865873135,3502.027157001,2021.47481557634,2021.53424588884,SC1_OK017796.1
263,25,0.0594303125,125.530597271195,41.0489994629406,125.51353534608,40.9959865836107,3502.0865873135,3502.027157001,2021.47481557634,2021.53424588884,SC1_OK017800.1
266,18,2.995520653,124.286638812797,41.309421577858,123.500920454304,42.1461424183066,3502.0865873136,3499.0910666606,2018.53872523594,2021.53424588894,SC1_OK017797.1
267,16,2.03341937,124.313353866157,41.2872230391711,124.475924425184,41.4709673971234,3502.0865873136,3500.0531679436,2019.50082651894,2021.53424588894,SC1_OK017799.1
267,17,2.03341937,124.313353866157,41.2872230391711,124.799864064942,41.6108396300318,3502.0865873136,3500.0531679436,2019.50082651894,2021.53424588894,SC1_OK017794.1
257,13,24.73052743,104.695042167353,30.7817843439866,104.477403920634,30.7058069071984,3502.08658732,3477.35605989,1996.80371846534,2021.53424589534,SC1_OK017846.1
