node1,node2,length,startLon,startLat,endLon,endLat,endNodeL,startNodeL,startYear,endYear,tipLabel
141,142,6175.53219,112.211841447676,28.9820232774353,112.334559176085,29.0357551235837,6175.53219,0,-7998.94805271466,-1823.41586271466,NA
141,159,9411.763255,112.211841447676,28.9820232774353,111.166534264635,29.0524657037372,9411.763255,0,-7998.94805271466,1412.81520228534,NA
142,143,3247.390081,112.334559176085,29.0357551235837,109.162465849224,23.7482175510848,9422.922271,6175.53219,-1823.41586271466,1423.97421828534,NA
159,227,270.4028687,111.166534264635,29.0524657037372,111.21482331384,29.5131768909754,9682.1661237,9411.763255,1412.81520228534,1683.21807098534,NA
227,255,82.08635229,111.21482331384,29.5131768909754,110.775751811119,30.1186539092243,9764.25247599,9682.1661237,1683.21807098534,1765.30442327534,NA
159,160,442.7502071,111.166534264635,29.0524657037372,103.675965220615,25.0207323727219,9854.5134621,9411.763255,1412.81520228534,1855.56540938534,NA
255,272,133.5153144,110.775751811119,30.1186539092243,111.55588822203,30.6220021181616,9897.76779039,9764.25247599,1765.30442327534,1898.81973767534,NA
255,256,146.544233,110.775751811119,30.1186539092243,108.439773927489,31.8179003313904,9910.79670899,9764.25247599,1765.30442327534,1911.84865627534,NA
227,228,239.9195648,111.21482331384,29.5131768909754,116.75569143903,29.6884798904866,9922.0856885,9682.1661237,1683.21807098534,1923.13763578534,NA
160,162,76.03816022,103.675965220615,25.0207323727219,103.793868270901,24.9504652377597,9930.55162232,9854.5134621,1855.56540938534,1931.60356960534,NA
143,148,512.7419569,109.162465849224,23.7482175510848,110.519054783674,26.1984918623249,9935.6642279,9422.922271,1423.97421828534,1936.71617518534,NA
256,257,35.73532702,108.439773927489,31.8179003313904,107.94438616593,31.552021939292,9946.53203601,9910.79670899,1911.84865627534,1947.58398329534,NA
272,273,56.38694539,111.55588822203,30.6220021181616,112.71437377002,30.5978743090858,9954.15473578,9897.76779039,1898.81973767534,1955.20668306534,NA
257,258,8.561348096,107.94438616593,31.552021939292,107.431927791369,30.8806187397569,9955.093384106,9946.53203601,1947.58398329534,1956.14533139134,NA
162,163,35.28852939,103.793868270901,24.9504652377597,103.724139706778,25.0278070708227,9965.84015171,9930.55162232,1931.60356960534,1966.89209899534,NA
148,149,41.03337623,110.519054783674,26.1984918623249,110.298614811454,26.7069079278542,9976.69760413,9935.6642279,1936.71617518534,1977.74955141534,NA
228,229,60.43331713,116.75569143903,29.6884798904866,117.442393819323,29.2539180088702,9982.51900563,9922.0856885,1923.13763578534,1983.57095291534,NA
228,253,60.51084145,116.75569143903,29.6884798904866,117.437274707678,29.7787333130822,9982.59652995,9922.0856885,1923.13763578534,1983.64847723534,NA
163,198,17.38700735,103.724139706778,25.0278070708227,103.820647067893,25.0291792529758,9983.22715906,9965.84015171,1966.89209899534,1984.27910634534,NA
198,204,2.444499576,103.820647067893,25.0291792529758,103.862818196878,25.1379280722857,9985.671658636,9983.22715906,1984.27910634534,1986.72360592134,NA
273,274,33.48124603,112.71437377002,30.5978743090858,110.599302280403,29.1284591644621,9987.63598181,9954.15473578,1955.20668306534,1988.68792909534,NA
258,259,38.02852888,107.431927791369,30.8806187397569,112.249283803699,35.5187455846819,9993.121912986,9955.093384106,1956.14533139134,1994.17386027134,NA
163,164,30.36827997,103.724139706778,25.0278070708227,104.03675930688,25.2277649726631,9996.20843168,9965.84015171,1966.89209899534,1997.26037896534,NA
229,230,14.79812089,117.442393819323,29.2539180088702,118.001255637031,28.5241058394813,9997.31712652,9982.51900563,1983.57095291534,1998.36907380534,NA
204,221,12.20564464,103.862818196878,25.1379280722857,104.033511965272,24.6097119019844,9997.877303276,9985.671658636,1986.72360592134,1998.92925056134,NA
164,167,2.78896721,104.03675930688,25.2277649726631,103.092888376524,25.380353505191,9998.99739889,9996.20843168,1997.26037896534,2000.04934617534,NA
198,199,18.13489818,103.820647067893,25.0291792529758,105.350990329252,26.754594645901,10001.36205724,9983.22715906,1984.27910634534,2002.41400452534,NA
164,165,6.488167002,104.03675930688,25.2277649726631,104.02799390352,24.4526288762756,10002.696598682,9996.20843168,1997.26037896534,2003.74854596734,NA
230,231,5.667632599,118.001255637031,28.5241058394813,117.442403437354,27.9903467158445,10002.984759119,9997.31712652,1998.36907380534,2004.03670640434,NA
231,232,0.7766281778,117.442403437354,27.9903467158445,117.537560676162,28.0345991482232,10003.7613872968,10002.984759119,2004.03670640434,2004.81333458214,NA
162,225,73.88310054,103.793868270901,24.9504652377597,102.227148543308,25.6753721694581,10004.43472286,9930.55162232,1931.60356960534,2005.48667014534,NA
149,150,28.26235563,110.298614811454,26.7069079278542,102.039122935872,22.5815266732001,10004.95995976,9976.69760413,1977.74955141534,2006.01190704534,NA
167,191,7.056413214,103.092888376524,25.380353505191,103.097053536435,25.3003092797152,10006.053812104,9998.99739889,2000.04934617534,2007.10575938934,NA
149,155,29.55755398,110.298614811454,26.7069079278542,110.657655051151,26.8202993017717,10006.25515811,9976.69760413,1977.74955141534,2007.30710539534,NA
231,238,3.666496713,117.442403437354,27.9903467158445,117.58060996686,27.9310743527966,10006.651255832,10002.984759119,2004.03670640434,2007.70320311734,NA
232,233,3.388372309,117.537560676162,28.0345991482232,117.866070605829,28.1115452845577,10007.1497596058,10003.7613872968,2004.81333458214,2008.20170689114,NA
167,168,8.394780109,103.092888376524,25.380353505191,102.563534024831,24.5616204474632,10007.392178999,9998.99739889,2000.04934617534,2008.44412628434,NA
160,161,153.1713733,103.675965220615,25.0207323727219,99.0938887293362,24.7620717388681,10007.6848354,9854.5134621,1855.56540938534,2008.73678268534,NA
221,224,10.0090599,104.033511965272,24.6097119019844,104.003022008529,24.6816231986662,10007.886363176,9997.877303276,1998.92925056134,2008.93831046134,NA
233,237,1.73234939,117.866070605829,28.1115452845577,117.791867815131,28.2176245665733,10008.8821089958,10007.1497596058,2008.20170689114,2009.93405628114,NA
238,251,2.563731952,117.58060996686,27.9310743527966,117.906006490448,27.7946638386041,10009.214987784,10006.651255832,2007.70320311734,2010.26693506934,NA
204,205,23.95603592,103.862818196878,25.1379280722857,113.677029384891,22.5122875979687,10009.627694556,9985.671658636,1986.72360592134,2010.67964184134,NA
168,184,2.378095747,102.563534024831,24.5616204474632,102.568904140179,24.5630607176713,10009.770274746,10007.392178999,2008.44412628434,2010.82222203134,NA
155,157,4.519497259,110.657655051151,26.8202993017717,110.638090536677,26.9353225333769,10010.774655369,10006.25515811,2007.30710539534,2011.82660265434,NA
184,185,1.280642397,102.568904140179,24.5630607176713,102.615644201489,24.5168990451667,10011.050917143,10009.770274746,2010.82222203134,2012.10286442834,NA
168,169,4.672034978,102.563534024831,24.5616204474632,102.951640989488,24.8699565711439,10012.064213977,10007.392178999,2008.44412628434,2013.11616126234,NA
259,260,19.05789058,112.249283803699,35.5187455846819,112.742709725655,35.3918058402216,10012.179803566,9993.121912986,1994.17386027134,2013.23175085134,NA
233,234,5.217034623,117.866070605829,28.1115452845577,117.506398166458,28.019207191475,10012.3667942288,10007.1497596058,2008.20170689114,2013.41874151414,NA
150,151,7.613099849,102.039122935872,22.5815266732001,101.524402605028,21.3438102029769,10012.573059609,10004.95995976,2006.01190704534,2013.62500689434,NA
273,279,59.72780108,112.71437377002,30.5978743090858,111.373383558042,28.4241847032685,10013.88253686,9954.15473578,1955.20668306534,2014.93448414534,NA
191,195,7.872961834,103.097053536435,25.3003092797152,102.905591023792,25.0161488382658,10013.926773938,10006.053812104,2007.10575938934,2014.97872122334,NA
199,200,12.87177666,105.350990329252,26.754594645901,111.739814158548,24.5643181653074,10014.2338339,10001.36205724,2002.41400452534,2015.28578118534,NA
191,192,8.385734322,103.097053536435,25.3003092797152,102.853171743736,24.849321637186,10014.439546426,10006.053812104,2007.10575938934,2015.49149371134,NA
169,175,2.684787604,102.951640989488,24.8699565711439,102.954275299688,24.6120326371443,10014.749001581,10012.064213977,2013.11616126234,2015.80094886634,NA
151,153,2.221628385,101.524402605028,21.3438102029769,101.59862227149,21.4118798382545,10014.794687994,10012.573059609,2013.62500689434,2015.84663527934,NA
205,206,5.221489913,113.677029384891,22.5122875979687,113.478301442868,22.5283685352309,10014.849184469,10009.627694556,2010.67964184134,2015.90113175434,NA
206,207,0.4574004856,113.478301442868,22.5283685352309,113.521393689211,22.5561695875047,10015.3065849546,10014.849184469,2015.90113175434,2016.35853223994,NA
200,201,1.218987293,111.739814158548,24.5643181653074,111.702834068907,24.4844759374332,10015.452821193,10014.2338339,2015.28578118534,2016.50476847834,NA
169,170,3.57774959,102.951640989488,24.8699565711439,102.841424287212,24.8425514327555,10015.641963567,10012.064213977,2013.11616126234,2016.69391085234,NA
153,154,0.9416039234,101.59862227149,21.4118798382545,101.537260681572,21.4357942122565,10015.7362919174,10014.794687994,2015.84663527934,2016.78823920274,NA
251,252,7.134387113,117.906006490448,27.7946638386041,117.611939333482,27.6116790837946,10016.349374897,10009.214987784,2010.26693506934,2017.40132218234,NA
238,239,9.956953583,117.58060996686,27.9310743527966,114.166856749878,22.2915462786605,10016.608209415,10006.651255832,2007.70320311734,2017.66015670034,NA
274,276,29.09147202,110.599302280403,29.1284591644621,110.153860375262,27.5614424204727,10016.72745383,9987.63598181,1988.68792909534,2017.77940111534,NA
253,254,34.33214493,117.437274707678,29.7787333130822,114.547821026289,29.8090898727064,10016.92867488,9982.59652995,1983.64847723534,2017.98062216534,NA
260,261,5.008895607,112.742709725655,35.3918058402216,112.875001028621,35.6109072525195,10017.188699173,10012.179803566,2013.23175085134,2018.24064645834,NA
195,196,3.271482423,102.905591023792,25.0161488382658,102.792142421785,24.8133887128914,10017.198256361,10013.926773938,2014.97872122334,2018.25020364634,NA
276,277,0.5110965814,110.153860375262,27.5614424204727,109.764276533336,27.4579760148611,10017.2385504114,10016.72745383,2017.77940111534,2018.29049769674,NA
196,197,0.04406111283,102.792142421785,24.8133887128914,102.779737700149,24.8323967287041,10017.2423174738,10017.198256361,2018.25020364634,2018.29426475917,NA
175,176,2.53494502,102.954275299688,24.6120326371443,102.598205248171,24.698408420342,10017.283946601,10014.749001581,2015.80094886634,2018.33589388634,NA
205,212,7.831170391,113.677029384891,22.5122875979687,114.444905365431,23.4418780625037,10017.458864947,10009.627694556,2010.67964184134,2018.51081223234,NA
155,156,11.21437434,110.657655051151,26.8202993017717,122.152839955019,29.8226186301074,10017.46953245,10006.25515811,2007.30710539534,2018.52147973534,NA
170,171,2.069614437,102.841424287212,24.8425514327555,102.974038353682,24.7981402069702,10017.711578004,10015.641963567,2016.69391085234,2018.76352528934,NA
143,144,594.7942346,109.162465849224,23.7482175510848,108.505928472475,22.9536287409042,10017.7165056,9422.922271,1423.97421828534,2018.76845288534,NA
259,263,24.79896685,112.249283803699,35.5187455846819,126.214949994366,42.6490788097575,10017.920879836,9993.121912986,1994.17386027134,2018.97282712134,NA
206,209,3.487716058,113.478301442868,22.5283685352309,113.560448066065,22.5116858107318,10018.336900527,10014.849184469,2015.90113175434,2019.38884781234,NA
212,219,0.9791414851,114.444905365431,23.4418780625037,114.247360645784,23.5197828489061,10018.4380064321,10017.458864947,2018.51081223234,2019.48995371744,NA
176,177,1.300944939,102.598205248171,24.698408420342,102.599932529224,24.7090616202224,10018.58489154,10017.283946601,2018.33589388634,2019.63683882534,NA
177,178,0.09419930841,102.599932529224,24.7090616202224,102.576571834569,24.9364867063117,10018.6790908484,10018.58489154,2019.63683882534,2019.73103813375,NA
274,275,31.1695676,110.599302280403,29.1284591644621,111.67241662442,30.7114433420843,10018.80554941,9987.63598181,1988.68792909534,2019.85749669534,NA
171,172,1.175275264,102.974038353682,24.7981402069702,102.825567135925,24.8414152290652,10018.886853268,10017.711578004,2018.76352528934,2019.93880055334,NA
212,213,1.44127472,114.444905365431,23.4418780625037,114.586057150244,23.8539398022359,10018.900139667,10017.458864947,2018.51081223234,2019.95208695234,NA
201,202,3.507305347,111.702834068907,24.4844759374332,114.318588387238,25.4717967991716,10018.96012654,10015.452821193,2016.50476847834,2020.01207382534,NA
151,152,6.416087668,101.524402605028,21.3438102029769,102.28620303453,18.5255575869323,10018.989147277,10012.573059609,2013.62500689434,2020.04109456234,NA
172,173,0.166205431,102.825567135925,24.8414152290652,102.79774549124,24.8078271177407,10019.053058699,10018.886853268,2019.93880055334,2020.10500598434,NA
263,264,1.20672998,126.214949994366,42.6490788097575,125.958901460286,41.8806502045447,10019.127609816,10017.920879836,2018.97282712134,2020.17955710134,NA
261,262,1.962633261,112.875001028621,35.6109072525195,112.73480874236,35.0919843628353,10019.151332434,10017.188699173,2018.24064645834,2020.20327971934,NA
178,179,0.5448957403,102.576571834569,24.9364867063117,102.753918917802,24.6263655138739,10019.2239865887,10018.6790908484,2019.73103813375,2020.27593387405,NA
185,186,8.24076446,102.615644201489,24.5168990451667,102.644056941443,24.5829973750701,10019.291681603,10011.050917143,2012.10286442834,2020.34362888834,NA
186,189,0.09985720769,102.644056941443,24.5829973750701,102.655047849112,24.6348092863723,10019.3915388107,10019.291681603,2020.34362888834,2020.44348609603,NA
221,222,21.52452614,104.033511965272,24.6097119019844,106.500672947056,26.2620261707245,10019.401829416,9997.877303276,1998.92925056134,2020.45377670134,NA
239,241,2.82586291,114.166856749878,22.2915462786605,114.186225575206,22.3137846107712,10019.434072325,10016.608209415,2017.66015670034,2020.48601961034,NA
222,223,0.05786374496,106.500672947056,26.2620261707245,106.517039310204,26.1709790486463,10019.459693161,10019.401829416,2020.45377670134,2020.5116404463,NA
213,214,0.5774108074,114.586057150244,23.8539398022359,114.894752176658,23.8654758272714,10019.4775504744,10018.900139667,2019.95208695234,2020.52949775974,NA
209,210,1.154763714,113.560448066065,22.5116858107318,113.52002491236,23.1697203584373,10019.491664241,10018.336900527,2019.38884781234,2020.54361152634,NA
264,265,0.372354208,125.958901460286,41.8806502045447,125.772609491019,41.8708558518176,10019.499964024,10019.127609816,2020.17955710134,2020.55191130934,NA
202,203,0.5944931748,114.318588387238,25.4717967991716,114.320370636102,25.3505362615996,10019.5546197148,10018.96012654,2020.01207382534,2020.60656700014,NA
241,248,0.1898923869,114.186225575206,22.3137846107712,114.376165495087,22.2331644220008,10019.6239647119,10019.434072325,2020.48601961034,2020.67591199724,NA
144,145,1.938189097,108.505928472475,22.9536287409042,107.667677235575,22.5432675050965,10019.654694697,10017.7165056,2018.76845288534,2020.70664198234,NA
248,249,0.0945005779,114.376165495087,22.2331644220008,114.43646124628,22.2482070269398,10019.7184652898,10019.6239647119,2020.67591199724,2020.77041257514,NA
213,215,0.8748991638,114.586057150244,23.8539398022359,114.591220584259,23.8376382526849,10019.7750388308,10018.900139667,2019.95208695234,2020.82698611614,NA
215,216,0.03149559479,114.591220584259,23.8376382526849,114.601173959174,23.8604628309629,10019.8065344256,10019.7750388308,2020.82698611614,2020.85848171093,NA
186,187,0.5380808868,102.644056941443,24.5829973750701,102.674792459111,24.7392272031754,10019.8297624898,10019.291681603,2020.34362888834,2020.88170977514,NA
277,278,2.605142535,109.764276533336,27.4579760148611,113.547001991571,28.2458493527424,10019.8436929464,10017.2385504114,2018.29049769674,2020.89564023174,NA
187,188,0.01659541052,102.674792459111,24.7392272031754,102.702671468971,24.7721693055504,10019.8463579003,10019.8297624898,2020.88170977514,2020.89830518566,NA
177,181,1.281288055,102.599932529224,24.7090616202224,101.761999113288,23.9805311237431,10019.866179595,10018.58489154,2019.63683882534,2020.91812688034,NA
234,235,7.509063272,117.506398166458,28.019207191475,116.326714198102,27.8730373326031,10019.8758575008,10012.3667942288,2013.41874151414,2020.92780478614,NA
145,146,0.2274836107,107.667677235575,22.5432675050965,107.681652438434,22.5003363930658,10019.8821783077,10019.654694697,2020.70664198234,2020.93412559304,NA
210,211,0.4250135099,113.52002491236,23.1697203584373,113.601681000894,23.2058051893824,10019.9166777509,10019.491664241,2020.54361152634,2020.96862503624,NA
216,217,0.111261837,114.601173959174,23.8604628309629,114.445812286406,23.8074155081021,10019.9177962626,10019.8065344256,2020.85848171093,2020.96974354793,NA
217,218,0.01346655877,114.445812286406,23.8074155081021,114.440953816141,23.8101913206592,10019.9312628214,10019.9177962626,2020.96974354793,2020.9832101067,NA
173,174,0.8875068644,102.79774549124,24.8078271177407,102.828942365206,24.7627479018816,10019.9405655634,10019.053058699,2020.10500598434,2020.99251284874,NA
219,220,1.508545313,114.247360645784,23.5197828489061,114.456132417745,23.7607338804944,10019.9465517451,10018.4380064321,2019.48995371744,2020.99849903044,NA
241,242,0.5466870477,114.186225575206,22.3137846107712,114.216456010398,22.4059055142272,10019.9807593727,10019.434072325,2020.48601961034,2021.03270665804,NA
242,243,0.0373356974,114.216456010398,22.4059055142272,114.20826738156,22.4135182256342,10020.0180950701,10019.9807593727,2021.03270665804,2021.07004235544,NA
243,244,0.006000902202,114.20826738156,22.4135182256342,114.15797633664,22.4333717140781,10020.0240959723,10020.0180950701,2021.07004235544,2021.07604325764,NA
265,266,0.52732238,125.772609491019,41.8708558518176,124.061962215886,40.3683822228775,10020.027286404,10019.499964024,2020.55191130934,2021.07923368934,NA
266,267,0.007501702064,124.061962215886,40.3683822228775,124.072506260919,40.3825474733771,10020.0347881061,10020.027286404,2021.07923368934,2021.08673539141,NA
146,147,0.2240056109,107.681652438434,22.5003363930658,107.687455484578,22.5220995756344,10020.1061839186,10019.8821783077,2020.93412559304,2021.15813120394,NA
244,245,0.08305007944,114.15797633664,22.4333717140781,114.080711013717,22.3764907989104,10020.1071460517,10020.0240959723,2021.07604325764,2021.15909333708,NA
267,268,0.07471650711,124.072506260919,40.3825474733771,124.068031126991,40.3794550109429,10020.1095046132,10020.0347881061,2021.08673539141,2021.16145189852,NA
268,269,0.0152130172,124.068031126991,40.3794550109429,124.322094072843,40.4752694656808,10020.1247176304,10020.1095046132,2021.16145189852,2021.17666491572,NA
243,247,0.1539167037,114.20826738156,22.4135182256342,114.317558925739,22.5596589159916,10020.1720117738,10020.0180950701,2021.07004235544,2021.22395905914,NA
225,226,15.79400669,102.227148543308,25.6753721694581,102.328114082291,25.1990041785489,10020.22872955,10004.43472286,2005.48667014534,2021.28067683534,NA
268,271,0.1305170479,124.068031126991,40.3794550109429,124.197101225455,40.3668801216021,10020.2400216611,10020.1095046132,2021.16145189852,2021.29196894642,NA
245,246,0.1376220955,114.080711013717,22.3764907989104,114.359091320807,22.48130446061,10020.2447681472,10020.1071460517,2021.15909333708,2021.29671543259,NA
192,193,5.812341241,102.853171743736,24.849321637186,102.86183434975,24.9475647277165,10020.251887667,10014.439546426,2015.49149371134,2021.30383495234,NA
235,236,0.4011248246,116.326714198102,27.8730373326031,116.463176777988,28.0294480323812,10020.2769823254,10019.8758575008,2020.92780478614,2021.32892961074,NA
181,182,0.4229922477,101.761999113288,23.9805311237431,101.197749490509,23.6649126592454,10020.2891718427,10019.866179595,2020.91812688034,2021.34111912804,NA
179,180,1.086142016,102.753918917802,24.6263655138739,102.765380092799,24.7499012640425,10020.3101286047,10019.2239865887,2020.27593387405,2021.36207589005,NA
249,250,0.6489737902,114.43646124628,22.2482070269398,114.261302194931,22.2570817064885,10020.36743908,10019.7184652898,2020.77041257514,2021.41938636534,NA
189,190,0.9913376273,102.655047849112,24.6348092863723,102.692874767944,24.6584377621283,10020.382876438,10019.3915388107,2020.44348609603,2021.43482372333,NA
207,208,5.083057791,113.521393689211,22.5561695875047,114.350668220121,23.3692993008115,10020.3896427456,10015.3065849546,2016.35853223994,2021.44159003094,NA
239,240,3.79662984,114.166856749878,22.2915462786605,114.162134387673,22.3974876023883,10020.404839255,10016.608209415,2017.66015670034,2021.45678654034,NA
192,194,5.969608615,102.853171743736,24.849321637186,102.842845294298,24.8468685780448,10020.409155041,10014.439546426,2015.49149371134,2021.46110232634,NA
182,183,0.1254079643,101.197749490509,23.6649126592454,101.263575448487,23.6508153565088,10020.414579807,10020.2891718427,2021.34111912804,2021.46652709234,NA
157,158,9.662662716,110.638090536677,26.9353225333769,110.143096506937,26.6464281170243,10020.437318085,10010.774655369,2011.82660265434,2021.48926537034,NA
269,270,0.3186805231,124.322094072843,40.4752694656808,124.299982155526,40.4743184874533,10020.4433981535,10020.1247176304,2021.17666491572,2021.49534543882,NA
165,166,17.77114235,104.02799390352,24.4526288762756,105.348318854174,25.0626035815356,10020.467741032,10002.696598682,2003.74854596734,2021.51968831734,NA
142,18,3844.950109,112.334559176085,29.0357551235837,141.289004514515,39.6199293604039,10020.482299,6175.53219,-1823.41586271466,2021.53424628534,SC1_LC556375.1
166,22,0.01455814821,105.348318854174,25.0626035815356,105.327680770277,25.1072257381931,10020.4822991802,10020.467741032,2021.51968831734,2021.53424646555,SC1_KY770858.1
166,23,0.01455814821,105.348318854174,25.0626035815356,105.601384359679,25.3175092629196,10020.4822991802,10020.467741032,2021.51968831734,2021.53424646555,SC1_KY770859.1
165,21,17.7857005,104.02799390352,24.4526288762756,103.427629460508,24.4839817143698,10020.482299182,10002.696598682,2003.74854596734,2021.53424646734,SC1_JX993988.1
172,41,1.595445915,102.825567135925,24.8414152290652,102.677113464276,24.7313089710699,10020.482299183,10018.886853268,2019.93880055334,2021.53424646834,SC1_KY417149.1
173,44,1.429240484,102.79774549124,24.8078271177407,102.590389625429,24.8799102184612,10020.482299183,10019.053058699,2020.10500598434,2021.53424646834,SC1_KY417152.1
174,43,0.5417336198,102.828942365206,24.7627479018816,102.842916231551,24.7147420043244,10020.4822991832,10019.9405655634,2020.99251284874,2021.53424646854,SC1_KC881006.1
174,42,0.5417336198,102.828942365206,24.7627479018816,102.601000801408,24.9654923187568,10020.4822991832,10019.9405655634,2020.99251284874,2021.53424646854,SC1_KF367457.1
226,84,0.2535696334,102.328114082291,25.1990041785489,102.275601505164,25.228907470674,10020.4822991834,10020.22872955,2021.28067683534,2021.53424646874,SC1_KP886808.1
226,85,0.2535696334,102.328114082291,25.1990041785489,101.9834048041,25.1558814889442,10020.4822991834,10020.22872955,2021.28067683534,2021.53424646874,SC1_KP886809.1
194,26,0.07314414274,102.842845294298,24.8468685780448,102.633805177389,24.6923605901587,10020.4822991837,10020.409155041,2021.46110232634,2021.53424646908,SC1_KY417148.1
194,27,0.07314414274,102.842845294298,24.8468685780448,102.861325080754,24.8672390213132,10020.4822991837,10020.409155041,2021.46110232634,2021.53424646908,SC1_KY417143.1
197,29,3.23998171,102.779737700149,24.8323967287041,102.800156282437,24.6635583044181,10020.4822991838,10017.2423174738,2018.29426475917,2021.53424646917,SC1_KY417144.1
197,31,3.23998171,102.779737700149,24.8323967287041,102.956587513192,24.9347963421292,10020.4822991838,10017.2423174738,2018.29426475917,2021.53424646917,SC1_KJ473816.1
185,32,9.431382041,102.615644201489,24.5168990451667,104.517214902004,25.8841730558139,10020.482299184,10011.050917143,2012.10286442834,2021.53424646934,SC1_FJ588686.1
195,28,6.555525246,102.905591023792,25.0161488382658,102.685680370857,24.7116862291873,10020.482299184,10013.926773938,2014.97872122334,2021.53424646934,SC1_KC881005.1
170,45,4.840335617,102.841424287212,24.8425514327555,102.617404097564,24.7942283484601,10020.482299184,10015.641963567,2016.69391085234,2021.53424646934,SC1_KY417145.1
196,30,3.284042823,102.792142421785,24.8133887128914,102.977117127511,24.7563917183147,10020.482299184,10017.198256361,2018.25020364634,2021.53424646934,SC1_MK211375.1
171,40,2.77072118,102.974038353682,24.7981402069702,103.031175336536,24.7815161478397,10020.482299184,10017.711578004,2018.76352528934,2021.53424646934,SC1_KY417147.1
193,24,0.2304115172,102.86183434975,24.9475647277165,102.904605411867,24.7804683509186,10020.4822991842,10020.251887667,2021.30383495234,2021.53424646954,SC1_KY417150.1
193,25,0.2304115172,102.86183434975,24.9475647277165,102.873478067057,24.9779866370573,10020.4822991842,10020.251887667,2021.30383495234,2021.53424646954,SC1_KT444582.1
180,49,0.1721705796,102.765380092799,24.7499012640425,102.624616837873,24.4970756955095,10020.4822991843,10020.3101286047,2021.36207589005,2021.53424646965,SC1_MK211376.1
180,48,0.1721705796,102.765380092799,24.7499012640425,102.954984356663,24.7973423580506,10020.4822991843,10020.3101286047,2021.36207589005,2021.53424646965,SC1_KY417142.1
178,47,1.803208336,102.576571834569,24.9364867063117,102.625105294645,25.1803482372056,10020.4822991844,10018.6790908484,2019.73103813375,2021.53424646975,SC1_OK017848.1
188,34,0.6359412842,102.702671468971,24.7721693055504,102.802504368473,24.8509563510247,10020.4822991845,10019.8463579003,2020.89830518566,2021.53424646986,SC1_OK017857.1
188,35,0.6359412842,102.702671468971,24.7721693055504,102.701993119919,24.7171515645376,10020.4822991845,10019.8463579003,2020.89830518566,2021.53424646986,SC1_OK017852.1
190,37,0.09942274657,102.692874767944,24.6584377621283,102.583048479108,24.7412982470008,10020.4822991846,10020.382876438,2021.43482372333,2021.5342464699,SC1_OK017856.1
190,33,0.09942274657,102.692874767944,24.6584377621283,102.704537170718,24.6255764713914,10020.4822991846,10020.382876438,2021.43482372333,2021.5342464699,SC1_OK017853.1
187,38,0.6525366948,102.674792459111,24.7392272031754,102.692916085865,24.7490551485189,10020.4822991846,10019.8297624898,2020.88170977514,2021.53424646994,SC1_OK017855.1
182,50,0.1931273419,101.197749490509,23.6649126592454,101.119420597892,23.6289212529497,10020.4822991846,10020.2891718427,2021.34111912804,2021.53424646994,SC1_OK017851.1
183,52,0.06771937762,101.263575448487,23.6508153565088,101.172493325154,23.8448369740093,10020.4822991846,10020.414579807,2021.46652709234,2021.53424646996,SC1_OK017847.1
183,51,0.06771937762,101.263575448487,23.6508153565088,101.245612755375,23.6370046996761,10020.4822991846,10020.414579807,2021.46652709234,2021.53424646996,SC1_OK017850.1
189,36,1.090760374,102.655047849112,24.6348092863723,103.111668819474,25.925531367048,10020.4822991847,10019.3915388107,2020.44348609603,2021.53424647003,SC1_OK017854.1
181,53,0.6161195897,101.761999113288,23.9805311237431,101.784220791313,23.9822858963525,10020.4822991847,10019.866179595,2020.91812688034,2021.53424647004,SC1_OK017849.1
179,46,1.258312596,102.753918917802,24.6263655138739,102.792843152265,24.7270606542945,10020.4822991847,10019.2239865887,2020.27593387405,2021.53424647005,SC1_MK211377.1
175,55,5.733297604,102.954275299688,24.6120326371443,103.34143346861,24.4578057977467,10020.482299185,10014.749001581,2015.80094886634,2021.53424647034,SC1_MK211378.1
176,54,3.198352584,102.598205248171,24.698408420342,102.647542192654,24.6903794046121,10020.482299185,10017.283946601,2018.33589388634,2021.53424647034,SC1_KY417146.1
258,116,65.38891508,107.431927791369,30.8806187397569,106.475900195943,31.6864210160108,10020.482299186,9955.093384106,1956.14533139134,2021.53424647134,SC1_MK211374.1
224,73,12.59593601,104.003022008529,24.6816231986662,103.903186381905,24.7034944718008,10020.482299186,10007.886363176,2008.93831046134,2021.53424647134,SC1_OK017793.1
224,74,12.59593601,104.003022008529,24.6816231986662,110.948123033261,22.0023973676963,10020.482299186,10007.886363176,2008.93831046134,2021.53424647134,SC1_OK017792.1
184,39,10.71202444,102.568904140179,24.5630607176713,102.734770338161,24.8219372471216,10020.482299186,10009.770274746,2010.82222203134,2021.53424647134,SC1_KY417151.1
254,113,3.553624309,114.547821026289,29.8090898727064,114.65591341975,30.4370856016601,10020.482299189,10016.92867488,2017.98062216534,2021.53424647434,SC1_OK017801.1
254,114,3.553624309,114.547821026289,29.8090898727064,114.172509171146,29.4182219780943,10020.482299189,10016.92867488,2017.98062216534,2021.53424647434,SC1_OK017802.1
209,56,2.145398662,113.560448066065,22.5116858107318,113.592983786535,22.5769283070527,10020.482299189,10018.336900527,2019.38884781234,2021.53424647434,SC1_OK017823.1
216,67,0.6757647638,114.601173959174,23.8604628309629,114.663230286097,24.2342317176822,10020.4822991894,10019.8065344256,2020.85848171093,2021.53424647473,SC1_OK017820.1
217,68,0.5645029268,114.445812286406,23.8074155081021,114.545820347015,23.8566872651189,10020.4822991894,10019.9177962626,2020.96974354793,2021.53424647473,SC1_OK017817.1
214,71,1.004748715,114.894752176658,23.8654758272714,115.172996435411,24.2264112717421,10020.4822991894,10019.4775504744,2020.52949775974,2021.53424647474,SC1_OK017821.1
214,70,1.004748715,114.894752176658,23.8654758272714,114.95579208739,23.9879953615626,10020.4822991894,10019.4775504744,2020.52949775974,2021.53424647474,SC1_OK017816.1
210,57,0.9906349484,113.52002491236,23.1697203584373,113.529371633784,23.1910112136742,10020.4822991894,10019.491664241,2020.54361152634,2021.53424647474,SC1_OK017822.1
215,69,0.7072603586,114.591220584259,23.8376382526849,114.623138025278,23.9035934843553,10020.4822991894,10019.7750388308,2020.82698611614,2021.53424647474,SC1_OK017818.1
211,59,0.5656214385,113.601681000894,23.2058051893824,113.601834655078,23.2088769439845,10020.4822991894,10019.9166777509,2020.96862503624,2021.53424647474,SC1_OK017824.1
211,58,0.5656214385,113.601681000894,23.2058051893824,113.577487904703,23.1935088937377,10020.4822991894,10019.9166777509,2020.96862503624,2021.53424647474,SC1_OK017828.1
218,72,0.5510363681,114.440953816141,23.8101913206592,114.484001777852,23.8338619223263,10020.4822991895,10019.9312628214,2020.9832101067,2021.5342464748,SC1_OK017814.1
218,66,0.5510363681,114.440953816141,23.8101913206592,114.437034329656,23.4798662182874,10020.4822991895,10019.9312628214,2020.9832101067,2021.5342464748,SC1_OK017815.1
207,62,5.175714235,113.521393689211,22.5561695875047,114.626121390085,23.3046735545632,10020.4822991896,10015.3065849546,2016.35853223994,2021.53424647494,SC1_OK017827.1
208,60,0.09265644416,114.350668220121,23.3692993008115,114.339546055553,23.3411996321049,10020.4822991898,10020.3896427456,2021.44159003094,2021.5342464751,SC1_OK017825.1
208,61,0.09265644416,114.350668220121,23.3692993008115,114.441523575211,23.3935317281973,10020.4822991898,10020.3896427456,2021.44159003094,2021.5342464751,SC1_OK017826.1
256,131,109.6855902,108.439773927489,31.8179003313904,108.724111047649,32.1686426666688,10020.48229919,9910.79670899,1911.84865627534,2021.53424647534,SC1_JX993987.1
257,115,73.95026318,107.94438616593,31.552021939292,107.288189358729,31.5738931170941,10020.48229919,9946.53203601,1947.58398329534,2021.53424647534,SC1_OK017846.1
229,87,37.96329356,117.442393819323,29.2539180088702,115.773525398226,28.3516224968658,10020.48229919,9982.51900563,1983.57095291534,2021.53424647534,SC1_OK017836.1
253,112,37.88576924,117.437274707678,29.7787333130822,117.657695707059,30.1009077578044,10020.48229919,9982.59652995,1983.64847723534,2021.53424647534,SC1_OK017807.1
230,88,23.16517267,118.001255637031,28.5241058394813,117.994899583612,28.0485751113346,10020.48229919,9997.31712652,1998.36907380534,2021.53424647534,SC1_OK017837.1
199,83,19.12024195,105.350990329252,26.754594645901,101.588294297293,24.1086635468327,10020.48229919,10001.36205724,2002.41400452534,2021.53424647534,SC1_OK017858.1
225,86,16.04757633,102.227148543308,25.6753721694581,113.201017753577,23.0375453079735,10020.48229919,10004.43472286,2005.48667014534,2021.53424647534,SC1_AY394995.1
260,120,8.302495624,112.742709725655,35.3918058402216,111.475748922686,34.9764635320071,10020.48229919,10012.179803566,2013.23175085134,2021.53424647534,SC1_KJ473813.1
200,82,6.24846529,111.739814158548,24.5643181653074,111.728528944689,24.552439827234,10020.48229919,10014.2338339,2015.28578118534,2021.53424647534,SC1_KJ473815.1
201,81,5.029477997,111.702834068907,24.4844759374332,108.423387137291,22.9482786917771,10020.48229919,10015.452821193,2016.50476847834,2021.53424647534,SC1_DQ071615.1
261,117,3.293600017,112.875001028621,35.6109072525195,111.048022448345,30.5108013730589,10020.48229919,10017.188699173,2018.24064645834,2021.53424647534,SC1_DQ412042.1
262,118,1.330966756,112.73480874236,35.0919843628353,112.693687356838,35.1665839588458,10020.48229919,10019.151332434,2020.20327971934,2021.53424647534,SC1_KY770860.1
262,119,1.330966756,112.73480874236,35.0919843628353,114.292118713828,38.0558555149357,10020.48229919,10019.151332434,2020.20327971934,2021.53424647534,SC1_KJ473812.1
219,65,2.044292758,114.247360645784,23.5197828489061,114.321781298222,23.6303302199256,10020.4822991901,10018.4380064321,2019.48995371744,2021.53424647544,SC1_OK017812.1
220,63,0.535747445,114.456132417745,23.7607338804944,114.309219765799,23.8612710406765,10020.4822991901,10019.9465517451,2020.99849903044,2021.53424647544,SC1_OK017813.1
220,64,0.535747445,114.456132417745,23.7607338804944,114.394094112563,23.7098303885272,10020.4822991901,10019.9465517451,2020.99849903044,2021.53424647544,SC1_OK017819.1
203,79,0.9276794757,114.320370636102,25.3505362615996,114.212780663831,25.3975361631874,10020.4822991905,10019.5546197148,2020.60656700014,2021.53424647584,SC1_OK017842.1
203,80,0.9276794757,114.320370636102,25.3505362615996,114.442933455041,25.4399080982873,10020.4822991905,10019.5546197148,2020.60656700014,2021.53424647584,SC1_OK017843.1
202,78,1.522172651,114.318588387238,25.4717967991716,114.322663727082,25.5362911766874,10020.482299191,10018.96012654,2020.01207382534,2021.53424647634,SC1_OK017841.1
234,95,8.115504963,117.506398166458,28.019207191475,118.300650522607,28.4951826168444,10020.4822991918,10012.3667942288,2013.41874151414,2021.53424647714,SC1_OK017844.1
223,76,1.022606031,106.517039310204,26.1709790486463,106.889914229314,27.4257096367411,10020.482299192,10019.459693161,2020.5116404463,2021.5342464773,SC1_OK017830.1
223,75,1.022606031,106.517039310204,26.1709790486463,106.199895546834,25.9354679409086,10020.482299192,10019.459693161,2020.5116404463,2021.5342464773,SC1_OK017829.1
222,77,1.080469776,106.500672947056,26.2620261707245,106.291181517602,26.5725407440876,10020.482299192,10019.401829416,2020.45377670134,2021.53424647734,SC1_OK017831.1
235,94,0.6064416915,116.326714198102,27.8730373326031,116.297514080837,28.899369761869,10020.4822991923,10019.8758575008,2020.92780478614,2021.53424647764,SC1_OK017839.1
236,92,0.2053168669,116.463176777988,28.0294480323812,116.463019699178,28.0370209380117,10020.4822991923,10020.2769823254,2021.32892961074,2021.53424647764,SC1_OK017838.1
236,93,0.2053168669,116.463176777988,28.0294480323812,116.419320773012,28.0169880739479,10020.4822991923,10020.2769823254,2021.32892961074,2021.53424647764,SC1_OK017840.1
245,109,0.3751531408,114.080711013717,22.3764907989104,113.960586601985,22.3357517113751,10020.4822991925,10020.1071460517,2021.15909333708,2021.53424647788,SC1_GQ153544.1
240,99,0.07745993758,114.162134387673,22.3974876023883,114.249278319854,22.3791607108546,10020.4822991926,10020.404839255,2021.45678654034,2021.53424647792,SC1_GQ153542.1
240,100,0.07745993758,114.162134387673,22.3974876023883,113.944633399443,22.4724732563756,10020.4822991926,10020.404839255,2021.45678654034,2021.53424647792,SC1_GQ153543.1
265,130,0.9823351686,125.772609491019,41.8708558518176,126.175346923141,41.6435562733636,10020.4822991926,10019.499964024,2020.55191130934,2021.53424647794,SC1_KU182964.1
248,103,0.8583344807,114.376165495087,22.2331644220008,114.372515772257,22.1984385234949,10020.4822991926,10019.6239647119,2020.67591199724,2021.53424647794,SC1_DQ084199.1
249,111,0.7638339028,114.43646124628,22.2482070269398,114.406983609791,22.3038070126703,10020.4822991926,10019.7184652898,2020.77041257514,2021.53424647794,SC1_GQ153548.1
242,108,0.5015398199,114.216456010398,22.4059055142272,114.082801107509,22.3029518321841,10020.4822991926,10019.9807593727,2021.03270665804,2021.53424647794,SC1_GQ153546.1
247,101,0.3102874188,114.317558925739,22.5596589159916,114.28121666063,22.5618674517107,10020.4822991926,10020.1720117738,2021.22395905914,2021.53424647794,SC1_GQ153540.1
247,102,0.3102874188,114.317558925739,22.5596589159916,114.268332347859,22.4326930978483,10020.4822991926,10020.1720117738,2021.22395905914,2021.53424647794,SC1_GQ153539.1
250,105,0.1148601126,114.261302194931,22.2570817064885,114.292673225424,22.1162466872106,10020.4822991926,10020.36743908,2021.41938636534,2021.53424647794,SC1_DQ022305.2
250,106,0.1148601126,114.261302194931,22.2570817064885,114.144753998213,22.3412851877587,10020.4822991926,10020.36743908,2021.41938636534,2021.53424647794,SC1_DQ084200.1
244,107,0.4582032203,114.15797633664,22.4333717140781,114.132759983999,22.3974244616567,10020.4822991926,10020.0240959723,2021.07604325764,2021.53424647794,SC1_GQ153541.1
246,104,0.2375310454,114.359091320807,22.48130446061,114.369260572744,22.4229707383897,10020.4822991926,10020.2447681472,2021.29671543259,2021.53424647798,SC1_GQ153545.1
246,110,0.2375310454,114.359091320807,22.48130446061,114.221617493811,22.2614732089988,10020.4822991926,10020.2447681472,2021.29671543259,2021.53424647798,SC1_GQ153547.1
267,123,0.4475110866,124.072506260919,40.3825474733771,124.123615748306,40.2313621360754,10020.4822991927,10020.0347881061,2021.08673539141,2021.53424647801,SC1_OK017797.1
269,125,0.3575815623,124.322094072843,40.4752694656808,124.25265253882,40.5815059076251,10020.4822991927,10020.1247176304,2021.17666491572,2021.53424647802,SC1_OK017795.1
271,126,0.2422775316,124.197101225455,40.3668801216021,124.214874781327,40.3660114296592,10020.4822991927,10020.2400216611,2021.29196894642,2021.53424647802,SC1_OK017798.1
271,127,0.2422775316,124.197101225455,40.3668801216021,124.198327687114,40.3421716531342,10020.4822991927,10020.2400216611,2021.29196894642,2021.53424647802,SC1_OK017796.1
270,128,0.0389010392,124.299982155526,40.4743184874533,124.310109819528,40.4799852718242,10020.4822991927,10020.4433981535,2021.49534543882,2021.53424647802,SC1_OK017799.1
270,129,0.0389010392,124.299982155526,40.4743184874533,124.297566868522,40.4729604837401,10020.4822991927,10020.4433981535,2021.49534543882,2021.53424647802,SC1_OK017794.1
266,124,0.4550127887,124.061962215886,40.3683822228775,124.069778823364,40.3613634426788,10020.4822991927,10020.027286404,2021.07923368934,2021.53424647804,SC1_OK017800.1
252,96,4.132924296,117.611939333482,27.6116790837946,117.880744389781,27.6169543357995,10020.482299193,10016.349374897,2017.40132218234,2021.53424647834,SC1_OK017811.1
252,97,4.132924296,117.611939333482,27.6116790837946,117.581193739835,27.7598386661129,10020.482299193,10016.349374897,2017.40132218234,2021.53424647834,SC1_OK017810.1
263,121,2.561419357,126.214949994366,42.6490788097575,126.91842890619,35.5708751317588,10020.482299193,10017.920879836,2018.97282712134,2021.53424647834,SC1_KY938558.1
264,122,1.354689377,125.958901460286,41.8806502045447,126.026840920052,41.7084613787065,10020.482299193,10019.127609816,2020.17955710134,2021.53424647834,SC1_KJ473811.1
251,98,11.26731141,117.906006490448,27.7946638386041,117.841968930024,27.7972200267029,10020.482299194,10009.214987784,2010.26693506934,2021.53424647934,SC1_OK017809.1
237,90,11.6001902,117.791867815131,28.2176245665733,119.023235391487,28.0441405468639,10020.4822991958,10008.8821089958,2009.93405628114,2021.53424648114,SC1_KF294457.1
237,91,11.6001902,117.791867815131,28.2176245665733,116.749216481304,27.0782744373899,10020.4822991958,10008.8821089958,2009.93405628114,2021.53424648114,SC1_OK017845.1
232,89,16.7209119,117.537560676162,28.0345991482232,117.490996878898,27.9330164954038,10020.4822991968,10003.7613872968,2004.81333458214,2021.53424648214,SC1_OK017808.1
161,19,12.7974638,99.0938887293362,24.7620717388681,98.9533155110031,25.4831068869491,10020.4822992,10007.6848354,2008.73678268534,2021.53424648534,SC1_KF569996.1
161,20,12.7974638,99.0938887293362,24.7620717388681,98.6022968221023,24.5029062259785,10020.4822992,10007.6848354,2008.73678268534,2021.53424648534,SC1_KU973692.1
154,10,4.7460073,101.537260681572,21.4357942122565,101.595734670238,21.4548381257066,10020.4822992174,10015.7362919174,2016.78823920274,2021.53424650274,SC1_MW703458.1
154,11,4.7460073,101.537260681572,21.4357942122565,101.325361335079,21.3071650321708,10020.4822992174,10015.7362919174,2016.78823920274,2021.53424650274,SC1_EPI_ISL_412977
157,14,9.707643849,110.638090536677,26.9353225333769,110.632190165264,26.7862106951702,10020.482299218,10010.774655369,2011.82660265434,2021.53424650334,SC1_OK017805.1
153,9,5.687611224,101.59862227149,21.4118798382545,101.54761941979,21.4423537416294,10020.482299218,10014.794687994,2015.84663527934,2021.53424650334,SC1_MZ081381.1
152,7,1.493151941,102.28620303453,18.5255575869323,102.291272136091,18.5031300361693,10020.482299218,10018.989147277,2020.04109456234,2021.53424650334,SC1_MZ937004.1
152,8,1.493151941,102.28620303453,18.5255575869323,101.99635417639,18.4495270580703,10020.482299218,10018.989147277,2020.04109456234,2021.53424650334,SC1_MZ937002.1
158,12,0.04498113307,110.143096506937,26.6464281170243,110.100052898096,26.631230682517,10020.4822992181,10020.437318085,2021.48926537034,2021.53424650341,SC1_OK017803.1
158,13,0.04498113307,110.143096506937,26.6464281170243,110.121323613671,26.64126184844,10020.4822992181,10020.437318085,2021.48926537034,2021.53424650341,SC1_OK017804.1
148,17,84.81807132,110.519054783674,26.1984918623249,101.27685287163,13.6591764911533,10020.48229922,9935.6642279,1936.71617518534,2021.53424650534,SC1_MW251308.1
150,6,15.52233946,102.039122935872,22.5815266732001,101.927690244213,22.5011762066618,10020.48229922,10004.95995976,2006.01190704534,2021.53424650534,SC1_OK017806.1
156,15,3.012766773,122.152839955019,29.8226186301074,122.314897781332,30.0130597437495,10020.482299223,10017.46953245,2018.52147973534,2021.53424650834,SC1_MG772933.1
156,16,3.012766773,122.152839955019,29.8226186301074,122.097493472605,29.7945874563094,10020.482299223,10017.46953245,2018.52147973534,2021.53424650834,SC1_MG772934.1
145,3,0.8276045447,107.667677235575,22.5432675050965,107.553295218063,22.6353257874638,10020.4822992417,10019.654694697,2020.70664198234,2021.53424652704,SC1_MT040335.1
146,4,0.600120934,107.681652438434,22.5003363930658,107.615623673102,22.5360257273364,10020.4822992417,10019.8821783077,2020.93412559304,2021.53424652704,SC1_MT040334.1
147,2,0.3761153231,107.687455484578,22.5220995756344,107.649936720703,22.4737445992878,10020.4822992417,10020.1061839186,2021.15813120394,2021.53424652704,SC1_MT040336.1
147,1,0.3761153231,107.687455484578,22.5220995756344,107.57467366917,22.3122556184593,10020.4822992417,10020.1061839186,2021.15813120394,2021.53424652704,SC1_MT040333.1
144,5,2.765793642,108.505928472475,22.9536287409042,108.361296971775,23.2334668650793,10020.482299242,10017.7165056,2018.76845288534,2021.53424652734,SC1_MT072864.1
276,135,3.75484544,110.153860375262,27.5614424204727,109.209562753499,24.7451014204334,10020.48229927,10016.72745383,2017.77940111534,2021.53424655534,SC1_OK017859.1
275,133,1.67674986,111.67241662442,30.7114433420843,111.520027520822,30.7018428045367,10020.48229927,10018.80554941,2019.85749669534,2021.53424655534,SC1_DQ412043.1
275,134,1.67674986,111.67241662442,30.7114433420843,111.867616897504,30.6836244701642,10020.48229927,10018.80554941,2019.85749669534,2021.53424655534,SC1_DQ648857.1
278,136,0.6386063238,113.547001991571,28.2458493527424,113.859526314334,27.8468760654665,10020.4822992702,10019.8436929464,2020.89564023174,2021.53424655554,SC1_OK017860.1
278,137,0.6386063238,113.547001991571,28.2458493527424,113.524392792034,28.3294577313346,10020.4822992702,10019.8436929464,2020.89564023174,2021.53424655554,SC1_OK017832.1
277,138,3.243748859,109.764276533336,27.4579760148611,110.128729807024,27.6773087741743,10020.4822992704,10017.2385504114,2018.29049769674,2021.53424655574,SC1_OK017833.1
279,139,6.599762412,111.373383558042,28.4241847032685,111.404860550047,28.4637542206462,10020.482299272,10013.88253686,2014.93448414534,2021.53424655734,SC1_OK017835.1
279,140,6.599762412,111.373383558042,28.4241847032685,111.580223148931,28.561262752389,10020.482299272,10013.88253686,2014.93448414534,2021.53424655734,SC1_OK017834.1
272,132,122.7145089,111.55588822203,30.6220021181616,111.364200646834,30.5744963145509,10020.48229929,9897.76779039,1898.81973767534,2021.53424657534,SC1_KJ473814.1
