node1,node2,length,startLon,startLat,endLon,endLat,endNodeL,startNodeL,startYear,endYear,tipLabel,startClade,endClade
141,142,65.864700463595,113.543737290149,26.2985149437307,113.815287074934,27.1994182880608,65.864700463595,0,1862.75102647124,1928.61572693484,NA,main,main
141,263,11.6024171708039,113.543737290149,26.2985149437307,112.603583128579,26.9826749614294,11.6024171708039,0,1862.75102647124,1874.35344364205,NA,main,main
263,264,57.9319611334438,112.603583128579,26.9826749614294,109.162272457917,21.7992696944279,69.5343783042478,11.6024171708039,1874.35344364205,1932.28540477549,NA,main,main
142,147,14.0425398316784,113.815287074934,27.1994182880608,113.366024061514,29.4489322304354,79.9072402952734,65.864700463595,1928.61572693484,1942.65826676652,NA,main,main
147,199,5.73204782573869,113.366024061514,29.4489322304354,112.19319177811,31.2059516908929,85.6392881210121,79.9072402952734,1942.65826676652,1948.39031459225,NA,main,main
147,148,8.18039742803788,113.366024061514,29.4489322304354,113.510793024676,29.2520731642645,88.0876377233112,79.9072402952734,1942.65826676652,1950.83866419455,NA,main,main
199,247,11.0655653327113,112.19319177811,31.2059516908929,112.169642816006,31.2048486449333,96.7048534537233,85.6392881210121,1948.39031459225,1959.45587992497,NA,main,main
264,269,32.3203697618661,109.162272457917,21.7992696944279,109.097787911117,22.8645774581529,101.854748066114,69.5343783042478,1932.28540477549,1964.60577453736,NA,main,main
148,149,16.1063167105864,113.510793024676,29.2520731642645,113.240959737209,29.2547686717867,104.193954433898,88.0876377233112,1950.83866419455,1966.94498090514,NA,main,main
199,200,19.460500602616,112.19319177811,31.2059516908929,111.273021815897,25.4897113282971,105.099788723628,85.6392881210121,1948.39031459225,1967.85081519487,NA,main,main
247,248,11.8944830200889,112.169642816006,31.2048486449333,108.360475597087,32.0990652457861,108.599336473812,96.7048534537233,1959.45587992497,1971.35036294506,NA,main,main
148,151,23.8867548588729,113.510793024676,29.2520731642645,115.363425778436,26.7578389226571,111.974392582184,88.0876377233112,1950.83866419455,1974.72541905343,NA,main,main
142,143,49.0409044334934,113.815287074934,27.1994182880608,113.035154038016,26.5730984479912,114.905604897088,65.864700463595,1928.61572693484,1977.65663136833,NA,main,main
248,249,9.70025314405504,108.360475597087,32.0990652457861,108.417622275381,31.9145638113473,118.299589617867,108.599336473812,1971.35036294506,1981.05061608911,NA,main,main
200,201,13.5690835499385,111.273021815897,25.4897113282971,100.85878619061,26.4394408524475,118.668872273567,105.099788723628,1967.85081519487,1981.41989874481,NA,main,main
269,270,23.6453977588442,109.097787911117,22.8645774581529,107.132362790103,23.4207513066401,125.500145824958,101.854748066114,1964.60577453736,1988.2511722962,NA,main,main
151,152,16.9719043401427,115.363425778436,26.7578389226571,114.955167151888,26.7994428538138,128.946296922327,111.974392582184,1974.72541905343,1991.69732339357,NA,main,main
201,202,11.0790612968383,100.85878619061,26.4394408524475,102.758472355934,25.3568930731581,129.747933570405,118.668872273567,1981.41989874481,1992.49896004165,NA,main,main
152,157,1.28871303758273,114.955167151888,26.7994428538138,114.988955052975,26.6203393326545,130.23500995991,128.946296922327,1991.69732339357,1992.98603643115,NA,main,main
202,203,0.771170946094692,102.758472355934,25.3568930731581,103.054782778233,25.224065879203,130.5191045165,129.747933570405,1992.49896004165,1993.27013098774,NA,main,main
201,245,13.4045112883388,100.85878619061,26.4394408524475,100.591236752981,25.9101790922982,132.073383561905,118.668872273567,1981.41989874481,1994.82441003315,NA,main,main
270,276,8.6256958240982,107.132362790103,23.4207513066401,109.948001163263,28.5258113567382,134.125841649056,125.500145824958,1988.2511722962,1996.8768681203,NA,main,main
203,204,3.68417329401804,103.054782778233,25.224065879203,106.060886359751,26.1669021667186,134.203277810518,130.5191045165,1993.27013098774,1996.95430428176,NA,main,main
202,235,4.46796161743631,102.758472355934,25.3568930731581,102.141600586586,25.4456007408976,134.215895187841,129.747933570405,1992.49896004165,1996.96692165908,NA,main,main
203,207,4.16300390000897,103.054782778233,25.224065879203,102.87795793721,25.0267848550897,134.682108416509,130.5191045165,1993.27013098774,1997.43313488775,NA,main,main
143,144,20.6040255168521,113.035154038016,26.5730984479912,111.884375353724,26.9958304969869,135.50963041394,114.905604897088,1977.65663136833,1998.26065688518,NA,main,main
157,158,5.62191672675108,114.988955052975,26.6203393326545,114.819808109241,26.7879110552249,135.856926686661,130.23500995991,1992.98603643115,1998.6079531579,NA,main,main
207,208,1.96824668853413,102.87795793721,25.0267848550897,102.888538711183,24.986336702218,136.650355105043,134.682108416509,1997.43313488775,1999.40138157629,NA,main,main
249,250,18.9918859688049,108.417622275381,31.9145638113473,111.241937179101,34.3083583723506,137.291475586672,118.299589617867,1981.05061608911,2000.04250205792,NA,main,main
158,159,2.9081963419849,114.819808109241,26.7879110552249,115.269260741627,24.9158820685417,138.765123028646,135.856926686661,1998.6079531579,2001.51614949989,NA,main,main
245,246,7.02105967063671,100.591236752981,25.9101790922982,99.7269020881718,24.95133863954,139.094443232542,132.073383561905,1994.82441003315,2001.84546970379,NA,main,main
159,160,0.540634748145212,115.269260741627,24.9158820685417,115.166713372826,24.8799309694445,139.305757776791,138.765123028646,2001.51614949989,2002.05678424803,NA,main,main
159,180,0.729789509000589,115.269260741627,24.9158820685417,115.299160088369,24.9326872451516,139.494912537646,138.765123028646,2001.51614949989,2002.24593900889,NA,main,main
208,209,3.0625630485559,102.888538711183,24.986336702218,102.923852522278,24.8517735629349,139.712918153599,136.650355105043,1999.40138157629,2002.46394462484,NA,main,main
180,181,0.729035652449404,115.299160088369,24.9326872451516,115.335009672927,24.9503511132803,140.223948190095,139.494912537646,2002.24593900889,2002.97497466134,NA,main,main
160,168,1.03124538715898,115.166713372826,24.8799309694445,114.162674873388,22.4893496514364,140.33700316395,139.305757776791,2002.05678424803,2003.08802963519,NA,main,main
250,251,3.25531542599301,111.241937179101,34.3083583723506,111.132195830695,34.2602126337142,140.546791012665,137.291475586672,2000.04250205792,2003.29781748391,NA,main,main
209,227,0.973609637970551,102.923852522278,24.8517735629349,102.862960919272,24.867686466878,140.686527791569,139.712918153599,2002.46394462484,2003.43755426281,NA,main,main
227,231,0.2700097774397,102.862960919272,24.867686466878,102.956475789117,24.8884356340253,140.956537569009,140.686527791569,2003.43755426281,2003.70756404025,NA,main,main
144,146,5.57620663997677,111.884375353724,26.9958304969869,111.589813978693,30.8202019025186,141.085837053917,135.50963041394,1998.26065688518,2003.83686352516,NA,main,main
146,21,0.201492639223343,111.589813978693,30.8202019025186,111.610178096431,30.8392939470681,141.287329693141,141.085837053917,2003.83686352516,2004.03835616438,SC1_DQ648857.1,main,main
168,170,1.09908397336477,114.162674873388,22.4893496514364,114.058299312698,22.2495617705705,141.436087137314,140.33700316395,2003.08802963519,2004.18711360856,NA,main,main
170,177,0.0676038686124549,114.058299312698,22.2495617705705,114.020120965394,22.2581013403987,141.503691005927,141.436087137314,2004.18711360856,2004.25471747717,NA,main,main
152,153,12.7252899990516,114.955167151888,26.7994428538138,114.421894920057,28.5831630744963,141.671586921378,128.946296922327,1991.69732339357,2004.42261339262,NA,main,main
170,171,0.357398957433261,114.058299312698,22.2495617705705,114.133426992305,22.2341965961634,141.793486094748,141.436087137314,2004.18711360856,2004.54451256599,NA,main,main
177,178,0.570295849302283,114.020120965394,22.2581013403987,114.296529800307,22.1404812299586,142.073986855229,141.503691005927,2004.25471747717,2004.82501332647,NA,main,main
251,90,1.57387201380859,111.132195830695,34.2602126337142,111.292563656763,30.6008685536179,142.120663026474,140.546791012665,2003.29781748391,2004.87168949772,SC1_DQ412042.1,main,main
146,22,1.0348259725566,111.589813978693,30.8202019025186,111.53245290398,30.7636744840514,142.120663026474,141.085837053917,2003.83686352516,2004.87168949772,SC1_DQ412043.1,main,main
204,97,7.99935242907111,106.060886359751,26.1669021667186,108.504142082345,22.8744595604962,142.202630239589,134.203277810518,1996.95430428176,2004.95365671083,SC1_DQ071615.1,main,main
178,179,0.316628408889436,114.296529800307,22.1404812299586,114.340256384186,22.0777119426959,142.390615264119,142.073986855229,2004.82501332647,2005.14164173536,NA,main,main
179,49,0.0254815523095004,114.340256384186,22.0777119426959,114.353890311303,22.1518218015197,142.416096816428,142.390615264119,2005.14164173536,2005.16712328767,SC1_DQ022305.2,main,main
178,42,0.361288043390665,114.296529800307,22.1404812299586,114.294293096121,22.1399555829502,142.43527489862,142.073986855229,2004.82501332647,2005.18630136986,SC1_DQ084199.1,main,main
177,48,0.989118139268363,114.020120965394,22.2581013403987,113.952043589284,22.1388637695849,142.492809145195,141.503691005927,2004.25471747717,2005.24383561644,SC1_DQ084200.1,main,main
171,172,0.824070418693957,114.133426992305,22.2341965961634,114.131034024486,22.2368191392821,142.617556513442,141.793486094748,2004.54451256599,2005.36858298468,NA,main,main
168,169,2.54242198160714,114.162674873388,22.4893496514364,114.185803847935,22.3780268883012,142.879425145557,140.33700316395,2003.08802963519,2005.6304516168,NA,main,main
171,51,1.21165181757089,114.133426992305,22.2341965961634,114.17544949217,22.4299585733467,143.005137912319,141.793486094748,2004.54451256599,2005.75616438356,SC1_GQ153540.1,main,main
172,50,0.387581398876936,114.131034024486,22.2368191392821,114.137050233101,22.2488731740928,143.005137912319,142.617556513442,2005.36858298468,2005.75616438356,SC1_GQ153539.1,main,main
179,41,0.852878812583484,114.340256384186,22.0777119426959,114.292638598857,22.0837203810066,143.243494076702,142.390615264119,2005.14164173536,2005.99452054795,SC1_GQ153541.1,main,main
231,122,2.33079212413172,102.956475789117,24.8884356340253,105.2271342263,25.048289354696,143.287329693141,140.956537569009,2003.70756404025,2006.03835616438,SC1_FJ588686.1,main,main
172,173,0.699976889335902,114.131034024486,22.2368191392821,114.152953248158,22.2596667215707,143.317533402778,142.617556513442,2005.36858298468,2006.06855987402,NA,main,main
173,174,0.0417183683475528,114.152953248158,22.2596667215707,114.209797049695,22.3474606406089,143.359251771125,143.317533402778,2006.06855987402,2006.11027824237,NA,main,main
174,175,0.0390447023596661,114.209797049695,22.3474606406089,114.229121504236,22.3470780644407,143.398296473485,143.359251771125,2006.11027824237,2006.14932294473,NA,main,main
169,39,0.531192218816585,114.185803847935,22.3780268883012,113.927865505288,22.2701312549047,143.410617364373,142.879425145557,2005.6304516168,2006.16164383562,SC1_GQ153542.1,main,main
169,40,0.531192218816585,114.185803847935,22.3780268883012,114.172191976542,22.2947208442317,143.410617364373,142.879425145557,2005.6304516168,2006.16164383562,SC1_GQ153543.1,main,main
181,188,3.20216043832526,115.335009672927,24.9503511132803,114.53267012697,24.1436859814786,143.426108628421,140.223948190095,2002.97497466134,2006.17713509966,NA,main,main
173,176,0.158645006776542,114.152953248158,22.2596667215707,114.156180137531,22.2593550739215,143.476178409554,143.317533402778,2006.06855987402,2006.2272048808,NA,main,main
175,47,0.543827740203685,114.229121504236,22.3470780644407,114.297413375307,22.3340650005956,143.942124213688,143.398296473485,2006.14932294473,2006.69315068493,SC1_GQ153545.1,main,main
176,43,0.465945804134362,114.156180137531,22.2593550739215,114.152474967824,22.2471541718027,143.942124213688,143.476178409554,2006.2272048808,2006.69315068493,SC1_GQ153544.1,main,main
270,271,18.4789403944734,107.132362790103,23.4207513066401,100.955998136928,21.3639172214218,143.979086219431,125.500145824958,1988.2511722962,2006.73011269067,NA,main,main
209,210,4.48568540358281,102.923852522278,24.8517735629349,102.878842773297,24.8282717419215,144.198603557181,139.712918153599,2002.46394462484,2006.94963002842,NA,main,main
235,236,10.1919724399186,102.141600586586,25.4456007408976,101.47864056394,25.3100552216651,144.40786762776,134.215895187841,1996.96692165908,2007.158894099,NA,main,main
175,44,1.06711541143645,114.229121504236,22.3470780644407,114.378455047896,22.4262062358213,144.465411884921,143.398296473485,2006.14932294473,2007.21643835616,SC1_GQ153546.1,main,main
176,45,1.17827457125752,114.156180137531,22.2593550739215,113.9836815129,22.1236016505606,144.654452980812,143.476178409554,2006.2272048808,2007.40547945205,SC1_GQ153547.1,main,main
174,46,1.79931079872777,114.209797049695,22.3474606406089,114.041025344846,22.4557403410693,145.158562569853,143.359251771125,2006.11027824237,2007.9095890411,SC1_GQ153548.1,main,main
250,252,8.2003088818405,111.241937179101,34.3083583723506,112.799959693627,37.1662941527904,145.491784468513,137.291475586672,2000.04250205792,2008.24281093976,NA,main,main
153,154,4.24842088665553,114.421894920057,28.5831630744963,114.216546302853,28.5979099329617,145.920007808034,141.671586921378,2004.42261339262,2008.67103427928,NA,main,main
227,228,5.4322409780174,102.862960919272,24.867686466878,102.857200426388,24.8984905580416,146.118768769586,140.686527791569,2003.43755426281,2008.86979524083,NA,main,main
276,279,12.0058178356111,109.948001163263,28.5258113567382,122.322817400227,30.1767483100551,146.131659484667,134.125841649056,1996.8768681203,2008.88268595591,NA,main,main
181,182,5.98542286939837,115.335009672927,24.9503511132803,115.348449052269,24.8925055472298,146.209371059494,140.223948190095,2002.97497466134,2008.96039753074,NA,main,main
144,145,10.9214779570167,111.884375353724,26.9958304969869,111.610171125629,26.9824530772195,146.431108370957,135.50963041394,1998.26065688518,2009.1821348422,NA,main,main
231,232,5.60271552852191,102.956475789117,24.8884356340253,103.055931015271,24.750957562212,146.559253097531,140.956537569009,2003.70756404025,2009.31027956877,NA,main,main
276,277,12.517951017419,109.948001163263,28.5258113567382,109.858561870197,28.4484966066564,146.643792666475,134.125841649056,1996.8768681203,2009.39481913772,NA,main,main
236,237,2.24794523094256,101.47864056394,25.3100552216651,102.588575139631,24.4379649750672,146.655812858702,144.40786762776,2007.158894099,2009.40683932995,NA,main,main
210,211,2.99753607130317,102.878842773297,24.8282717419215,102.781337842755,24.8976835405541,147.196139628485,144.198603557181,2006.94963002842,2009.94716609973,NA,main,main
252,253,1.95145333490525,112.799959693627,37.1662941527904,125.82479749094,41.7254742221461,147.443237803418,145.491784468513,2008.24281093976,2010.19426427466,NA,main,main
253,261,0.207459724899225,125.82479749094,41.7254742221461,125.823220984691,41.7264849556215,147.650697528317,147.443237803418,2010.19426427466,2010.40172399956,NA,main,main
253,254,0.603528174505087,125.82479749094,41.7254742221461,125.891588082967,41.674891316551,148.046765977923,147.443237803418,2010.19426427466,2010.79779244917,NA,main,main
228,229,2.13106557093168,102.857200426388,24.8984905580416,102.867627055121,24.9652687158578,148.249834340518,146.118768769586,2008.86979524083,2011.00086081176,NA,main,main
245,138,16.2139461312351,100.591236752981,25.9101790922982,100.702338621221,25.7015246207852,148.287329693141,132.073383561905,1994.82441003315,2011.03835616438,SC1_JX993988.1,main,main
246,140,9.19288646059842,99.7269020881718,24.95133863954,99.2963610841541,25.1902278812786,148.287329693141,139.094443232542,2001.84546970379,2011.03835616438,SC1_KF569996.1,main,main
229,230,0.130569921904861,102.867627055121,24.9652687158578,102.972941149677,24.8512480275754,148.380404262423,148.249834340518,2011.00086081176,2011.13143073367,NA,main,main
232,233,1.86302009684232,103.055931015271,24.750957562212,103.006737003566,24.7568519366644,148.422273194373,146.559253097531,2009.31027956877,2011.17329966562,NA,main,main
229,124,0.327906311526545,102.867627055121,24.9652687158578,102.820419324986,25.0245280302618,148.577740652045,148.249834340518,2011.00086081176,2011.32876712329,SC1_KC881005.1,main,main
211,214,1.557012407674,102.781337842755,24.8976835405541,102.803969354061,24.7820047137976,148.753152036159,147.196139628485,2009.94716609973,2011.5041785074,NA,main,main
214,215,0.0957904620080186,102.803969354061,24.7820047137976,102.982432783756,24.8465920631001,148.848942498167,148.753152036159,2011.5041785074,2011.59996896941,NA,main,main
214,218,0.0990479834666314,102.803969354061,24.7820047137976,102.784759668956,24.7714106044575,148.852200019625,148.753152036159,2011.5041785074,2011.60322649087,NA,main,main
211,212,1.69623324714118,102.781337842755,24.8976835405541,102.918417875125,24.8717788092491,148.892372875626,147.196139628485,2009.94716609973,2011.64339934687,NA,main,main
248,76,40.3537466439859,108.360475597087,32.0990652457861,110.183736311994,33.2620562568191,148.953083117798,108.599336473812,1971.35036294506,2011.70410958904,SC1_JX993987.1,main,main
160,161,9.73735338882974,115.166713372826,24.8799309694445,114.954875269824,25.0598620552216,149.04311116562,139.305757776791,2002.05678424803,2011.79413763686,NA,main,main
215,216,0.234087252993088,102.982432783756,24.8465920631001,102.973747158153,24.7978386708844,149.08302975116,148.848942498167,2011.59996896941,2011.8340562224,NA,main,main
154,155,3.2418590594355,114.216546302853,28.5979099329617,114.422829463575,28.2657748714672,149.161866867469,145.920007808034,2008.67103427928,2011.91289333871,NA,main,main
232,234,2.64030666901487,103.055931015271,24.750957562212,104.437148257442,25.21321288584,149.199559766546,146.559253097531,2009.31027956877,2011.95058623779,NA,main,main
157,72,19.052319733231,114.988955052975,26.6203393326545,119.232448645341,28.1238733734599,149.287329693141,130.23500995991,1992.98603643115,2012.03835616438,SC1_KF294457.1,main,main
246,139,10.1928864605984,99.7269020881718,24.95133863954,98.7077923368459,24.2128349083007,149.287329693141,139.094443232542,2001.84546970379,2012.03835616438,SC1_KU973692.1,main,main
251,89,8.74053868047533,111.132195830695,34.2602126337142,112.493400598128,34.9624396038684,149.287329693141,140.546791012665,2003.29781748391,2012.03835616438,SC1_KY770860.1,main,main
261,86,1.63663216482337,125.823220984691,41.7264849556215,125.988201284359,41.7044395080009,149.287329693141,147.650697528317,2010.40172399956,2012.03835616438,SC1_KJ473811.1,main,main
218,219,0.563424111097612,102.784759668956,24.7714106044575,102.788201245675,24.7585291100637,149.415624130723,148.852200019625,2011.60322649087,2012.16665060197,NA,main,main
212,99,0.60807157161315,102.918417875125,24.8717788092491,102.911527142118,24.8821807448387,149.500444447239,148.892372875626,2011.64339934687,2012.25147091848,SC1_KC881006.1,main,main
212,213,0.720988689241219,102.918417875125,24.8717788092491,102.897614407546,24.8777488844482,149.613361564867,148.892372875626,2011.64339934687,2012.36438803611,NA,main,main
236,238,5.240016495736,101.47864056394,25.3100552216651,101.210337565966,24.9496287858719,149.647884123496,144.40786762776,2007.158894099,2012.39891059474,NA,main,main
213,101,0.340634794940332,102.897614407546,24.8777488844482,103.051398888972,24.7247972279141,149.953996359807,149.613361564867,2012.36438803611,2012.70502283105,SC1_KF367457.1,main,main
188,189,6.55321128438625,114.53267012697,24.1436859814786,114.554098342968,24.1879198749885,149.979319912807,143.426108628421,2006.17713509966,2012.73034638405,NA,main,main
230,125,1.62004018481582,102.972941149677,24.8512480275754,102.988595220126,24.8489895704018,150.000444447239,148.380404262423,2011.13143073367,2012.75147091848,SC1_KY417144.1,main,main
233,121,1.57817125286583,103.006737003566,24.7568519366644,103.038290095268,24.7512685083768,150.000444447239,148.422273194373,2011.17329966562,2012.75147091848,SC1_KY417145.1,main,main
216,105,0.917414696079224,102.973747158153,24.7978386708844,102.951533296929,24.7472875492384,150.000444447239,149.08302975116,2011.8340562224,2012.75147091848,SC1_KY417143.1,main,main
219,220,0.613305698698053,102.788201245675,24.7585291100637,102.965603606713,24.7210800031011,150.028929829421,149.415624130723,2012.16665060197,2012.77995630066,NA,main,main
161,165,1.03780250194699,114.954875269824,25.0598620552216,116.046477479746,25.072431806145,150.080913667567,149.04311116562,2011.79413763686,2012.83194013881,NA,main,main
252,262,4.61624507499408,112.799959693627,37.1662941527904,113.269207410966,37.1919289182238,150.108029543507,145.491784468513,2008.24281093976,2012.85905601475,NA,main,main
263,1,138.684912522337,112.603583128579,26.9826749614294,141.384805464166,39.675442757756,150.287329693141,11.6024171708039,1874.35344364205,2013.03835616438,SC1_LC556375.1,main,main
149,73,46.0933752592428,113.240959737209,29.2547686717867,113.591273656603,29.7243658578646,150.287329693141,104.193954433898,1966.94498090514,2013.03835616438,SC1_KJ473814.1,main,main
200,93,45.1875409695125,111.273021815897,25.4897113282971,111.373100121813,24.2276479516103,150.287329693141,105.099788723628,1967.85081519487,2013.03835616438,SC1_KJ473815.1,main,main
230,123,1.90692543071748,102.972941149677,24.8512480275754,102.714748959262,25.0621270115736,150.287329693141,148.380404262423,2011.13143073367,2013.03835616438,SC1_KJ473816.1,main,main
234,119,1.08776992659494,104.437148257442,25.21321288584,105.623676317978,25.1263966144653,150.287329693141,149.199559766546,2011.95058623779,2013.03835616438,SC1_KY770859.1,main,main
234,118,1.08776992659494,104.437148257442,25.21321288584,105.308314405216,25.2329927007536,150.287329693141,149.199559766546,2011.95058623779,2013.03835616438,SC1_KY770858.1,main,main
262,87,0.17930014963377,113.269207410966,37.1919289182238,113.369069126957,37.1667074680341,150.287329693141,150.108029543507,2012.85905601475,2013.03835616438,SC1_KJ473813.1,main,main
262,88,0.17930014963377,113.269207410966,37.1919289182238,114.522167848266,36.2637280854702,150.287329693141,150.108029543507,2012.85905601475,2013.03835616438,SC1_KJ473812.1,main,main
271,272,6.31339904462845,100.955998136928,21.3639172214218,101.351653115235,21.4094060445137,150.29248526406,143.979086219431,2006.73011269067,2013.0435117353,NA,main,main
235,244,16.139517754644,102.141600586586,25.4456007408976,102.193005374054,25.394210620293,150.355412942485,134.215895187841,1996.96692165908,2013.10643941373,NA,main,main
218,102,1.72554063241956,102.784759668956,24.7714106044575,102.682347142351,24.8213379789229,150.577740652045,148.852200019625,2011.60322649087,2013.32876712329,SC1_KY417147.1,main,main
216,104,1.49471090088509,102.973747158153,24.7978386708844,102.852856788714,25.1181619462379,150.577740652045,149.08302975116,2011.8340562224,2013.32876712329,SC1_KY417148.1,main,main
219,103,1.16211652132195,102.788201245675,24.7585291100637,102.800198287703,24.7612551438502,150.577740652045,149.415624130723,2012.16665060197,2013.32876712329,SC1_KY417146.1,main,main
213,100,0.964379087177793,102.897614407546,24.8777488844482,102.927976872633,25.0827221412135,150.577740652045,149.613361564867,2012.36438803611,2013.32876712329,SC1_KY417149.1,main,main
220,221,0.597096133556258,102.965603606713,24.7210800031011,102.77832421501,24.6852306366248,150.626025962977,150.028929829421,2012.77995630066,2013.37705243422,NA,main,main
244,127,0.320957846545827,102.193005374054,25.394210620293,102.297789779937,25.3481911101935,150.676370789031,150.355412942485,2013.10643941373,2013.42739726027,SC1_KP886809.1,main,main
244,128,0.320957846545827,102.193005374054,25.394210620293,102.038333582244,25.2664585225578,150.676370789031,150.355412942485,2013.10643941373,2013.42739726027,SC1_KP886808.1,main,main
221,222,0.101930895067358,102.77832421501,24.6852306366248,102.772504630661,24.6785806384413,150.727956858044,150.626025962977,2013.37705243422,2013.47898332929,NA,main,main
215,217,1.94072148482069,102.982432783756,24.8465920631001,102.717703941777,25.0272786095418,150.789663982987,148.848942498167,2011.59996896941,2013.54069045423,NA,main,main
217,106,0.0483506416600727,102.717703941777,25.0272786095418,102.731509130614,25.0411826351445,150.838014624647,150.789663982987,2013.54069045423,2013.58904109589,SC1_KY417150.1,main,main
217,107,0.0483506416600727,102.717703941777,25.0272786095418,102.720756750466,25.0286024159965,150.838014624647,150.789663982987,2013.54069045423,2013.58904109589,SC1_KT444582.1,main,main
254,77,2.82138563302569,125.891588082967,41.674891316551,125.855020094456,41.6385533178139,150.868151610949,148.046765977923,2010.79779244917,2013.61917808219,SC1_KU182964.1,main,main
220,109,1.61730397330874,102.965603606713,24.7210800031011,102.948206897284,24.7011144169554,151.64623380273,150.028929829421,2012.77995630066,2014.39726027397,SC1_KY417142.1,main,main
233,120,3.6760154028771,103.006737003566,24.7568519366644,102.745676519746,24.7584996064682,152.09828859725,148.422273194373,2011.17329966562,2014.84931506849,SC1_KY417151.1,main,main
272,273,1.88750527063959,101.351653115235,21.4094060445137,101.331135926014,21.4370382180259,152.179990534699,150.29248526406,2013.0435117353,2014.93101700594,NA,main,main
222,223,1.53036145122925,102.772504630661,24.6785806384413,103.054496286625,24.7482005235062,152.258318309274,150.727956858044,2013.47898332929,2015.00934478052,NA,main,main
204,205,18.2057901841553,106.060886359751,26.1669021667186,106.175695422254,26.1815270347341,152.409067994673,134.203277810518,1996.95430428176,2015.16009446592,NA,main,main
222,224,1.70575571984029,102.772504630661,24.6785806384413,102.950293539714,24.2003687565854,152.433712577885,150.727956858044,2013.47898332929,2015.18473904913,NA,main,main
279,8,6.65156061943216,122.322817400227,30.1767483100551,122.355539739871,30.0882535582345,152.783220104099,146.131659484667,2008.88268595591,2015.53424657534,SC1_MG772934.1,main,main
224,225,0.501191545220014,102.950293539714,24.2003687565854,103.663637253739,24.0806813044442,152.934904123105,152.433712577885,2015.18473904913,2015.68593059435,NA,main,main
210,116,8.87776723184946,102.878842773297,24.8282717419215,102.598896392527,24.784818323122,153.076370789031,144.198603557181,2006.94963002842,2015.82739726027,SC1_KY417152.1,main,main
189,190,3.24809936971792,114.554098342968,24.1879198749885,114.722214354978,24.3673805173055,153.227419282525,149.979319912807,2012.73034638405,2015.97844575377,NA,main,main
155,156,4.14967568176113,114.422829463575,28.2657748714672,114.388805105532,28.226104280861,153.311542549231,149.161866867469,2011.91289333871,2016.06256902047,NA,main,main
190,191,0.113637615652993,114.722214354978,24.3673805173055,114.727026946807,24.336296476898,153.341056898178,153.227419282525,2015.97844575377,2016.09208336942,NA,main,main
225,226,0.415984968767309,103.663637253739,24.0806813044442,104.052523911156,24.1079265327241,153.350889091872,152.934904123105,2015.68593059435,2016.10191556311,NA,main,main
161,162,4.32306518542783,114.954875269824,25.0598620552216,114.874366046504,25.1000062827774,153.366176351048,149.04311116562,2011.79413763686,2016.11720282229,NA,main,main
261,85,5.92898189159928,125.823220984691,41.7264849556215,126.95937995172,35.59764038967,153.579679419916,147.650697528317,2010.40172399956,2016.33070589116,SC1_KY938558.1,main,main
273,275,1.49842361211848,101.331135926014,21.4370382180259,101.226984208937,21.5172388054616,153.678414146818,152.179990534699,2014.93101700594,2016.42944061806,NA,main,main
180,198,14.2208505114402,115.299160088369,24.9326872451516,115.036040461241,24.8403422216949,153.715763049086,139.494912537646,2002.24593900889,2016.46678952033,NA,main,main
191,195,0.375219334277288,114.727026946807,24.336296476898,114.775646333078,24.3206030945951,153.716276232455,153.341056898178,2016.09208336942,2016.4673027037,NA,main,main
191,192,0.403724252286668,114.727026946807,24.336296476898,114.904076420121,24.2124301805683,153.744781150465,153.341056898178,2016.09208336942,2016.49580762171,NA,main,main
190,62,0.557178170178465,114.722214354978,24.3673805173055,114.741313953429,24.3446675522332,153.784597452703,153.227419282525,2015.97844575377,2016.53562392395,SC1_OK017812.1,main,main
247,92,57.1644434525319,112.169642816006,31.2048486449333,104.630985606461,28.5696763165825,153.869296906255,96.7048534537233,1959.45587992497,2016.6203233775,SC1_MK211374.1,main,main
249,91,35.5697072883879,108.417622275381,31.9145638113473,106.739072481413,32.3010764793231,153.869296906255,118.299589617867,1981.05061608911,2016.6203233775,SC1_OK017846.1,main,main
221,108,3.24327094327813,102.77832421501,24.6852306366248,102.778659494597,24.6669419019333,153.869296906255,150.626025962977,2013.37705243422,2016.6203233775,SC1_OK017847.1,main,main
223,112,1.61097859698152,103.054496286625,24.7482005235062,102.747260880903,24.8510183634637,153.869296906255,152.258318309274,2015.00934478052,2016.6203233775,SC1_OK017848.1,main,main
223,114,1.61097859698152,103.054496286625,24.7482005235062,103.20947834202,24.8105458236952,153.869296906255,152.258318309274,2015.00934478052,2016.6203233775,SC1_OK017851.1,main,main
225,113,0.934392783150462,103.663637253739,24.0806813044442,103.646708879133,24.1103801091361,153.869296906255,152.934904123105,2015.68593059435,2016.6203233775,SC1_OK017849.1,main,main
226,110,0.518407814383153,104.052523911156,24.1079265327241,104.080450603458,24.1119251572001,153.869296906255,153.350889091872,2016.10191556311,2016.6203233775,SC1_OK017850.1,main,main
207,98,19.2718879432988,102.87795793721,25.0267848550897,102.523293275772,24.9453623519876,153.953996359807,134.682108416509,1997.43313488775,2016.70502283105,SC1_MK211375.1,main,main
228,126,7.83522759022076,102.857200426388,24.8984905580416,102.79226065381,24.8318961148515,153.953996359807,146.118768769586,2008.86979524083,2016.70502283105,SC1_MK211378.1,main,main
224,115,1.52028378192252,102.950293539714,24.2003687565854,103.216497338435,24.1481633364075,153.953996359807,152.433712577885,2015.18473904913,2016.70502283105,SC1_MK211377.1,main,main
226,111,0.603107267935201,104.052523911156,24.1079265327241,103.902843877932,24.2568948449456,153.953996359807,153.350889091872,2016.10191556311,2016.70502283105,SC1_MK211376.1,main,main
182,183,8.0064598422034,115.348449052269,24.8925055472298,113.776481472217,23.5201307481385,154.215830901697,146.209371059494,2008.96039753074,2016.96685737294,NA,main,main
162,163,0.952263190470752,114.874366046504,25.1000062827774,113.89442928623,27.3597984610874,154.318439541519,153.366176351048,2016.11720282229,2017.06946601276,NA,main,main
279,9,8.24060171532242,122.322817400227,30.1767483100551,122.411202801254,30.1540554441365,154.37226119999,146.131659484667,2008.88268595591,2017.12328767123,SC1_MG772933.1,main,main
183,184,0.19064479225291,113.776481472217,23.5201307481385,113.771385644406,23.51146541337,154.40647569395,154.215830901697,2016.96685737294,2017.15750216519,NA,main,main
189,197,4.48353604243648,114.554098342968,24.1879198749885,114.463546577492,24.1727345911371,154.462855955243,149.979319912807,2012.73034638405,2017.21388242649,NA,main,main
195,196,0.813229606690105,114.775646333078,24.3206030945951,114.724882151966,24.4271908762136,154.529505839145,153.716276232455,2016.4673027037,2017.28053231039,NA,main,main
183,187,0.387271423541026,113.776481472217,23.5201307481385,114.373509367716,23.5589611897273,154.603102325238,154.215830901697,2016.96685737294,2017.35412879648,NA,main,main
184,185,0.267784010489559,113.771385644406,23.51146541337,113.991098682579,23.5555378671841,154.67425970444,154.40647569395,2017.15750216519,2017.42528617568,NA,main,main
149,150,50.5155906558647,113.240959737209,29.2547686717867,113.160469058602,29.1947102634124,154.709545089762,104.193954433898,1966.94498090514,2017.46057156101,NA,main,main
192,193,0.973617800586847,114.904076420121,24.2124301805683,115.04682173914,24.2124697910424,154.718398951051,153.744781150465,2016.49580762171,2017.46942542229,NA,main,main
193,194,0.132162845243057,115.04682173914,24.2124697910424,115.047228746774,24.2092453113856,154.850561796294,154.718398951051,2017.46942542229,2017.60158826754,NA,main,main
237,130,8.21233875224641,102.588575139631,24.4379649750672,111.398657586845,22.4147827830084,154.868151610949,146.655812858702,2009.40683932995,2017.61917808219,SC1_OK017792.1,main,main
238,239,5.27150373536939,101.210337565966,24.9496287858719,101.29683010249,24.9992501799859,154.919387858865,149.647884123496,2012.39891059474,2017.67041433011,NA,main,main
188,52,11.5269744893774,114.53267012697,24.1436859814786,114.566057255261,24.1453125647208,154.953083117798,143.426108628421,2006.17713509966,2017.70410958904,SC1_OK017823.1,main,main
195,56,1.23680688534293,114.775646333078,24.3206030945951,115.06576573229,24.4786333554241,154.953083117798,153.716276232455,2016.4673027037,2017.70410958904,SC1_OK017821.1,main,main
192,57,1.20830196733355,114.904076420121,24.2124301805683,114.825900786749,24.1683383807902,154.953083117798,153.744781150465,2016.49580762171,2017.70410958904,SC1_OK017817.1,main,main
184,63,0.546607423847966,113.771385644406,23.51146541337,113.800743809203,23.5869241319024,154.953083117798,154.40647569395,2017.15750216519,2017.70410958904,SC1_OK017822.1,main,main
197,53,0.49022716255465,114.463546577492,24.1727345911371,114.360135690674,24.0627783606549,154.953083117798,154.462855955243,2017.21388242649,2017.70410958904,SC1_OK017819.1,main,main
197,54,0.49022716255465,114.463546577492,24.1727345911371,114.586907914917,24.1470404331567,154.953083117798,154.462855955243,2017.21388242649,2017.70410958904,SC1_OK017813.1,main,main
196,55,0.423577278652828,114.724882151966,24.4271908762136,114.389834162125,24.3621241695981,154.953083117798,154.529505839145,2017.28053231039,2017.70410958904,SC1_OK017820.1,main,main
196,59,0.423577278652828,114.724882151966,24.4271908762136,114.662131110518,24.2466712181369,154.953083117798,154.529505839145,2017.28053231039,2017.70410958904,SC1_OK017814.1,main,main
185,64,0.278823413358407,113.991098682579,23.5555378671841,113.975578100571,23.5664189671997,154.953083117798,154.67425970444,2017.42528617568,2017.70410958904,SC1_OK017824.1,main,main
193,61,0.234684166746706,115.04682173914,24.2124697910424,115.140914067805,24.2279288412395,154.953083117798,154.718398951051,2017.46942542229,2017.70410958904,SC1_OK017815.1,main,main
194,60,0.102521321503649,115.047228746774,24.2092453113856,115.032935396875,24.2252331734718,154.953083117798,154.850561796294,2017.60158826754,2017.70410958904,SC1_OK017818.1,main,main
194,58,0.102521321503649,115.047228746774,24.2092453113856,115.059177148287,24.194698321906,154.953083117798,154.850561796294,2017.60158826754,2017.70410958904,SC1_OK017816.1,main,main
275,15,2.18973746413076,101.226984208937,21.5172388054616,101.256667080798,21.5172579406485,155.868151610949,153.678414146818,2016.42944061806,2018.61917808219,SC1_MW703458.1,main,main
254,255,7.84915671931898,125.891588082967,41.674891316551,125.311420189332,41.2665883218251,155.895922697242,148.046765977923,2010.79779244917,2018.64694916848,NA,main,main
277,278,9.49737205783996,109.858561870197,28.4484966066564,110.94268988848,28.4856860998861,156.141164724315,146.643792666475,2009.39481913772,2018.89219119556,NA,main,main
205,206,4.21378663777784,106.175695422254,26.1815270347341,105.889328973833,25.9911311229419,156.622854632451,152.409067994673,2015.16009446592,2019.37388110369,NA,main,main
272,18,6.47429648387524,101.351653115235,21.4094060445137,101.351693046891,21.4495464655659,156.766781747935,150.29248526406,2013.0435117353,2019.51780821918,SC1_EPI_ISL_412977,main,main
185,186,2.10220068477875,113.991098682579,23.5555378671841,114.359587961249,23.7625442561927,156.776460389218,154.67425970444,2017.42528617568,2019.52748686046,NA,main,main
239,240,1.87534034370348,101.29683010249,24.9992501799859,100.910106609248,24.7161894877486,156.794728202569,154.919387858865,2017.67041433011,2019.54575467381,NA,main,main
273,274,4.67766611821959,101.331135926014,21.4370382180259,101.884667643208,18.9046618196741,156.857656652919,152.179990534699,2014.93101700594,2019.60868312416,NA,main,main
186,67,0.0916912217302128,114.359587961249,23.7625442561927,114.350809373329,23.7760882074142,156.868151610949,156.776460389218,2019.52748686046,2019.61917808219,SC1_OK017826.1,main,main
186,68,0.0916912217302128,114.359587961249,23.7625442561927,114.032006608827,23.8975384956801,156.868151610949,156.776460389218,2019.52748686046,2019.61917808219,SC1_OK017825.1,main,main
255,256,1.010851086528,125.311420189332,41.2665883218251,125.295617484265,41.4701878866748,156.90677378377,155.895922697242,2018.64694916848,2019.65780025501,NA,main,main
145,20,10.521974746841,111.610171125629,26.9824530772195,110.835714467283,26.0169973087478,156.953083117798,146.431108370957,2009.1821348422,2019.70410958904,SC1_OK017859.1,main,main
187,65,2.34998079255985,114.373509367716,23.5589611897273,114.228102575858,23.519154265805,156.953083117798,154.603102325238,2017.35412879648,2019.70410958904,SC1_OK017828.1,main,main
187,66,2.34998079255985,114.373509367716,23.5589611897273,114.472416566803,23.7048710038284,156.953083117798,154.603102325238,2017.35412879648,2019.70410958904,SC1_OK017827.1,main,main
240,241,0.249377455257012,100.910106609248,24.7161894877486,100.900495613421,24.6882866955819,157.044105657826,156.794728202569,2019.54575467381,2019.79513212907,NA,main,main
165,166,6.99751143438589,116.046477479746,25.072431806145,116.097756352741,25.2309060690257,157.078425101953,150.080913667567,2012.83194013881,2019.8294515732,NA,main,main
239,242,2.20161225432629,101.29683010249,24.9992501799859,101.388342975489,25.0382668245778,157.121000113191,154.919387858865,2017.67041433011,2019.87202658443,NA,main,main
242,243,0.152199349080284,101.388342975489,25.0382668245778,101.441221087434,25.0538271163729,157.273199462272,157.121000113191,2019.87202658443,2020.02422593351,NA,main,main
255,260,1.40850081490524,125.311420189332,41.2665883218251,125.004013509353,41.5042973416616,157.304423512147,155.895922697242,2018.64694916848,2020.05544998339,NA,main,main
256,257,0.648568377064917,125.295617484265,41.4701878866748,125.310419605459,41.5202601933036,157.555342160835,156.90677378377,2019.65780025501,2020.30636863208,NA,main,main
166,167,0.508765940269377,116.097756352741,25.2309060690257,117.599376704145,27.4259462512631,157.587191042223,157.078425101953,2019.8294515732,2020.33821751347,NA,main,main
275,14,4.00509040971065,101.226984208937,21.5172388054616,101.572269607024,21.4734598055077,157.683504556529,153.678414146818,2016.42944061806,2020.43453102777,SC1_MZ081381.1,main,main
238,137,8.05474611609297,101.210337565966,24.9496287858719,100.94169479764,24.4082999622596,157.702630239589,149.647884123496,2012.39891059474,2020.45365671083,SC1_OK017858.1,main,main
240,132,0.907902037020107,100.910106609248,24.7161894877486,100.907203621168,24.6907941770982,157.702630239589,156.794728202569,2019.54575467381,2020.45365671083,SC1_OK017855.1,main,main
241,134,0.658524581763095,100.900495613421,24.6882866955819,100.896168800275,24.6383154642345,157.702630239589,157.044105657826,2019.79513212907,2020.45365671083,SC1_OK017854.1,main,main
241,135,0.658524581763095,100.900495613421,24.6882866955819,100.858830927031,24.5603781029686,157.702630239589,157.044105657826,2019.79513212907,2020.45365671083,SC1_OK017856.1,main,main
242,136,0.581630126397292,101.388342975489,25.0382668245778,101.404243908544,25.08187796703,157.702630239589,157.121000113191,2019.87202658443,2020.45365671083,SC1_OK017852.1,main,main
243,131,0.429430777317009,101.441221087434,25.0538271163729,101.421013506017,25.0491146596023,157.702630239589,157.273199462272,2020.02422593351,2020.45365671083,SC1_OK017853.1,main,main
243,133,0.429430777317009,101.441221087434,25.0538271163729,101.5143361458,25.2485919816464,157.702630239589,157.273199462272,2020.02422593351,2020.45365671083,SC1_OK017857.1,main,main
269,7,55.8970625013436,109.097787911117,22.8645774581529,101.361348599945,13.6921776272282,157.751810567457,101.854748066114,1964.60577453736,2020.5028370387,SC1_MW251308.1,main,main
154,26,11.8645896446695,114.216546302853,28.5979099329617,114.759310670097,29.5824344239495,157.784597452703,145.920007808034,2008.67103427928,2020.53562392395,SC1_OK017802.1,main,main
156,28,4.47305490347284,114.388805105532,28.226104280861,114.570624308615,29.5727672806641,157.784597452703,153.311542549231,2016.06256902047,2020.53562392395,SC1_OK017801.1,main,main
274,16,0.943334242407333,101.884667643208,18.9046618196741,102.082499993764,18.5679823762752,157.800990895326,156.857656652919,2019.60868312416,2020.55201736657,SC1_MZ937002.1,main,main
274,17,0.951530963718712,101.884667643208,18.9046618196741,102.354839216936,18.599207539147,157.809187616638,156.857656652919,2019.60868312416,2020.56021408788,SC1_MZ937004.1,main,main
256,258,0.934073432986159,125.295617484265,41.4701878866748,125.427462715831,41.5349451118636,157.840847216756,156.90677378377,2019.65780025501,2020.591873688,NA,main,main
258,259,0.00839577143146253,125.427462715831,41.5349451118636,125.309227122385,41.4979452525465,157.849242988188,157.840847216756,2020.591873688,2020.60026945943,NA,main,main
237,129,11.298183501105,102.588575139631,24.4379649750672,102.492812073578,24.4464613008796,157.953996359807,146.655812858702,2009.40683932995,2020.70502283105,SC1_OK017793.1,main,main
260,79,0.649572847660027,125.004013509353,41.5042973416616,124.993053191632,41.5222509400337,157.953996359807,157.304423512147,2020.05544998339,2020.70502283105,SC1_OK017799.1,main,main
260,78,0.649572847660027,125.004013509353,41.5042973416616,125.019867278194,41.5488491502515,157.953996359807,157.304423512147,2020.05544998339,2020.70502283105,SC1_OK017794.1,main,main
257,83,0.398654198972356,125.310419605459,41.5202601933036,125.469765138386,41.536649667819,157.953996359807,157.555342160835,2020.30636863208,2020.70502283105,SC1_OK017796.1,main,main
257,82,0.398654198972356,125.310419605459,41.5202601933036,125.324532503134,41.5394188355493,157.953996359807,157.555342160835,2020.30636863208,2020.70502283105,SC1_OK017797.1,main,main
258,80,0.113149143051113,125.427462715831,41.5349451118636,125.31544651319,41.5617154453707,157.953996359807,157.840847216756,2020.591873688,2020.70502283105,SC1_OK017798.1,main,main
259,81,0.10475337161965,125.309227122385,41.4979452525465,125.264537630582,41.4830163192515,157.953996359807,157.849242988188,2020.60026945943,2020.70502283105,SC1_OK017800.1,main,main
259,84,0.10475337161965,125.309227122385,41.4979452525465,124.967526210084,41.6933403467196,157.953996359807,157.849242988188,2020.60026945943,2020.70502283105,SC1_OK017795.1,main,main
143,23,43.4666563029014,113.035154038016,26.5730984479912,113.044190781709,26.488529266061,158.37226119999,114.905604897088,1977.65663136833,2021.12328767123,SC1_OK017832.1,main,main
145,19,11.9411528290326,111.610171125629,26.9824530772195,111.450235756866,27.1832803164452,158.37226119999,146.431108370957,2009.1821348422,2021.12328767123,SC1_OK017833.1,main,main
278,10,2.23109647567447,110.94268988848,28.4856860998861,110.433344063783,28.5524502021681,158.37226119999,156.141164724315,2018.89219119556,2021.12328767123,SC1_OK017804.1,main,main
278,11,2.23109647567447,110.94268988848,28.4856860998861,110.970854690124,28.6188461415059,158.37226119999,156.141164724315,2018.89219119556,2021.12328767123,SC1_OK017803.1,main,main
277,12,11.8051808622816,109.858561870197,28.4484966066564,110.261542830216,28.4004745766182,158.448973528757,146.643792666475,2009.39481913772,2021.2,SC1_OK017805.1,main,main
205,96,6.039905534084,106.175695422254,26.1815270347341,106.671450396985,26.051819982915,158.448973528757,152.409067994673,2015.16009446592,2021.2,SC1_OK017829.1,main,main
150,74,3.73942843899445,113.160469058602,29.1947102634124,112.814879142941,29.4962249631726,158.448973528757,154.709545089762,2017.46057156101,2021.2,SC1_OK017835.1,main,main
150,75,3.73942843899445,113.160469058602,29.1947102634124,113.326743723394,29.0923394933142,158.448973528757,154.709545089762,2017.46057156101,2021.2,SC1_OK017834.1,main,main
206,94,1.82611889630616,105.889328973833,25.9911311229419,104.973663403229,26.6793903431449,158.448973528757,156.622854632451,2019.37388110369,2021.2,SC1_OK017830.1,main,main
206,95,1.82611889630616,105.889328973833,25.9911311229419,105.944203944506,26.1071990486015,158.448973528757,156.622854632451,2019.37388110369,2021.2,SC1_OK017831.1,main,main
163,164,4.13888159828462,113.89442928623,27.3597984610874,114.013376759535,27.3181229357712,158.457321139804,154.318439541519,2017.06946601276,2021.20834761105,NA,main,main
271,13,14.5948188161749,100.955998136928,21.3639172214218,100.770129989544,21.604226291458,158.573905035606,143.979086219431,2006.73011269067,2021.32493150685,SC1_OK017806.1,main,main
165,34,8.53518314886073,116.046477479746,25.072431806145,116.30992517348,24.9819273291362,158.616096816428,150.080913667567,2012.83194013881,2021.36712328767,SC1_OK017808.1,main,main
166,33,1.53767171447484,116.097756352741,25.2309060690257,116.388153511353,25.9058240062984,158.616096816428,157.078425101953,2019.8294515732,2021.36712328767,SC1_OK017811.1,main,main
167,31,1.02890577420546,117.599376704145,27.4259462512631,117.608608047088,27.4584271491257,158.616096816428,157.587191042223,2020.33821751347,2021.36712328767,SC1_OK017810.1,main,main
167,32,1.02890577420546,117.599376704145,27.4259462512631,117.549996533447,27.578575538188,158.616096816428,157.587191042223,2020.33821751347,2021.36712328767,SC1_OK017809.1,main,main
151,24,46.8088275219154,115.363425778436,26.7578389226571,115.222984874282,26.7237377260023,158.783220104099,111.974392582184,1974.72541905343,2021.53424657534,SC1_OK017860.1,main,main
158,30,22.9262934174389,114.819808109241,26.7879110552249,113.970030173815,26.6947847336948,158.783220104099,135.856926686661,1998.6079531579,2021.53424657534,SC1_OK017845.1,main,main
153,25,17.1116331827211,114.421894920057,28.5831630744963,116.15601185082,32.2613940976699,158.783220104099,141.671586921378,2004.42261339262,2021.53424657534,SC1_OK017807.1,main,main
182,69,12.5738490446056,115.348449052269,24.8925055472298,115.208565918679,25.4071426742084,158.783220104099,146.209371059494,2008.96039753074,2021.53424657534,SC1_OK017841.1,main,main
155,29,9.62135323663006,114.422829463575,28.2657748714672,115.273658360221,28.6233251455579,158.783220104099,149.161866867469,2011.91289333871,2021.53424657534,SC1_OK017837.1,main,main
156,27,5.47167755486893,114.388805105532,28.226104280861,114.517240437099,28.1146789247932,158.783220104099,153.311542549231,2016.06256902047,2021.53424657534,SC1_OK017836.1,main,main
162,35,5.41704375305119,114.874366046504,25.1000062827774,114.974378240497,25.1671761439459,158.783220104099,153.366176351048,2016.11720282229,2021.53424657534,SC1_OK017844.1,main,main
198,70,5.06745705501317,115.036040461241,24.8403422216949,114.913918563836,24.7579912022803,158.783220104099,153.715763049086,2016.46678952033,2021.53424657534,SC1_OK017843.1,main,main
198,71,5.06745705501317,115.036040461241,24.8403422216949,115.002755971725,24.9255629734482,158.783220104099,153.715763049086,2016.46678952033,2021.53424657534,SC1_OK017842.1,main,main
163,36,4.46478056258044,113.89442928623,27.3597984610874,113.999226363356,27.4844588808543,158.783220104099,154.318439541519,2017.06946601276,2021.53424657534,SC1_OK017838.1,main,main
164,37,0.325898964295818,114.013376759535,27.3181229357712,114.010753400369,27.3306998421313,158.783220104099,158.457321139804,2021.20834761105,2021.53424657534,SC1_OK017840.1,main,main
164,38,0.325898964295818,114.013376759535,27.3181229357712,113.99100911211,27.3168771540746,158.783220104099,158.457321139804,2021.20834761105,2021.53424657534,SC1_OK017839.1,main,main
