node1,node2,length,startLon,startLat,endLon,endLat,endNodeL,startNodeL,startYear,endYear,tipLabel
220,221,8.17959129408398,110.561910312731,29.8697527952798,111.310961300812,30.6398796471509,100.860884643122,92.681293349038,1974.99537631218,1983.17496760626,NA
215,216,2.86770108194562,103.054721667764,25.4895085057105,103.031566388461,25.4584774623661,106.743429587001,103.875728505055,1986.1898114682,1989.05751255014,NA
228,238,11.0818998907689,114.619943441166,22.5387834803755,114.111476059321,22.5649433948585,109.337654391624,98.2557545008549,1980.569837464,1991.65173735477,NA
220,225,17.2062908546871,110.561910312731,29.8697527952798,110.673103947175,29.9774812513264,109.887584203725,92.681293349038,1974.99537631218,1992.20166716687,NA
146,147,10.8962519370225,103.125895492317,25.8066961370758,102.871692445589,24.8130379708098,110.562916624171,99.6666646871481,1981.98074765029,1992.87699958731,NA
238,239,1.90820324750007,114.111476059321,22.5649433948585,114.056499367455,22.4799337568683,111.245857639124,109.337654391624,1991.65173735477,1993.55994060227,NA
256,257,17.2899498778076,109.936312727106,34.6962668658996,106.68993349396,31.7129211085759,112.141907790319,94.8519579125111,1977.16604087565,1994.45599075346,NA
147,148,2.62992402983879,102.871692445589,24.8130379708098,102.971591526491,24.8020584577817,113.192840654009,110.562916624171,1992.87699958731,1995.50692361715,NA
148,149,0.0961856885367993,102.971591526491,24.8020584577817,102.928861609084,24.7083519424273,113.289026342546,113.192840654009,1995.50692361715,1995.60310930569,NA
149,150,0.638957698700896,102.928861609084,24.7083519424273,102.949934375636,24.6793665229361,113.927984041247,113.289026342546,1995.60310930569,1996.24206700439,NA
150,174,0.121233782162967,102.949934375636,24.6793665229361,102.962662314177,24.6620505664917,114.04921782341,113.927984041247,1996.24206700439,1996.36330078655,NA
221,222,14.1185503452741,111.310961300812,30.6398796471509,111.330163965307,30.6596495630107,114.979434988396,100.860884643122,1983.17496760626,1997.29351795154,NA
148,209,3.89199928823176,102.971591526491,24.8020584577817,103.089555793093,24.9631715022261,117.084839942241,113.192840654009,1995.50692361715,1999.39892290538,NA
174,175,5.61764045797529,102.962662314177,24.6620505664917,102.812501271237,24.6628648455255,119.666858281385,114.04921782341,1996.36330078655,2001.98094124453,NA
222,223,4.78773924393397,111.330163965307,30.6596495630107,111.247704379294,30.6446903071399,119.76717423233,114.979434988396,1997.29351795154,2002.08125719547,NA
272,273,14.9245174737699,101.755429259994,21.3979148101291,102.287744708756,21.7646419887623,120.143316196309,105.218798722539,1987.53288168568,2002.45739915945,NA
256,259,25.377617367634,109.936312727106,34.6962668658996,112.347930153547,34.9175336542681,120.229575280145,94.8519579125111,1977.16604087565,2002.54365824329,NA
223,224,0.820603789516628,111.247704379294,30.6446903071399,111.217765233096,30.5904537795149,120.587778021847,119.76717423233,2002.08125719547,2002.90186098499,NA
215,72,16.7636131893373,103.054721667764,25.4895085057105,113.177741803647,22.9452154203204,120.639341694392,103.875728505055,1986.1898114682,2002.95342465753,SC1_AY394995.1
150,151,6.81512417136279,102.949934375636,24.6793665229361,109.335039562544,24.4093412074131,120.74310821261,113.927984041247,1996.24206700439,2003.05719117575,NA
228,229,22.5901024895323,114.619943441166,22.5387834803755,114.401706468542,22.5619530830437,120.845856990387,98.2557545008549,1980.569837464,2003.15993995353,NA
223,84,1.95709896891145,111.247704379294,30.6446903071399,111.372574000634,31.1401078972272,121.724273201241,119.76717423233,2002.08125719547,2004.03835616438,SC1_DQ648857.1
229,230,1.31557484763001,114.401706468542,22.5619530830437,114.331640406097,22.5716293053095,122.161431838017,120.845856990387,2003.15993995353,2004.47551480116,NA
229,231,1.59271045680363,114.401706468542,22.5619530830437,114.423547921607,22.6244766206424,122.438567447191,120.845856990387,2003.15993995353,2004.75265041033,NA
231,235,0.0212564676575333,114.423547921607,22.6244766206424,114.390592882231,22.5672396881398,122.459823914848,122.438567447191,2004.75265041033,2004.77390687799,NA
224,83,1.96982851272807,111.217765233096,30.5904537795149,111.36988195366,30.4993677161166,122.557606534575,120.587778021847,2002.90186098499,2004.87168949772,SC1_DQ412043.1
224,82,1.96982851272807,111.217765233096,30.5904537795149,111.18837241379,30.5556460997431,122.557606534575,120.587778021847,2002.90186098499,2004.87168949772,SC1_DQ412042.1
151,152,1.84914744938919,109.335039562544,24.4093412074131,112.333671673307,24.7190296578046,122.592255661999,120.74310821261,2003.05719117575,2004.90633862514,NA
151,66,1.89646553507973,109.335039562544,24.4093412074131,108.258276257225,22.7167960153837,122.63957374769,120.74310821261,2003.05719117575,2004.95365671083,SC1_DQ071615.1
230,87,0.691608486511832,114.331640406097,22.5716293053095,114.320472724988,22.1091795326785,122.853040324529,122.161431838017,2004.47551480116,2005.16712328767,SC1_DQ022305.2
235,90,0.412394491872405,114.390592882231,22.5672396881398,114.378516014221,22.501901719691,122.872218406721,122.459823914848,2004.77390687799,2005.18630136986,SC1_DQ084199.1
230,88,0.768320815278976,114.331640406097,22.5716293053095,114.230041592358,22.4640074709096,122.929752653296,122.161431838017,2004.47551480116,2005.24383561644,SC1_DQ084200.1
239,240,11.7261169580343,114.056499367455,22.4799337568683,114.10379624322,22.5446379001894,122.971974597158,111.245857639124,1993.55994060227,2005.2860575603,NA
175,186,3.35805653095858,102.812501271237,24.6628648455255,102.831749236398,24.6440269911681,123.024914812344,119.666858281385,2001.98094124453,2005.33899777549,NA
231,232,0.591609280898052,114.423547921607,22.6244766206424,114.379747604788,22.1680451889832,123.030176728089,122.438567447191,2004.75265041033,2005.34425969123,NA
152,153,0.489009068916452,112.333671673307,24.7190296578046,112.955577721875,24.7393500639289,123.081264730916,122.592255661999,2004.90633862514,2005.39534769406,NA
232,233,0.193612256177214,114.379747604788,22.1680451889832,114.443812189451,22.2258180296259,123.223788984266,123.030176728089,2005.34425969123,2005.53787194741,NA
235,236,0.913707662300569,114.390592882231,22.5672396881398,114.05976714484,22.4149375919363,123.373531577149,122.459823914848,2004.77390687799,2005.68761454029,NA
236,237,0.067981578341346,114.05976714484,22.4149375919363,114.132539924125,22.4624884924049,123.44151315549,123.373531577149,2005.68761454029,2005.75559611863,NA
232,91,0.411904692330637,114.379747604788,22.1680451889832,114.216484464764,22.093862465357,123.44208142042,123.030176728089,2005.34425969123,2005.75616438356,SC1_GQ153539.1
233,89,0.218292436153423,114.443812189451,22.2258180296259,114.357742108652,22.1468251008466,123.44208142042,123.223788984266,2005.53787194741,2005.75616438356,SC1_GQ153540.1
233,234,0.377752165732137,114.443812189451,22.2258180296259,114.402825308971,22.2788066799129,123.601541149998,123.223788984266,2005.53787194741,2005.91562411314,NA
237,96,0.238924429312744,114.132539924125,22.4624884924049,114.03845750449,22.2722483444463,123.680437584803,123.44151315549,2005.75559611863,2005.99452054795,SC1_GQ153541.1
146,13,24.0576085140933,103.125895492317,25.8066961370758,105.477674690641,27.4013074195228,123.724273201241,99.6666646871481,1981.98074765029,2006.03835616438,SC1_FJ588686.1
240,97,0.875586275316227,114.10379624322,22.5446379001894,114.005482641772,22.4318810322002,123.847560872474,122.971974597158,2005.2860575603,2006.16164383562,SC1_GQ153542.1
240,98,0.875586275316227,114.10379624322,22.5446379001894,114.022175022774,22.5038826521635,123.847560872474,122.971974597158,2005.2860575603,2006.16164383562,SC1_GQ153543.1
175,176,4.50164868473934,102.812501271237,24.6628648455255,102.989650850578,24.7144699612249,124.168506966125,119.666858281385,2001.98094124453,2006.48258992927,NA
186,187,1.17522733027185,102.831749236398,24.6440269911681,103.036636910533,24.774643640917,124.200142142616,123.024914812344,2005.33899777549,2006.51422510576,NA
237,93,0.937554566299111,114.132539924125,22.4624884924049,114.121325239551,22.254285727631,124.379067721789,123.44151315549,2005.75559611863,2006.69315068493,SC1_GQ153544.1
234,94,0.777526571791157,114.402825308971,22.2788066799129,114.414081552673,22.2964707895066,124.379067721789,123.601541149998,2005.91562411314,2006.69315068493,SC1_GQ153545.1
238,241,15.2342618105583,114.111476059321,22.5649433948585,118.932705153906,28.4031797605059,124.571916202182,109.337654391624,1991.65173735477,2006.88599916532,NA
186,201,1.6409374058727,102.831749236398,24.6440269911681,102.895024218632,24.7294351856077,124.665852218217,123.024914812344,2005.33899777549,2006.97993518136,NA
153,154,1.64418425367363,112.955577721875,24.7393500639289,113.016059097212,24.5440905735734,124.725448984589,123.081264730916,2005.39534769406,2007.03953194773,NA
236,92,1.52882381587322,114.05976714484,22.4149375919363,114.07370855644,22.439610380886,124.902355393022,123.373531577149,2005.68761454029,2007.21643835616,SC1_GQ153546.1
239,99,13.8455388497887,114.056499367455,22.4799337568683,114.327415304408,22.1803361348834,125.091396488913,111.245857639124,1993.55994060227,2007.40547945205,SC1_GQ153547.1
154,170,0.527531138629303,113.016059097212,24.5440905735734,113.071521447319,24.5075923171091,125.252980123218,124.725448984589,2007.03953194773,2007.56706308636,NA
201,202,0.916469706676198,102.895024218632,24.7294351856077,102.89102533245,24.7497557389914,125.582321924893,124.665852218217,2006.97993518136,2007.89640488803,NA
234,95,1.99396492795557,114.402825308971,22.2788066799129,114.344719426444,22.3038133988057,125.595506077954,123.601541149998,2005.91562411314,2007.9095890411,SC1_GQ153548.1
241,245,1.04320252035447,118.932705153906,28.4031797605059,118.999894863513,28.4524786452641,125.615118722537,124.571916202182,2006.88599916532,2007.92920168568,NA
187,188,1.48214762262571,103.036636910533,24.774643640917,103.09055669345,24.8106876556163,125.682289765241,124.200142142616,2006.51422510576,2007.99637272838,NA
154,155,1.05797521509031,113.016059097212,24.5440905735734,112.943913165867,24.4565160323558,125.783424199679,124.725448984589,2007.03953194773,2008.09750716282,NA
273,274,5.84217274269626,102.287744708756,21.7646419887623,101.805356401269,21.5061683304212,125.985488939005,120.143316196309,2002.45739915945,2008.29957190215,NA
245,246,0.652350747371019,118.999894863513,28.4524786452641,119.059980787172,28.1497617959004,126.267469469908,125.615118722537,2007.92920168568,2008.58155243305,NA
176,183,2.82797872139446,102.989650850578,24.7144699612249,101.943726667666,25.104396379641,126.996485687519,124.168506966125,2006.48258992927,2009.31056865066,NA
216,217,20.3135034194178,103.031566388461,25.4584774623661,103.13279845411,25.7985881095777,127.056933006418,106.743429587001,1989.05751255014,2009.37101596956,NA
201,203,2.44220407329668,102.895024218632,24.7294351856077,102.722571720546,24.705328891647,127.108056291513,124.665852218217,2006.97993518136,2009.42213925466,NA
183,185,0.201183063021384,101.943726667666,25.104396379641,101.981557667539,25.1481244851516,127.197668750541,126.996485687519,2009.31056865066,2009.51175171368,NA
209,210,10.1176919838981,103.089555793093,24.9631715022261,102.696886782302,24.9711554202573,127.202531926139,117.084839942241,1999.39892290538,2009.51661488928,NA
203,204,0.402374240688156,102.722571720546,24.705328891647,102.765840513716,24.6712318651477,127.510430532201,127.108056291513,2009.42213925466,2009.82451349534,NA
246,247,1.50546002773689,119.059980787172,28.1497617959004,118.267978144593,27.9068829276988,127.772929497644,126.267469469908,2008.58155243305,2010.08701246079,NA
245,253,2.24564144184416,118.999894863513,28.4524786452641,118.946995493016,28.3185835803781,127.860760164381,125.615118722537,2007.92920168568,2010.17484312752,NA
155,158,2.12092548062908,112.943913165867,24.4565160323558,113.899526093078,24.8876049142564,127.904349680309,125.783424199679,2008.09750716282,2010.21843264345,NA
174,207,14.0522372448651,102.962662314177,24.6620505664917,112.506312782767,29.2965525186088,128.101455068275,114.04921782341,1996.36330078655,2010.41553803142,NA
158,159,0.324924768395809,113.899526093078,24.8876049142564,114.082255686917,24.3355428288885,128.229274448704,127.904349680309,2010.21843264345,2010.54335741185,NA
188,189,2.66221038889833,103.09055669345,24.8106876556163,103.089669154473,24.8453613055459,128.34450015414,125.682289765241,2007.99637272838,2010.65858311728,NA
176,177,4.20558231635765,102.989650850578,24.7144699612249,102.980393676797,24.7399034098066,128.374089282482,124.168506966125,2006.48258992927,2010.68817224562,NA
259,260,8.34286751543304,112.347930153547,34.9175336542681,112.396271921981,34.9213978352644,128.572442795578,120.229575280145,2002.54365824329,2010.88652575872,NA
155,156,2.92029705747295,112.943913165867,24.4565160323558,111.910775839151,23.9505447354691,128.703721257152,125.783424199679,2008.09750716282,2011.01780422029,NA
204,205,1.20937877336729,102.765840513716,24.6712318651477,102.875264831311,25.0210534603237,128.719809305569,127.510430532201,2009.82451349534,2011.03389226871,NA
177,25,0.350183918759091,102.980393676797,24.7399034098066,102.981481052296,24.7332706003839,128.724273201241,128.374089282482,2010.68817224562,2011.03835616438,SC1_JX993988.1
247,248,1.05175096661651,118.267978144593,27.9068829276988,117.95562391723,27.5508844130309,128.824680464261,127.772929497644,2010.08701246079,2011.1387634274,NA
209,213,11.7435763583832,103.089555793093,24.9631715022261,105.49132568122,25.0611381573758,128.828416300624,117.084839942241,1999.39892290538,2011.14249926377,NA
259,262,8.64488052945402,112.347930153547,34.9175336542681,126.118074044184,41.953678445398,128.874455809599,120.229575280145,2002.54365824329,2011.18853877274,NA
205,27,0.294874854576884,102.875264831311,25.0210534603237,102.634858884244,25.0470819494546,129.014684160146,128.719809305569,2011.03389226871,2011.32876712329,SC1_KC881005.1
262,263,0.146242157054596,126.118074044184,41.953678445398,126.056000491475,41.9222228457308,129.020697966654,128.874455809599,2011.18853877274,2011.3347809298,NA
189,190,0.710712815532673,103.089669154473,24.8453613055459,105.234149143898,25.0125549608426,129.055212969672,128.34450015414,2010.65858311728,2011.36929593281,NA
183,184,2.35894183849263,101.943726667666,25.104396379641,102.0298387539,25.1397724206002,129.355427526012,126.996485687519,2009.31056865066,2011.66951048915,NA
225,79,19.502442422174,110.673103947175,29.9774812513264,107.560457140774,33.3109273083775,129.390026625899,109.887584203725,1992.20166716687,2011.70410958904,SC1_JX993987.1
260,261,0.907188531829165,112.396271921981,34.9213978352644,112.509387537204,35.2902094392119,129.479631327407,128.572442795578,2010.88652575872,2011.79371429055,NA
248,249,0.685641913154862,117.95562391723,27.5508844130309,118.038110976891,27.5295661831636,129.510322377416,128.824680464261,2011.1387634274,2011.82440534056,NA
216,73,22.9808436142409,103.031566388461,25.4584774623661,98.6442191722309,24.4800453383159,129.724273201241,106.743429587001,1989.05751255014,2012.03835616438,SC1_KU973692.1
253,109,1.86351303686074,118.946995493016,28.3185835803781,118.938070705147,28.2438151638654,129.724273201241,127.860760164381,2010.17484312752,2012.03835616438,SC1_KF294457.1
260,119,1.15183040566327,112.396271921981,34.9213978352644,112.446206399142,34.8907641683648,129.724273201241,128.572442795578,2010.88652575872,2012.03835616438,SC1_KY770860.1
262,129,0.849817391642286,126.118074044184,41.953678445398,126.285473521878,41.8547238049514,129.724273201241,128.874455809599,2011.18853877274,2012.03835616438,SC1_KJ473811.1
188,199,4.05440372541882,103.09055669345,24.8106876556163,102.939703425362,24.7365919216976,129.73669349066,125.682289765241,2007.99637272838,2012.0507764538,NA
204,31,2.42695742313832,102.765840513716,24.6712318651477,102.591604094235,24.6718021123459,129.93738795534,127.510430532201,2009.82451349534,2012.25147091848,SC1_KC881006.1
189,192,1.78031145308458,103.089669154473,24.8453613055459,103.050783695357,25.1288574864877,130.124811607224,128.34450015414,2010.65858311728,2012.43889457037,NA
205,206,1.42156078718902,102.875264831311,25.0210534603237,102.708394736906,25.0391513207179,130.141370092758,128.719809305569,2011.03389226871,2012.4554530559,NA
210,211,2.93986724626089,102.696886782302,24.9711554202573,102.585991536863,24.8964951730702,130.1423991724,127.202531926139,2009.51661488928,2012.45648213554,NA
190,191,1.1191472041235,105.234149143898,25.0125549608426,105.540655021302,25.1765157010314,130.174360173796,129.055212969672,2011.36929593281,2012.48844313694,NA
257,258,18.0703035545355,106.68993349396,31.7129211085759,112.420429424827,28.9628752249699,130.212211344854,112.141907790319,1994.45599075346,2012.526294308,NA
206,29,0.249569775150404,102.708394736906,25.0391513207179,102.716014107793,24.9918734588852,130.390939867908,130.141370092758,2012.4554530559,2012.70502283105,SC1_KF367457.1
187,33,6.237245812724,103.036636910533,24.774643640917,102.912528238351,24.8849296353752,130.43738795534,124.200142142616,2006.51422510576,2012.75147091848,SC1_KY417145.1
202,32,4.85506603044695,102.89102533245,24.7497557389914,102.861353396044,24.8088845562806,130.43738795534,125.582321924893,2007.89640488803,2012.75147091848,SC1_KY417143.1
203,30,3.32933166382647,102.722571720546,24.705328891647,102.75084217348,24.8810694514064,130.43738795534,127.108056291513,2009.42213925466,2012.75147091848,SC1_KY417144.1
263,264,1.66496749301925,126.056000491475,41.9222228457308,122.969992837332,41.1087906731871,130.685665459673,129.020697966654,2011.3347809298,2012.99974842281,NA
221,86,29.8633885581195,111.310961300812,30.6398796471509,112.227783443373,31.0484784475899,130.724273201241,100.860884643122,1983.17496760626,2013.03835616438,SC1_KJ473814.1
149,14,17.4352468586952,102.928861609084,24.7083519424273,102.984372989644,24.7078779894054,130.724273201241,113.289026342546,1995.60310930569,2013.03835616438,SC1_KJ473816.1
152,65,8.13201753924236,112.333671673307,24.7190296578046,111.646534881565,24.488528433083,130.724273201241,122.592255661999,2004.90633862514,2013.03835616438,SC1_KJ473815.1
261,118,1.24464187383411,112.509387537204,35.2902094392119,112.641647210585,35.4635087209661,130.724273201241,129.479631327407,2011.79371429055,2013.03835616438,SC1_KJ473813.1
261,117,1.24464187383411,112.509387537204,35.2902094392119,115.311524169755,36.1288812766447,130.724273201241,129.479631327407,2011.79371429055,2013.03835616438,SC1_KJ473812.1
191,38,0.549913027445445,105.540655021302,25.1765157010314,105.501719841278,25.1025406644088,130.724273201241,130.174360173796,2012.48844313694,2013.03835616438,SC1_KY770859.1
191,39,0.549913027445445,105.540655021302,25.1765157010314,105.578946284677,25.1849815545815,130.724273201241,130.174360173796,2012.48844313694,2013.03835616438,SC1_KY770858.1
192,193,0.848985672099646,103.050783695357,25.1288574864877,103.045481348435,25.052015512619,130.973797279324,130.124811607224,2012.43889457037,2013.28788024247,NA
202,26,5.43236223525281,102.89102533245,24.7497557389914,102.693023886031,24.7686437562875,131.014684160146,125.582321924893,2007.89640488803,2013.32876712329,SC1_KY417148.1
210,5,3.81215223400636,102.696886782302,24.9711554202573,102.613210476145,24.9615405151893,131.014684160146,127.202531926139,2009.51661488928,2013.32876712329,SC1_KY417149.1
211,8,0.872284987745477,102.585991536863,24.8964951730702,102.721259161668,24.9663546149415,131.014684160146,130.1423991724,2012.45648213554,2013.32876712329,SC1_KY417146.1
193,40,0.0408868808215992,103.045481348435,25.052015512619,103.04843877951,25.0522735511574,131.014684160146,130.973797279324,2013.28788024247,2013.32876712329,SC1_KY417147.1
159,161,2.81117227349643,114.082255686917,24.3355428288885,114.432440123468,24.4746465130007,131.040446722201,128.229274448704,2010.54335741185,2013.35452968534,NA
184,15,1.75788677112009,102.0298387539,25.1397724206002,102.21709645,25.1749842954692,131.113314297132,129.355427526012,2011.66951048915,2013.42739726027,SC1_KP886808.1
184,16,1.75788677112009,102.0298387539,25.1397724206002,101.832829873507,25.0418606322866,131.113314297132,129.355427526012,2011.66951048915,2013.42739726027,SC1_KP886809.1
211,212,1.033472887696,102.585991536863,24.8964951730702,102.937315400447,24.7181139934338,131.175872060096,130.1423991724,2012.45648213554,2013.48995502324,NA
212,7,0.0990860726520708,102.937315400447,24.7181139934338,103.051053447516,24.9141690738928,131.274958132748,131.175872060096,2013.48995502324,2013.58904109589,SC1_KT444582.1
212,6,0.0990860726520708,102.937315400447,24.7181139934338,102.942840636695,24.7083874087611,131.274958132748,131.175872060096,2013.48995502324,2013.58904109589,SC1_KY417150.1
263,120,2.28439715239587,126.056000491475,41.9222228457308,126.02637354992,41.8718699558402,131.30509511905,129.020697966654,2011.3347809298,2013.61917808219,SC1_KU182964.1
193,194,0.721641948859538,103.045481348435,25.052015512619,103.194249278716,25.5850971245879,131.695439228184,130.973797279324,2013.28788024247,2014.00952219133,NA
206,28,1.94180721807271,102.708394736906,25.0391513207179,102.717867632854,25.1112509459748,132.08317731083,130.141370092758,2012.4554530559,2014.39726027397,SC1_KY417142.1
161,162,1.04659998810105,114.432440123468,24.4746465130007,115.045668704826,24.4440903316793,132.087046710302,131.040446722201,2013.35452968534,2014.40112967344,NA
194,195,0.809132092125857,103.194249278716,25.5850971245879,103.21563904678,25.5934487469102,132.504571320309,131.695439228184,2014.00952219133,2014.81865428345,NA
199,34,2.79853861469074,102.939703425362,24.7365919216976,103.006635509362,24.6451054454118,132.535232105351,129.73669349066,2012.0507764538,2014.84931506849,SC1_KY417151.1
170,171,7.36704112610957,113.071521447319,24.5075923171091,113.041238977351,24.5021574698181,132.620021249328,125.252980123218,2007.56706308636,2014.93410421247,NA
264,265,1.96066160527437,122.969992837332,41.1087906731871,123.817430325581,41.8305421705159,132.646327064947,130.685665459673,2012.99974842281,2014.96041002809,NA
199,200,2.95540416025843,102.939703425362,24.7365919216976,102.951281288297,24.7700370306546,132.692097650919,129.73669349066,2012.0507764538,2015.00618061406,NA
159,160,4.6298983367547,114.082255686917,24.3355428288885,113.147489146006,24.7413025124535,132.859172785459,128.229274448704,2010.54335741185,2015.1732557486,NA
276,277,0.186789022582772,108.638572654963,22.6303396377962,108.65447383326,22.621616941163,132.974910865364,132.788121842781,2015.10220480592,2015.28899382851,NA
246,251,6.88555356457399,119.059980787172,28.1497617959004,115.030975517353,25.9640367844195,133.153023034482,126.267469469908,2008.58155243305,2015.46710599762,NA
254,78,8.14306719602785,122.268387566133,30.2070614868351,122.161368028421,30.1999869213455,133.2201636122,125.077096416173,2007.39117937931,2015.53424657534,SC1_MG772934.1
241,242,8.71324325449453,118.932705153906,28.4031797605059,114.117979266417,29.2606408434116,133.285159456677,124.571916202182,2006.88599916532,2015.59924241982,NA
195,196,0.939226469802587,103.21563904678,25.5934487469102,103.161811978377,25.5538239785768,133.443797790112,132.504571320309,2014.81865428345,2015.75788075325,NA
200,35,0.821216646212994,102.951281288297,24.7700370306546,102.970395468223,24.8160047492531,133.513314297132,132.692097650919,2015.00618061406,2015.82739726027,SC1_KY417152.1
277,278,0.856022246269826,108.65447383326,22.621616941163,108.597227959935,22.6437598681404,133.830933111633,132.974910865364,2015.28899382851,2016.14501607478,NA
171,173,1.24616943357329,113.041238977351,24.5021574698181,113.155171186503,24.5345188937459,133.866190682901,132.620021249328,2014.93410421247,2016.18027364604,NA
265,128,1.37029586306998,123.817430325581,41.8305421705159,127.037246589754,35.5741609581346,134.016622928017,132.646327064947,2014.96041002809,2016.33070589116,SC1_KY938558.1
196,197,0.589445106342064,103.161811978377,25.5538239785768,103.154456686502,25.5529023415639,134.033242896454,133.443797790112,2015.75788075325,2016.3473258596,NA
162,163,1.99408193511948,115.045668704826,24.4440903316793,114.844333415303,24.1661494149016,134.081128645421,132.087046710302,2014.40112967344,2016.39521160856,NA
196,198,0.716590843945862,103.161811978377,25.5538239785768,103.003162592112,25.5415948646901,134.160388634058,133.443797790112,2015.75788075325,2016.4744715972,NA
158,63,6.31719128049575,113.899526093078,24.8876049142564,114.598153468839,24.510845887915,134.221540960804,127.904349680309,2010.21843264345,2016.53562392395,SC1_OK017812.1
257,116,22.1643326240374,106.68993349396,31.7129211085759,103.356946399408,29.9282004447998,134.306240414356,112.141907790319,1994.45599075346,2016.6203233775,SC1_OK017846.1
192,43,4.18142880713174,103.050783695357,25.1288574864877,103.391070536327,23.9526401786133,134.306240414356,130.124811607224,2012.43889457037,2016.6203233775,SC1_OK017849.1
195,46,1.80166909404669,103.21563904678,25.5934487469102,103.053022921555,25.3691482837826,134.306240414356,132.504571320309,2014.81865428345,2016.6203233775,SC1_OK017847.1
197,45,0.272997517902044,103.154456686502,25.5529023415639,103.104010790639,25.5796654249089,134.306240414356,134.033242896454,2016.3473258596,2016.6203233775,SC1_OK017848.1
198,41,0.145851780298246,103.003162592112,25.5415948646901,103.003551988162,25.4544527474909,134.306240414356,134.160388634058,2016.4744715972,2016.6203233775,SC1_OK017851.1
198,44,0.145851780298246,103.003162592112,25.5415948646901,103.115455161561,25.788799374848,134.306240414356,134.160388634058,2016.4744715972,2016.6203233775,SC1_OK017850.1
185,18,7.19327111736764,101.981557667539,25.1481244851516,102.61686951065,25.8851510927908,134.390939867908,127.197668750541,2009.51175171368,2016.70502283105,SC1_MK211375.1
194,47,2.6955006397246,103.194249278716,25.5850971245879,103.114218886434,25.6146889346557,134.390939867908,131.695439228184,2014.00952219133,2016.70502283105,SC1_MK211378.1
200,36,1.69884221698944,102.951281288297,24.7700370306546,102.806255615712,24.628294700517,134.390939867908,132.692097650919,2015.00618061406,2016.70502283105,SC1_MK211377.1
197,42,0.357696971454092,103.154456686502,25.5529023415639,103.403007432436,26.1646861995751,134.390939867908,134.033242896454,2016.3473258596,2016.70502283105,SC1_MK211376.1
278,279,0.599000781726773,108.597227959935,22.6437598681404,108.584948665481,22.5897286973049,134.42993389336,133.830933111633,2016.14501607478,2016.7440168565,NA
163,165,0.420384904288765,114.844333415303,24.1661494149016,114.867405031435,24.1714318359158,134.50151354971,134.081128645421,2016.39521160856,2016.81559651285,NA
277,139,1.74936233587781,108.65447383326,22.621616941163,108.664798850032,23.0858400003426,134.724273201241,132.974910865364,2015.28899382851,2017.03835616438,SC1_MT040333.1
278,137,0.893340089607986,108.597227959935,22.6437598681404,108.637065616743,22.6804947078631,134.724273201241,133.830933111633,2016.14501607478,2017.03835616438,SC1_MT040334.1
279,140,0.294339307881213,108.584948665481,22.5897286973049,108.790474132664,22.6672381608252,134.724273201241,134.42993389336,2016.7440168565,2017.03835616438,SC1_MT040335.1
279,136,0.294339307881213,108.584948665481,22.5897286973049,108.658240598309,22.6622148775941,134.724273201241,134.42993389336,2016.7440168565,2017.03835616438,SC1_MT040336.1
165,166,0.22811115399516,114.867405031435,24.1714318359158,115.117510680678,24.0979374211689,134.729624703705,134.50151354971,2016.81559651285,2017.04370766685,NA
254,77,9.7321082919181,122.268387566133,30.2070614868351,122.278488714156,30.2070044959573,134.809204708091,125.077096416173,2007.39117937931,2017.12328767123,SC1_MG772933.1
166,167,0.184801141868386,115.117510680678,24.0979374211689,115.055772550099,24.0825410031768,134.914425845574,134.729624703705,2017.04370766685,2017.22850880872,NA
264,269,4.39616685286397,122.969992837332,41.1087906731871,122.81135013598,41.1781992015657,135.081832312537,130.685665459673,2012.99974842281,2017.39591527568,NA
163,164,1.18369675234816,114.844333415303,24.1661494149016,114.680555424561,24.1532813803128,135.264825397769,134.081128645421,2016.39521160856,2017.57890836091,NA
190,37,6.24988214937712,105.234149143898,25.0125549608426,112.405232916616,23.8163741402178,135.30509511905,129.055212969672,2011.36929593281,2017.61917808219,SC1_OK017792.1
170,71,10.1370465026806,113.071521447319,24.5075923171091,113.006471386687,23.6597375828482,135.390026625899,125.252980123218,2007.56706308636,2017.70410958904,SC1_OK017823.1
162,53,3.30297991559721,115.045668704826,24.4440903316793,115.122602592005,24.5238778772272,135.390026625899,132.087046710302,2014.40112967344,2017.70410958904,SC1_OK017815.1
160,48,2.53085384043999,113.147489146006,24.7413025124535,113.029882272708,24.3168414290156,135.390026625899,132.859172785459,2015.1732557486,2017.70410958904,SC1_OK017813.1
160,49,2.53085384043999,113.147489146006,24.7413025124535,113.069385483031,24.8243856982748,135.390026625899,132.859172785459,2015.1732557486,2017.70410958904,SC1_OK017819.1
173,70,1.52383594299774,113.155171186503,24.5345188937459,113.192729830542,24.6974550902272,135.390026625899,133.866190682901,2016.18027364604,2017.70410958904,SC1_OK017822.1
173,69,1.52383594299774,113.155171186503,24.5345188937459,113.103717874425,24.5377429795046,135.390026625899,133.866190682901,2016.18027364604,2017.70410958904,SC1_OK017824.1
165,59,0.888513076188966,114.867405031435,24.1714318359158,114.983418153473,24.2392439620842,135.390026625899,134.50151354971,2016.81559651285,2017.70410958904,SC1_OK017817.1
166,55,0.660401922193806,115.117510680678,24.0979374211689,115.11514462007,24.0811093231942,135.390026625899,134.729624703705,2017.04370766685,2017.70410958904,SC1_OK017816.1
167,56,0.47560078032542,115.055772550099,24.0825410031768,115.062453601888,23.6591063324866,135.390026625899,134.914425845574,2017.22850880872,2017.70410958904,SC1_OK017814.1
167,54,0.47560078032542,115.055772550099,24.0825410031768,115.06150211307,24.2704518922976,135.390026625899,134.914425845574,2017.22850880872,2017.70410958904,SC1_OK017818.1
164,57,0.125201228129567,114.680555424561,24.1532813803128,114.668761366423,24.1578217037241,135.390026625899,135.264825397769,2017.57890836091,2017.70410958904,SC1_OK017821.1
164,58,0.125201228129567,114.680555424561,24.1532813803128,115.210362730361,24.6548735656458,135.390026625899,135.264825397769,2017.57890836091,2017.70410958904,SC1_OK017820.1
225,226,25.5522283099727,110.673103947175,29.9774812513264,110.188275425911,29.2240027852238,135.439812513698,109.887584203725,1992.20166716687,2017.75389547684,NA
161,168,4.5595654159951,114.432440123468,24.4746465130007,115.116897905938,25.0421690671126,135.600012138196,131.040446722201,2013.35452968534,2017.91409510134,NA
276,138,2.93615135846058,108.638572654963,22.6303396377962,108.996024083682,24.2473798578939,135.724273201241,132.788121842781,2015.10220480592,2018.03835616438,SC1_MT072864.1
156,157,7.27417817931199,111.910775839151,23.9505447354691,111.813396680667,23.8992872644118,135.977899436464,128.703721257152,2011.01780422029,2018.29198239961,NA
217,75,9.24816211263124,103.13279845411,25.7985881095777,103.316987514808,27.5935605935093,136.30509511905,127.056933006418,2009.37101596956,2018.61917808219,SC1_MW703458.1
177,178,8.11187959865381,102.980393676797,24.7399034098066,102.960853133087,24.8146455011433,136.485968881136,128.374089282482,2010.68817224562,2018.80005184428,NA
274,275,10.6328517906389,101.805356401269,21.5061683304212,102.203821190897,18.6828627593454,136.618340729644,125.985488939005,2008.29957190215,2018.93242369279,NA
178,179,0.192522590928173,102.960853133087,24.8146455011433,102.948369887095,24.5512945331751,136.678491472064,136.485968881136,2018.80005184428,2018.99257443521,NA
178,181,0.271393513277009,102.960853133087,24.8146455011433,102.952635122149,24.7513688330392,136.757362394413,136.485968881136,2018.80005184428,2019.07144535756,NA
242,243,3.51584759527589,114.117979266417,29.2606408434116,114.322381602064,29.3427119456365,136.801007051952,133.285159456677,2015.59924241982,2019.11509001509,NA
243,244,0.14508155850479,114.322381602064,29.3427119456365,114.333628501041,29.3465657556038,136.946088610457,136.801007051952,2019.11509001509,2019.2601715736,NA
269,270,1.96118759651974,122.81135013598,41.1781992015657,123.141266692253,41.6082627200846,137.043019909057,135.081832312537,2017.39591527568,2019.3571028722,NA
274,133,11.2182363170309,101.805356401269,21.5061683304212,101.417688315426,21.3333068289991,137.203725256036,125.985488939005,2008.29957190215,2019.51780821918,SC1_EPI_ISL_412977
171,172,4.61357565986027,113.041238977351,24.5021574698181,113.237712056382,24.9317384200226,137.233596909188,132.620021249328,2014.93410421247,2019.54767987233,NA
172,67,0.0714982098613108,113.237712056382,24.9317384200226,113.226494941333,24.8865303199046,137.30509511905,137.233596909188,2019.54767987233,2019.61917808219,SC1_OK017825.1
172,68,0.0714982098613108,113.237712056382,24.9317384200226,113.238745092659,24.9349657437821,137.30509511905,137.233596909188,2019.54767987233,2019.61917808219,SC1_OK017826.1
156,62,8.68630536874663,111.910775839151,23.9505447354691,112.318504947784,24.30817839678,137.390026625899,128.703721257152,2011.01780422029,2019.70410958904,SC1_OK017827.1
157,60,1.41212718943464,111.813396680667,23.8992872644118,111.916788148854,24.6542048706509,137.390026625899,135.977899436464,2018.29198239961,2019.70410958904,SC1_OK017859.1
157,61,1.41212718943464,111.813396680667,23.8992872644118,111.80036724655,23.7609325261666,137.390026625899,135.977899436464,2018.29198239961,2019.70410958904,SC1_OK017828.1
181,182,0.650357996082462,102.952635122149,24.7513688330392,102.902222456257,24.7143002125132,137.407720390496,136.757362394413,2019.07144535756,2019.72180335364,NA
265,266,5.1631532191925,123.817430325581,41.8305421705159,123.798610358749,41.8493727116728,137.80948028414,132.646327064947,2014.96041002809,2020.12356324728,NA
266,267,0.0516770063713279,123.798610358749,41.8493727116728,123.809476691917,41.8314733786999,137.861157290511,137.80948028414,2020.12356324728,2020.17524025365,NA
179,180,1.25205616479341,102.948369887095,24.5512945331751,102.969213167165,24.5057238951345,137.930547636858,136.678491472064,2018.99257443521,2020.2446306,NA
168,169,2.50831811367169,115.116897905938,25.0421690671126,115.387708866601,25.5882256720799,138.108330251868,135.600012138196,2017.91409510134,2020.42241321501,NA
273,132,17.9771318683207,102.287744708756,21.7646419887623,101.52419909114,21.5720302742704,138.120448064629,120.143316196309,2002.45739915945,2020.43453102777,SC1_MZ081381.1
185,17,10.9419049971491,101.981557667539,25.1481244851516,102.04082503361,25.1075525016889,138.13957374769,127.197668750541,2009.51175171368,2020.45365671083,SC1_OK017858.1
179,20,1.46108227562529,102.948369887095,24.5512945331751,102.182697642719,24.5053349321279,138.13957374769,136.678491472064,2018.99257443521,2020.45365671083,SC1_OK017856.1
181,22,1.38221135327646,102.952635122149,24.7513688330392,102.898680764056,24.5106891308238,138.13957374769,136.757362394413,2019.07144535756,2020.45365671083,SC1_OK017855.1
182,23,0.731853357193994,102.902222456257,24.7143002125132,102.866850586359,24.7038673704102,138.13957374769,137.407720390496,2019.72180335364,2020.45365671083,SC1_OK017857.1
182,24,0.731853357193994,102.902222456257,24.7143002125132,102.843375245335,24.8337882872704,138.13957374769,137.407720390496,2019.72180335364,2020.45365671083,SC1_OK017852.1
180,21,0.20902611083188,102.969213167165,24.5057238951345,103.008724577076,24.5133356540514,138.13957374769,137.930547636858,2020.2446306,2020.45365671083,SC1_OK017853.1
180,19,0.20902611083188,102.969213167165,24.5057238951345,102.912077087006,24.4317077426956,138.13957374769,137.930547636858,2020.2446306,2020.45365671083,SC1_OK017854.1
272,131,32.9699553530194,101.755429259994,21.3979148101291,100.917200146723,13.4804429585934,138.188754075558,105.218798722539,1987.53288168568,2020.5028370387,SC1_MW251308.1
243,100,1.42053390885182,114.322381602064,29.3427119456365,114.282958227437,29.3993546392305,138.221540960804,136.801007051952,2019.11509001509,2020.53562392395,SC1_OK017802.1
244,101,1.27545235034703,114.333628501041,29.3465657556038,114.322054983451,29.3534917520459,138.221540960804,136.946088610457,2019.2601715736,2020.53562392395,SC1_OK017801.1
275,134,1.61959367378327,102.203821190897,18.6828627593454,101.909188000954,18.5247746625162,138.237934403427,136.618340729644,2018.93242369279,2020.55201736657,SC1_MZ937002.1
275,135,1.62779039509465,102.203821190897,18.6828627593454,102.206942909209,18.6708267699381,138.246131124739,136.618340729644,2018.93242369279,2020.56021408788,SC1_MZ937004.1
267,268,0.455485554464084,123.809476691917,41.8314733786999,123.88210497411,41.8591963902995,138.316642844975,137.861157290511,2020.17524025365,2020.63072580812,NA
147,12,27.8280232437376,102.871692445589,24.8130379708098,99.8942725166002,24.9613562396567,138.390939867908,110.562916624171,1992.87699958731,2020.70502283105,SC1_OK017793.1
269,121,3.30910755537121,122.81135013598,41.1781992015657,122.819016218448,41.0647807317347,138.390939867908,135.081832312537,2017.39591527568,2020.70502283105,SC1_OK017799.1
270,123,1.34791995885147,123.141266692253,41.6082627200846,123.181537285772,41.4563782044633,138.390939867908,137.043019909057,2019.3571028722,2020.70502283105,SC1_OK017794.1
270,122,1.34791995885147,123.141266692253,41.6082627200846,123.176476359004,41.593523076456,138.390939867908,137.043019909057,2019.3571028722,2020.70502283105,SC1_OK017797.1
266,126,0.581459583768309,123.798610358749,41.8493727116728,123.476069080921,42.1255545806191,138.390939867908,137.80948028414,2020.12356324728,2020.70502283105,SC1_OK017798.1
267,125,0.529782577396981,123.809476691917,41.8314733786999,123.844793728985,41.8589839315675,138.390939867908,137.861157290511,2020.17524025365,2020.70502283105,SC1_OK017796.1
268,124,0.0742970229328973,123.88210497411,41.8591963902995,123.832965539303,41.7462223388018,138.390939867908,138.316642844975,2020.63072580812,2020.70502283105,SC1_OK017800.1
268,127,0.0742970229328973,123.88210497411,41.8591963902995,124.459052556194,42.1540912292865,138.390939867908,138.316642844975,2020.63072580812,2020.70502283105,SC1_OK017795.1
213,214,9.57079479168242,105.49132568122,25.0611381573758,105.867066080046,25.5176416005527,138.399211092307,128.828416300624,2011.14249926377,2020.71329405545,NA
251,252,5.27010419682842,115.030975517353,25.9640367844195,115.223727387199,26.0361695898571,138.42312723131,133.153023034482,2015.46710599762,2020.73721019445,NA
207,208,10.538886152471,112.506312782767,29.2965525186088,112.585349919678,29.3737337131141,138.640341220746,128.101455068275,2010.41553803142,2020.95442418389,NA
258,114,8.59699336323635,112.420429424827,28.9628752249699,112.219554566031,28.3993912133122,138.809204708091,130.212211344854,2012.526294308,2021.12328767123,SC1_OK017833.1
258,115,8.59699336323635,112.420429424827,28.9628752249699,111.644552566929,28.9288417653737,138.809204708091,130.212211344854,2012.526294308,2021.12328767123,SC1_OK017832.1
208,3,0.168863487344435,112.585349919678,29.3737337131141,112.683937884124,29.4053611233755,138.809204708091,138.640341220746,2020.95442418389,2021.12328767123,SC1_OK017803.1
208,4,0.168863487344435,112.585349919678,29.3737337131141,112.59086160309,29.2834874252249,138.809204708091,138.640341220746,2020.95442418389,2021.12328767123,SC1_OK017804.1
249,250,9.33260079880368,118.038110976891,27.5295661831636,117.935483743313,27.4956084833201,138.84292317622,129.510322377416,2011.82440534056,2021.15700613936,NA
207,2,10.7844619685826,112.506312782767,29.2965525186088,112.111750670092,29.4215144088855,138.885917036858,128.101455068275,2010.41553803142,2021.2,SC1_OK017805.1
213,11,10.0575007362334,105.49132568122,25.0611381573758,105.690505699307,25.1909171815037,138.885917036858,128.828416300624,2011.14249926377,2021.2,SC1_OK017830.1
226,80,3.44610452316001,110.188275425911,29.2240027852238,110.095395564478,29.1253135170831,138.885917036858,135.439812513698,2017.75389547684,2021.2,SC1_OK017834.1
226,81,3.44610452316001,110.188275425911,29.2240027852238,110.190757219021,29.1113167929004,138.885917036858,135.439812513698,2017.75389547684,2021.2,SC1_OK017835.1
214,9,0.486705944550991,105.867066080046,25.5176416005527,106.397778578858,25.7191728458285,138.885917036858,138.399211092307,2020.71329405545,2021.2,SC1_OK017829.1
214,10,0.486705944550991,105.867066080046,25.5176416005527,105.686891399463,25.5533181275612,138.885917036858,138.399211092307,2020.71329405545,2021.2,SC1_OK017831.1
217,74,11.9539155372888,103.13279845411,25.7985881095777,103.167379475703,25.7530484894462,139.010848543707,127.056933006418,2009.37101596956,2021.32493150685,SC1_OK017806.1
247,110,11.2801108268847,118.267978144593,27.9068829276988,117.971948406438,27.669664194511,139.053040324529,127.772929497644,2010.08701246079,2021.36712328767,SC1_OK017809.1
249,106,9.54271794711328,118.038110976891,27.5295661831636,118.061017965696,27.4960838987749,139.053040324529,129.510322377416,2011.82440534056,2021.36712328767,SC1_OK017808.1
250,104,0.210117148309602,117.935483743313,27.4956084833201,117.929622796481,27.4861876086207,139.053040324529,138.84292317622,2021.15700613936,2021.36712328767,SC1_OK017811.1
250,105,0.210117148309602,117.935483743313,27.4956084833201,117.922128350929,27.4885212380929,139.053040324529,138.84292317622,2021.15700613936,2021.36712328767,SC1_OK017810.1
222,85,24.2407286238044,111.330163965307,30.6596495630107,115.15255076718,26.9403248155635,139.2201636122,114.979434988396,1997.29351795154,2021.53424657534,SC1_OK017860.1
153,64,16.1388988812849,112.955577721875,24.7393500639289,114.334208910377,26.428927574544,139.2201636122,123.081264730916,2005.39534769406,2021.53424657534,SC1_OK017839.1
253,108,11.3594034478197,118.946995493016,28.3185835803781,117.849242157375,28.0290540105741,139.2201636122,127.860760164381,2010.17484312752,2021.53424657534,SC1_OK017840.1
248,107,10.3954831479394,117.95562391723,27.5508844130309,118.333954719044,29.6643389472302,139.2201636122,128.824680464261,2011.1387634274,2021.53424657534,SC1_OK017807.1
251,113,6.06714057771886,115.030975517353,25.9640367844195,114.824378875745,25.9603005747568,139.2201636122,133.153023034482,2015.46710599762,2021.53424657534,SC1_OK017838.1
242,103,5.9350041555238,114.117979266417,29.2606408434116,114.501588846324,28.7996847552853,139.2201636122,133.285159456677,2015.59924241982,2021.53424657534,SC1_OK017837.1
168,50,3.6201514740045,115.116897905938,25.0421690671126,115.394243409691,25.3388973690192,139.2201636122,135.600012138196,2017.91409510134,2021.53424657534,SC1_OK017841.1
244,102,2.27407500174312,114.333628501041,29.3465657556038,114.253004633609,29.1252663618038,139.2201636122,136.946088610457,2019.2601715736,2021.53424657534,SC1_OK017836.1
169,51,1.11183336033282,115.387708866601,25.5882256720799,115.407431884934,25.6193052050567,139.2201636122,138.108330251868,2020.42241321501,2021.53424657534,SC1_OK017843.1
169,52,1.11183336033282,115.387708866601,25.5882256720799,115.563451903198,25.8533780283747,139.2201636122,138.108330251868,2020.42241321501,2021.53424657534,SC1_OK017842.1
252,111,0.797036380890442,115.223727387199,26.0361695898571,115.05484337081,25.9986726948747,139.2201636122,138.42312723131,2020.73721019445,2021.53424657534,SC1_OK017845.1
252,112,0.797036380890442,115.223727387199,26.0361695898571,115.243866912829,26.0258991539032,139.2201636122,138.42312723131,2020.73721019445,2021.53424657534,SC1_OK017844.1
