node1,node2,length,startLon,startLat,endLon,endLat,endNodeL,startNodeL,startYear,endYear,tipLabel,startClade,endClade
141,142,171.40078735247,103.045682174316,25.0238358371689,103.122638294066,24.9987615553674,171.40078735247,0,1528.0393325415,1699.44011989397,NA,main,main
142,166,48.144426860145,103.122638294066,24.9987615553674,102.053112007117,22.5787416475002,219.545214212615,171.40078735247,1699.44011989397,1747.58454675412,NA,main,main
141,171,321.013809195662,103.045682174316,25.0238358371689,102.853512154245,24.9069636053627,321.013809195662,0,1528.0393325415,1849.05314173716,NA,main,main
171,183,9.72700995344417,102.853512154245,24.9069636053627,102.61569054408,25.1295858166202,330.740819149107,321.013809195662,1849.05314173716,1858.78015169061,NA,main,main
183,199,5.42023581062406,102.61569054408,25.1295858166202,102.628578393387,24.9601541935472,336.161054959731,330.740819149107,1858.78015169061,1864.20038750123,NA,main,main
171,172,31.5351345908164,102.853512154245,24.9069636053627,102.228433110138,21.974818207012,352.548943786479,321.013809195662,1849.05314173716,1880.58827632798,NA,main,main
199,200,24.7349123911249,102.628578393387,24.9601541935472,102.90265901065,24.802453662066,360.895967350856,336.161054959731,1864.20038750123,1888.93529989236,NA,main,main
199,206,49.959146445828,102.628578393387,24.9601541935472,102.785925279128,25.2030031016898,386.120201405559,336.161054959731,1864.20038750123,1914.15953394706,NA,main,main
206,207,10.0971170296164,102.785925279128,25.2030031016898,102.811952023752,25.2199065552385,396.217318435175,386.120201405559,1914.15953394706,1924.25665097668,NA,main,main
206,266,12.2983062447151,102.785925279128,25.2030031016898,102.724598744729,25.3510409127448,398.418507650274,386.120201405559,1914.15953394706,1926.45784019177,NA,main,main
207,208,3.93709398722919,102.811952023752,25.2199065552385,102.641833689676,24.9969820788534,400.154412422404,396.217318435175,1924.25665097668,1928.1937449639,NA,main,main
208,209,6.62445971041282,102.641833689676,24.9969820788534,115.681828582962,24.7194744850601,406.778872132817,400.154412422404,1928.1937449639,1934.81820467432,NA,main,main
266,267,8.48825277799374,102.724598744729,25.3510409127448,103.068695187192,25.9340673433175,406.906760428267,398.418507650274,1926.45784019177,1934.94609296977,NA,main,main
266,274,18.9526864588242,102.724598744729,25.3510409127448,108.687887205509,27.7957021761062,417.371194109098,398.418507650274,1926.45784019177,1945.4105266506,NA,main,main
207,258,22.0150950832674,102.811952023752,25.2199065552385,102.38742685186,25.3062548912233,418.232413518442,396.217318435175,1924.25665097668,1946.27174605994,NA,main,main
258,261,2.17454387016633,102.38742685186,25.3062548912233,102.365379431359,25.7049567462442,420.406957388609,418.232413518442,1946.27174605994,1948.44628993011,NA,main,main
142,143,249.566125186703,103.122638294066,24.9987615553674,102.789446972878,24.7101674450108,420.966912539172,171.40078735247,1699.44011989397,1949.00624508067,NA,main,main
261,264,3.56294393778127,102.365379431359,25.7049567462442,101.793203767311,27.2441633121183,423.96990132639,420.406957388609,1948.44628993011,1952.00923386789,NA,main,main
261,262,8.52052587006216,102.365379431359,25.7049567462442,102.173879790657,25.4079673694824,428.927483258671,420.406957388609,1948.44628993011,1956.96681580017,NA,main,main
209,221,23.4287710460683,115.681828582962,24.7194744850601,116.209633620778,24.5579943222267,430.207643178885,406.778872132817,1934.81820467432,1958.24697572039,NA,main,main
274,275,13.263178335857,108.687887205509,27.7957021761062,109.438195043617,28.123217295633,430.634372444955,417.371194109098,1945.4105266506,1958.67370498646,NA,main,main
209,210,24.9123489803655,115.681828582962,24.7194744850601,115.676048046469,24.6127879166027,431.691221113183,406.778872132817,1934.81820467432,1959.73055365468,NA,main,main
143,144,16.7275891686572,102.789446972878,24.7101674450108,102.510603467827,24.7295149167008,437.69450170783,420.966912539172,1949.00624508067,1965.73383424933,NA,main,main
264,265,15.6905030570684,101.793203767311,27.2441633121183,110.004353219082,29.4090989354635,439.660404383458,423.96990132639,1952.00923386789,1967.69973692496,NA,main,main
183,184,109.128875667362,102.61569054408,25.1295858166202,102.022876078527,25.1874784268729,439.869694816468,330.740819149107,1858.78015169061,1967.90902735797,NA,main,main
275,276,10.2115578215829,109.438195043617,28.123217295633,111.253627142214,30.0777541462583,440.845930266538,430.634372444955,1958.67370498646,1968.88526280804,NA,main,main
258,259,30.2627144114611,102.38742685186,25.3062548912233,101.937484780532,25.1429306174987,448.495127929904,418.232413518442,1946.27174605994,1976.5344604714,NA,main,main
144,145,12.6573268107754,102.510603467827,24.7295149167008,102.491836958561,24.6577290319605,450.351828518605,437.69450170783,1965.73383424933,1978.39116106011,NA,main,main
200,203,90.8802116872685,102.90265901065,24.802453662066,102.639395175395,24.6613449378879,451.776179038124,360.895967350856,1888.93529989236,1979.81551157962,NA,main,main
267,268,45.8924111920966,103.068695187192,25.9340673433175,102.842886802693,24.900331993898,452.799171620364,406.906760428267,1934.94609296977,1980.83850416186,NA,main,main
221,222,25.2511498369669,116.209633620778,24.5579943222267,114.830133982745,24.1118435929358,455.458793015852,430.207643178885,1958.24697572039,1983.49812555735,NA,main,main
276,277,15.4881833410251,111.253627142214,30.0777541462583,111.414733299342,30.58921671733,456.334113607563,440.845930266538,1968.88526280804,1984.37344614906,NA,main,main
222,223,2.43834227547487,114.830133982745,24.1118435929358,116.395914199409,24.917643107336,457.897135291327,455.458793015852,1983.49812555735,1985.93646783283,NA,main,main
223,225,0.438435963864158,116.395914199409,24.917643107336,115.913068065586,24.7030054747152,458.335571255191,457.897135291327,1985.93646783283,1986.37490379669,NA,main,main
184,185,21.4545132477499,102.022876078527,25.1874784268729,111.656013524444,31.1547674595713,461.324208064218,439.869694816468,1967.90902735797,1989.36354060572,NA,main,main
222,230,5.86803715863974,114.830133982745,24.1118435929358,114.733314890679,24.1925704773136,461.326830174492,455.458793015852,1983.49812555735,1989.36616271599,NA,main,main
145,146,10.9909463183817,102.491836958561,24.6577290319605,102.606589447882,24.7179455481433,461.342774836987,450.351828518605,1978.39116106011,1989.38210737849,NA,main,main
172,173,109.61144209218,102.228433110138,21.974818207012,101.667335786362,21.8765326695376,462.160385878659,352.548943786479,1880.58827632798,1990.19971842016,NA,main,main
221,254,32.1031324555563,116.209633620778,24.5579943222267,116.252895503361,24.5028173122806,462.310775634442,430.207643178885,1958.24697572039,1990.35010817594,NA,main,main
223,224,5.35185830364847,116.395914199409,24.917643107336,116.514534265241,24.2293875013534,463.248993594976,457.897135291327,1985.93646783283,1991.28832613648,NA,main,main
268,270,11.57099029363,102.842886802693,24.900331993898,102.821501500602,24.980473434073,464.370161913994,452.799171620364,1980.83850416186,1992.40949445549,NA,main,main
173,174,2.63204030242541,101.667335786362,21.8765326695376,101.519110931876,21.8786177380032,464.792426181084,462.160385878659,1990.19971842016,1992.83175872258,NA,main,main
225,228,6.6986928722737,115.913068065586,24.7030054747152,116.233437726991,24.0060413366481,465.034264127465,458.335571255191,1986.37490379669,1993.07359666897,NA,main,main
230,231,5.52939611398262,114.733314890679,24.1925704773136,114.374274302124,22.4774616106738,466.856226288475,461.326830174492,1989.36616271599,1994.89555882997,NA,main,main
174,175,4.22787394494867,101.519110931876,21.8786177380032,121.97461398493,29.7070654981752,469.020300126033,464.792426181084,1992.83175872258,1997.05963266753,NA,main,main
231,233,2.38887592830722,114.374274302124,22.4774616106738,114.443020128599,22.3934410035695,469.245102216782,466.856226288475,1994.89555882997,1997.28443475828,NA,main,main
174,179,7.19051622331538,101.519110931876,21.8786177380032,101.680143248426,21.8729099391972,471.9829424044,464.792426181084,1992.83175872258,2000.0222749459,NA,main,main
143,157,52.7667656990754,102.789446972878,24.7101674450108,102.83816363238,24.6524412744444,473.733678238248,420.966912539172,1949.00624508067,2001.77301077975,NA,main,main
233,234,4.63223630094975,114.443020128599,22.3934410035695,114.10597960746,22.9484321172151,473.877338517732,469.245102216782,1997.28443475828,2001.91667105923,NA,main,main
277,279,18.7030253055199,111.414733299342,30.58921671733,111.471516652741,30.5283133624943,475.037138913083,456.334113607563,1984.37344614906,2003.07647145458,NA,main,main
270,271,10.7981561952082,102.821501500602,24.980473434073,102.588182996769,24.8311532411161,475.168318109202,464.370161913994,1992.40949445549,2003.2076506507,NA,main,main
279,103,0.961884709800259,111.471516652741,30.5283133624943,112.383892699164,30.75142818872,475.999023622883,475.037138913083,2003.07647145458,2004.03835616438,SC1_DQ648857.1,main,main
228,229,10.9843870598623,116.233437726991,24.0060413366481,118.363938563951,28.0092722067228,476.018651187327,465.034264127465,1993.07359666897,2004.05798372883,NA,main,main
185,186,14.7003201733314,111.656013524444,31.1547674595713,111.805437068819,30.9470824913775,476.02452823755,461.324208064218,1989.36354060572,2004.06386077905,NA,main,main
234,236,2.18987164788251,114.10597960746,22.9484321172151,114.203666000816,22.1866864294168,476.067210165614,473.877338517732,2001.91667105923,2004.10654270711,NA,main,main
271,272,1.13927674193412,102.588182996769,24.8311532411161,102.607348028032,24.8297450911407,476.307594851136,475.168318109202,2003.2076506507,2004.34692739264,NA,main,main
236,238,0.281055417367199,114.203666000816,22.1866864294168,114.189613412674,22.2534238317707,476.348265582981,476.067210165614,2004.10654270711,2004.38759812448,NA,main,main
210,211,44.7709824004055,115.676048046469,24.6127879166027,116.071242535309,25.1231210725087,476.462203513588,431.691221113183,1959.73055365468,2004.50153605509,NA,main,main
279,104,1.79521804313352,111.471516652741,30.5283133624943,111.444590061981,30.4685353547616,476.832356956216,475.037138913083,2003.07647145458,2004.87168949772,SC1_DQ412043.1,main,main
186,109,0.807828718666745,111.805437068819,30.9470824913775,111.351173436051,30.6292580528332,476.832356956216,476.02452823755,2004.06386077905,2004.87168949772,SC1_DQ412042.1,main,main
259,260,28.3923099032805,101.937484780532,25.1429306174987,101.860991764794,25.2365981746394,476.887437833184,448.495127929904,1976.5344604714,2004.92677037468,NA,main,main
236,237,0.824777313141116,114.203666000816,22.1866864294168,114.134350442803,22.1707130453664,476.891987478755,476.067210165614,2004.10654270711,2004.93132002026,NA,main,main
208,81,76.7599117469271,102.641833689676,24.9969820788534,108.314554398527,22.8878661795061,476.914324169331,400.154412422404,1928.1937449639,2004.95365671083,SC1_DQ071615.1,main,main
238,239,0.768146356083246,114.189613412674,22.2534238317707,114.182762598497,22.2585862388419,477.116411939064,476.348265582981,2004.38759812448,2005.15574448056,NA,main,main
237,41,0.235803267415605,114.134350442803,22.1707130453664,114.09994649294,22.1599589932849,477.127790746171,476.891987478755,2004.93132002026,2005.16712328767,SC1_DQ022305.2,main,main
239,50,0.0305568892980048,114.182762598497,22.2585862388419,114.202075041164,22.2189593774767,477.146968828362,477.116411939064,2005.15574448056,2005.18630136986,SC1_DQ084199.1,main,main
237,51,0.312515596182749,114.134350442803,22.1707130453664,114.091401499177,22.1294857716111,477.204503074938,476.891987478755,2004.93132002026,2005.24383561644,SC1_DQ084200.1,main,main
239,240,0.379443406173872,114.182762598497,22.2585862388419,114.288427488828,22.3357736057021,477.495855345238,477.116411939064,2005.15574448056,2005.53518788674,NA,main,main
240,241,0.0528323751885011,114.288427488828,22.3357736057021,114.36495837544,22.0675261642962,477.548687720427,477.495855345238,2005.53518788674,2005.58802026193,NA,main,main
241,242,0.0956342489038047,114.36495837544,22.0675261642962,114.182145565956,22.3869149003345,477.644321969331,477.548687720427,2005.58802026193,2005.68365451083,NA,main,main
242,243,0.00545758249149131,114.182145565956,22.3869149003345,114.17803128322,22.3785811700221,477.649779551822,477.644321969331,2005.68365451083,2005.68911209332,NA,main,main
233,246,8.46232695187495,114.443020128599,22.3934410035695,114.425812330048,22.3686408509601,477.707429168657,469.245102216782,1997.28443475828,2005.74676171016,NA,main,main
238,44,1.36856625908,114.189613412674,22.2534238317707,114.247259261847,22.305574620327,477.716831842061,476.348265582981,2004.38759812448,2005.75616438356,SC1_GQ153539.1,main,main
242,42,0.0725098727305777,114.182145565956,22.3869149003345,114.150854170535,22.4244026771772,477.716831842061,477.644321969331,2005.68365451083,2005.75616438356,SC1_GQ153540.1,main,main
172,180,125.245787063843,102.228433110138,21.974818207012,101.822463934607,18.6006753924514,477.794730850322,352.548943786479,1880.58827632798,2005.83406339182,NA,main,main
243,244,0.296616023040182,114.17803128322,22.3785811700221,114.179827523086,22.3979885219213,477.946395574862,477.649779551822,2005.68911209332,2005.98572811636,NA,main,main
241,43,0.406500286017886,114.36495837544,22.0675261642962,114.382049758424,22.0854196533844,477.955188006445,477.548687720427,2005.58802026193,2005.99452054795,SC1_GQ153541.1,main,main
272,97,1.69142877174681,102.607348028032,24.8297450911407,104.572246494597,25.4343495891518,477.999023622883,476.307594851136,2004.34692739264,2006.03835616438,SC1_FJ588686.1,main,main
200,201,117.21334308317,102.90265901065,24.802453662066,102.806714722779,24.8349208374164,478.109310434026,360.895967350856,1888.93529989236,2006.14864297553,NA,main,main
246,37,0.414882125459314,114.425812330048,22.3686408509601,114.158996374426,22.5225688917077,478.122311294116,477.707429168657,2005.74676171016,2006.16164383562,SC1_GQ153542.1,main,main
246,38,0.414882125459314,114.425812330048,22.3686408509601,114.42065615793,22.3938278018189,478.122311294116,477.707429168657,2005.74676171016,2006.16164383562,SC1_GQ153543.1,main,main
244,245,0.292346523345929,114.179827523086,22.3979885219213,114.163340618944,22.4298379381972,478.238742098208,477.946395574862,2005.98572811636,2006.27807463971,NA,main,main
225,226,20.096790087641,115.913068065586,24.7030054747152,115.614587507668,24.264180805713,478.432361342832,458.335571255191,1986.37490379669,2006.47169388433,NA,main,main
244,47,0.707422568568775,114.179827523086,22.3979885219213,114.146034181522,22.3905249564603,478.653818143431,477.946395574862,2005.98572811636,2006.69315068493,SC1_GQ153545.1,main,main
245,45,0.415076045222847,114.163340618944,22.4298379381972,114.071567196703,22.4449272912679,478.653818143431,478.238742098208,2006.27807463971,2006.69315068493,SC1_GQ153544.1,main,main
240,46,1.68125046942552,114.288427488828,22.3357736057021,114.376640206758,22.3961642375834,479.177105814664,477.495855345238,2005.53518788674,2007.21643835616,SC1_GQ153546.1,main,main
245,49,1.127404812346,114.163340618944,22.4298379381972,114.00014238899,22.4789362662907,479.366146910554,478.238742098208,2006.27807463971,2007.40547945205,SC1_GQ153547.1,main,main
272,273,3.15601090211963,102.607348028032,24.8297450911407,102.550903351878,24.7518399203781,479.463605753256,476.307594851136,2004.34692739264,2007.50293829476,NA,main,main
203,205,27.9464511426105,102.639395175395,24.6613449378879,102.844051568177,24.9875843839583,479.722630180735,451.776179038124,1979.81551157962,2007.76196272223,NA,main,main
243,48,2.22047694777337,114.17803128322,22.3785811700221,114.123415509332,22.3375464457988,479.870256499595,477.649779551822,2005.68911209332,2007.9095890411,SC1_GQ153548.1,main,main
211,212,3.93355549864821,116.071242535309,25.1231210725087,115.904197639309,24.7519114374981,480.395759012236,476.462203513588,2004.50153605509,2008.43509155374,NA,main,main
175,176,11.4501125871437,121.97461398493,29.7070654981752,121.904875576448,29.8925110379033,480.470412713177,469.020300126033,1997.05963266753,2008.50974525468,NA,main,main
226,227,3.03759257095537,115.614587507668,24.264180805713,113.814361106816,24.7131226289348,481.469953913788,478.432361342832,2006.47169388433,2009.50928645529,NA,main,main
146,154,20.1922909761531,102.606589447882,24.7179455481433,102.61678151065,24.6548422781881,481.53506581314,461.342774836987,1989.38210737849,2009.57439835464,NA,main,main
210,218,49.9591310821184,115.676048046469,24.6127879166027,116.328910234427,25.2803483052071,481.650352195301,431.691221113183,1959.73055365468,2009.6896847368,NA,main,main
185,189,20.3616931793218,111.656013524444,31.1547674595713,125.690100151419,41.2217995419942,481.68590124354,461.324208064218,1989.36354060572,2009.72523378504,NA,main,main
157,164,8.18287427251197,102.83816363238,24.6524412744444,102.794921474802,24.730091915462,481.91655251076,473.733678238248,2001.77301077975,2009.95588505226,NA,main,main
211,214,5.7363990288717,116.071242535309,25.1231210725087,116.115752441764,25.1427408027585,482.19860254246,476.462203513588,2004.50153605509,2010.23793508396,NA,main,main
254,255,20.1354002759517,116.252895503361,24.5028173122806,115.803743935213,24.8460096352696,482.446175910393,462.310775634442,1990.35010817594,2010.48550845189,NA,main,main
154,156,1.40623356949412,102.61678151065,24.6548422781881,102.693198712287,24.6926815120414,482.941299382634,481.53506581314,2009.57439835464,2010.98063192413,NA,main,main
267,98,76.0922631946156,103.068695187192,25.9340673433175,103.524577387334,23.5913155492957,482.999023622883,406.906760428267,1934.94609296977,2011.03835616438,SC1_JX993988.1,main,main
144,19,45.3045219150535,102.510603467827,24.7295149167008,98.870543974846,25.2809654416379,482.999023622883,437.69450170783,1965.73383424933,2011.03835616438,SC1_KF569996.1,main,main
176,177,2.64312851951285,121.904875576448,29.8925110379033,113.372652295134,27.6968556671886,483.11354123269,480.470412713177,2008.50974525468,2011.15287377419,NA,main,main
164,165,1.27214933085229,102.794921474802,24.730091915462,103.003404665077,24.7033679222232,483.188701841612,481.91655251076,2009.95588505226,2011.22803438311,NA,main,main
165,21,0.100732740175307,103.003404665077,24.7033679222232,103.015719954408,24.7164919637239,483.289434581787,483.188701841612,2011.22803438311,2011.32876712329,SC1_KC881005.1,main,main
189,190,1.94441627268568,125.690100151419,41.2217995419942,125.918290929531,41.3066204363279,483.630317516226,481.68590124354,2009.72523378504,2011.66965005773,NA,main,main
274,99,66.2935829384428,108.687887205509,27.7957021761062,107.167255281284,34.2898862347136,483.664777047541,417.371194109098,1945.4105266506,2011.70410958904,SC1_JX993987.1,main,main
186,187,7.80035127146243,111.805437068819,30.9470824913775,112.668012341255,35.0449556571677,483.824879509012,476.02452823755,2004.06386077905,2011.86421205051,NA,main,main
229,33,7.98037243555594,118.363938563951,28.0092722067228,118.980848895672,28.1326830121663,483.999023622883,476.018651187327,2004.05798372883,2012.03835616438,SC1_KF294457.1,main,main
205,125,4.27639344214858,102.844051568177,24.9875843839583,98.5923544718443,24.584899724273,483.999023622883,479.722630180735,2007.76196272223,2012.03835616438,SC1_KU973692.1,main,main
190,110,0.368706106657479,125.918290929531,41.3066204363279,125.907042211155,41.0622985388779,483.999023622883,483.630317516226,2011.66965005773,2012.03835616438,SC1_KJ473811.1,main,main
187,107,0.174144113871058,112.668012341255,35.0449556571677,112.472232327001,34.9754345093862,483.999023622883,483.824879509012,2011.86421205051,2012.03835616438,SC1_KY770860.1,main,main
187,188,0.178165928070172,112.668012341255,35.0449556571677,112.743144201937,35.0107964009956,484.003045437082,483.824879509012,2011.86421205051,2012.04237797858,NA,main,main
156,16,1.27083899434754,102.693198712287,24.6926815120414,102.936291898477,24.6357798728572,484.212138376981,482.941299382634,2010.98063192413,2012.25147091848,SC1_KC881006.1,main,main
190,191,0.965844081644331,125.918290929531,41.3066204363279,125.480048217882,41.5698347986121,484.59616159787,483.630317516226,2011.66965005773,2012.63549413937,NA,main,main
156,15,1.72439090691594,102.693198712287,24.6926815120414,102.631518094234,24.9113291042279,484.66569028955,482.941299382634,2010.98063192413,2012.70502283105,SC1_KF367457.1,main,main
271,96,9.54382026777927,102.588182996769,24.8311532411161,102.978991709899,24.855250925687,484.712138376981,475.168318109202,2003.2076506507,2012.75147091848,SC1_KY417143.1,main,main
205,124,4.98950819624692,102.844051568177,24.9875843839583,102.842312309072,24.9954833927062,484.712138376981,479.722630180735,2007.76196272223,2012.75147091848,SC1_KY417145.1,main,main
165,22,1.52343653536945,103.003404665077,24.7033679222232,103.006217975827,24.7262544493894,484.712138376981,483.188701841612,2011.22803438311,2012.75147091848,SC1_KY417144.1,main,main
201,202,6.77770372058141,102.806714722779,24.8349208374164,105.5900312984,25.0343053360029,484.887014154607,478.109310434026,2006.14864297553,2012.92634669611,NA,main,main
146,147,23.6443625283509,102.606589447882,24.7179455481433,102.556382485849,24.7279644166771,484.987137365338,461.342774836987,1989.38210737849,2013.02646990684,NA,main,main
166,1,265.453809410268,102.053112007117,22.5787416475002,141.182238646002,39.2517129810941,484.999023622883,219.545214212615,1747.58454675412,2013.03835616438,SC1_LC556375.1,main,main
265,87,45.3386192394247,110.004353219082,29.4090989354635,111.834741429487,30.8267483315048,484.999023622883,439.660404383458,1967.69973692496,2013.03835616438,SC1_KJ473814.1,main,main
201,126,6.88971318885729,102.806714722779,24.8349208374164,102.615639265256,24.6564861483072,484.999023622883,478.109310434026,2006.14864297553,2013.03835616438,SC1_KJ473816.1,main,main
227,36,3.52906970909556,113.814361106816,24.7131226289348,111.453870802255,24.6179952820872,484.999023622883,481.469953913788,2009.50928645529,2013.03835616438,SC1_KJ473815.1,main,main
188,106,0.995978185800887,112.743144201937,35.0107964009956,114.809386774997,36.3167926993999,484.999023622883,484.003045437082,2012.04237797858,2013.03835616438,SC1_KJ473812.1,main,main
188,108,0.995978185800887,112.743144201937,35.0107964009956,112.830069671012,35.3182721016489,484.999023622883,484.003045437082,2012.04237797858,2013.03835616438,SC1_KJ473813.1,main,main
202,127,0.112009468275884,105.5900312984,25.0343053360029,105.533800167551,24.9128975120423,484.999023622883,484.887014154607,2012.92634669611,2013.03835616438,SC1_KY770859.1,main,main
202,128,0.112009468275884,105.5900312984,25.0343053360029,105.604679337046,25.0186040342738,484.999023622883,484.887014154607,2012.92634669611,2013.03835616438,SC1_KY770858.1,main,main
268,269,32.250583156653,102.842886802693,24.900331993898,102.94933898408,24.8337086920253,485.049754777017,452.799171620364,1980.83850416186,2013.08908731852,NA,main,main
260,83,8.40199674860335,101.860991764794,25.2365981746394,102.622362495937,24.7843954079724,485.289434581787,476.887437833184,2004.92677037468,2013.32876712329,SC1_KY417148.1,main,main
273,95,5.82582882853138,102.550903351878,24.7518399203781,102.717316733851,24.7202404849254,485.289434581787,479.463605753256,2007.50293829476,2013.32876712329,SC1_KY417147.1,main,main
273,94,5.82582882853138,102.550903351878,24.7518399203781,102.67583076973,25.1235858676993,485.289434581787,479.463605753256,2007.50293829476,2013.32876712329,SC1_KY417149.1,main,main
164,23,3.3728820710276,102.794921474802,24.730091915462,102.873359514927,24.7744852396654,485.289434581787,481.91655251076,2009.95588505226,2013.32876712329,SC1_KY417146.1,main,main
184,198,45.5078160557852,102.022876078527,25.1874784268729,101.955424356734,25.2713255610224,485.377510872254,439.869694816468,1967.90902735797,2013.41684341375,NA,main,main
198,120,0.0105538465199793,101.955424356734,25.2713255610224,101.920192164806,25.2463854671286,485.388064718774,485.377510872254,2013.41684341375,2013.42739726027,SC1_KP886809.1,main,main
198,121,0.0105538465199793,101.955424356734,25.2713255610224,101.918965283429,24.9738814997664,485.388064718774,485.377510872254,2013.41684341375,2013.42739726027,SC1_KP886808.1,main,main
154,155,3.8816191738394,102.61678151065,24.6548422781881,102.968248588122,24.7782270749955,485.416684986979,481.53506581314,2009.57439835464,2013.45601752848,NA,main,main
155,17,0.133023567410705,102.968248588122,24.7782270749955,102.863240921073,24.6966973647999,485.54970855439,485.416684986979,2013.45601752848,2013.58904109589,SC1_KY417150.1,main,main
155,18,0.133023567410705,102.968248588122,24.7782270749955,102.970049156935,24.7832224677521,485.54970855439,485.416684986979,2013.45601752848,2013.58904109589,SC1_KT444582.1,main,main
191,118,0.983683942821328,125.480048217882,41.5698347986121,125.734585327843,41.4840483017313,485.579845540691,484.59616159787,2012.63549413937,2013.61917808219,SC1_KU182964.1,main,main
191,192,1.13144286988964,125.480048217882,41.5698347986121,125.342902043695,41.3168839086002,485.72760446776,484.59616159787,2012.63549413937,2013.76693700926,NA,main,main
218,219,4.46874233079509,116.328910234427,25.2803483052071,116.435136119465,25.2080610952327,486.119094526096,481.650352195301,2009.6896847368,2014.1584270676,NA,main,main
147,153,1.13569059152812,102.556382485849,24.7279644166771,102.849695671057,24.9170461201709,486.122827956866,484.987137365338,2013.02646990684,2014.16216049837,NA,main,main
269,91,1.30817295545514,102.94933898408,24.8337086920253,102.86061066254,24.9521227839425,486.357927732472,485.049754777017,2013.08908731852,2014.39726027397,SC1_KY417142.1,main,main
231,232,19.9331368192667,114.374274302124,22.4774616106738,113.449503825455,29.2092311076463,486.789363107741,466.856226288475,1994.89555882997,2014.82869564924,NA,main,main
153,13,0.687154570126964,102.849695671057,24.9170461201709,102.895206993804,25.0257095300517,486.809982526993,486.122827956866,2014.16216049837,2014.84931506849,SC1_KY417151.1,main,main
147,148,2.1509692164769,102.556382485849,24.7279644166771,102.4904333592,24.651045703924,487.138106581814,484.987137365338,2013.02646990684,2015.17743912331,NA,main,main
176,133,7.02450132066537,121.904875576448,29.8925110379033,121.944670631487,29.8852773742524,487.494914033842,480.470412713177,2008.50974525468,2015.53424657534,SC1_MG772934.1,main,main
214,216,5.31095914220723,116.115752441764,25.1427408027585,115.600419992986,26.2706766622509,487.509561684667,482.19860254246,2010.23793508396,2015.54889422617,NA,main,main
230,247,26.362611260799,114.733314890679,24.1925704773136,114.776673129652,24.2419224075976,487.689441435291,461.326830174492,1989.36616271599,2015.72877397679,NA,main,main
153,14,1.66523676190765,102.849695671057,24.9170461201709,102.952481641423,24.6344819565557,487.788064718773,486.122827956866,2014.16216049837,2015.82739726027,SC1_KY417152.1,main,main
148,149,0.871384118317703,102.4904333592,24.651045703924,102.609192355377,24.7728110384617,488.009490700132,487.138106581814,2015.17743912331,2016.04882324163,NA,main,main
180,181,10.3440752375474,101.822463934607,18.6006753924514,101.812004870605,18.6517375574755,488.138806087869,477.794730850322,2005.83406339182,2016.17813862937,NA,main,main
149,150,0.163697869250714,102.609192355377,24.7728110384617,102.637691615206,24.8132966361626,488.173188569383,488.009490700132,2016.04882324163,2016.21252111088,NA,main,main
189,119,6.60547210611907,125.690100151419,41.2217995419942,127.189101910294,35.3197365475716,488.291373349659,481.68590124354,2009.72523378504,2016.33070589116,SC1_KY938558.1,main,main
157,158,14.5665230587157,102.83816363238,24.6524412744444,102.846092772376,24.7091987928458,488.300201296963,473.733678238248,2001.77301077975,2016.33953383846,NA,main,main
150,151,0.247354388522185,102.637691615206,24.8132966361626,102.581307883032,24.8143829857634,488.420542957905,488.173188569383,2016.21252111088,2016.45987549941,NA,main,main
247,61,0.806849947155028,114.776673129652,24.2419224075976,114.63580605174,24.0216478489101,488.496291382446,487.689441435291,2015.72877397679,2016.53562392395,SC1_OK017812.1,main,main
149,152,0.497177337980315,102.609192355377,24.7728110384617,102.544361553106,24.7289217052,488.506668038113,488.009490700132,2016.04882324163,2016.54600057961,NA,main,main
264,88,64.6110895096078,101.793203767311,27.2441633121183,101.496300481015,27.0566562252822,488.580990835998,423.96990132639,1952.00923386789,2016.6203233775,SC1_MK211374.1,main,main
262,90,59.6535075773269,102.173879790657,25.4079673694824,104.87330894708,27.9581699747798,488.580990835998,428.927483258671,1956.96681580017,2016.6203233775,SC1_OK017846.1,main,main
148,7,1.44288425418328,102.4904333592,24.651045703924,102.255553942351,24.3624363258023,488.580990835998,487.138106581814,2015.17743912331,2016.6203233775,SC1_OK017849.1,main,main
151,10,0.160447878092674,102.581307883032,24.8143829857634,102.830302068229,24.9961908690958,488.580990835998,488.420542957905,2016.45987549941,2016.6203233775,SC1_OK017847.1,main,main
151,12,0.160447878092674,102.581307883032,24.8143829857634,102.613250595814,24.8329388109237,488.580990835998,488.420542957905,2016.45987549941,2016.6203233775,SC1_OK017850.1,main,main
152,9,0.0743227978852579,102.544361553106,24.7289217052,102.543078668602,24.7279495607991,488.580990835998,488.506668038113,2016.54600057961,2016.6203233775,SC1_OK017848.1,main,main
152,8,0.0743227978852579,102.544361553106,24.7289217052,102.546949948552,24.6476226849478,488.580990835998,488.506668038113,2016.54600057961,2016.6203233775,SC1_OK017851.1,main,main
270,93,24.2955283755558,102.821501500602,24.980473434073,104.530080709753,24.1815091231711,488.66569028955,464.370161913994,1992.40949445549,2016.70502283105,SC1_MK211378.1,main,main
260,84,11.7782524563659,101.860991764794,25.2365981746394,101.88608639477,25.2050628872734,488.66569028955,476.887437833184,2004.92677037468,2016.70502283105,SC1_MK211375.1,main,main
269,92,3.61593551253283,102.94933898408,24.8337086920253,102.945528120181,24.7157547169038,488.66569028955,485.049754777017,2013.08908731852,2016.70502283105,SC1_MK211377.1,main,main
150,11,0.492501720166906,102.637691615206,24.8132966361626,102.674044535139,24.7472814318484,488.66569028955,488.173188569383,2016.21252111088,2016.70502283105,SC1_MK211376.1,main,main
277,278,32.5456851787117,111.414733299342,30.58921671733,115.414988918967,25.3255046675177,488.879798786275,456.334113607563,1984.37344614906,2016.91913132777,NA,main,main
234,235,15.1388831848969,114.10597960746,22.9484321172151,113.687856588641,23.9172013446898,489.016221702628,473.877338517732,2001.91667105923,2017.05555424413,NA,main,main
175,129,20.0636550036994,121.97461398493,29.7070654981752,122.171881783206,29.9982701331685,489.083955129732,469.020300126033,1997.05963266753,2017.12328767123,SC1_MG772933.1,main,main
247,248,1.43086098789901,114.776673129652,24.2419224075976,114.959960367134,24.1550640309892,489.12030242319,487.689441435291,2015.72877397679,2017.15963496469,NA,main,main
248,252,0.0133602474876326,114.959960367134,24.1550640309892,114.945746614195,24.1567398466126,489.133662670678,489.12030242319,2017.15963496469,2017.17299521218,NA,main,main
252,253,0.016974631776205,114.945746614195,24.1567398466126,114.929651370409,24.1603757639461,489.150637302454,489.133662670678,2017.17299521218,2017.18996984395,NA,main,main
248,249,0.0438730246413446,114.959960367134,24.1550640309892,114.950417756815,24.150450443065,489.164175447831,489.12030242319,2017.15963496469,2017.20350798933,NA,main,main
249,250,0.0533884926574046,114.950417756815,24.150450443065,114.953503360539,24.1470016612744,489.217563940489,489.164175447831,2017.20350798933,2017.25689648199,NA,main,main
249,251,0.0998053290624297,114.950417756815,24.150450443065,115.174273933104,24.0177279321365,489.263980776894,489.164175447831,2017.20350798933,2017.30331331839,NA,main,main
214,215,7.24210135090173,116.115752441764,25.1427408027585,114.239580338633,27.93709185149,489.440703893362,482.19860254246,2010.23793508396,2017.48003643486,NA,main,main
255,257,7.00771343628076,115.803743935213,24.8460096352696,115.691886819299,24.4191303802027,489.453889346674,482.446175910393,2010.48550845189,2017.49322188817,NA,main,main
224,63,26.3308519457158,116.514534265241,24.2293875013534,114.950548362788,22.8714572201094,489.579845540691,463.248993594976,1991.28832613648,2017.61917808219,SC1_OK017792.1,main,main
212,213,9.20146667813004,115.904197639309,24.7519114374981,116.044725816188,24.7242359656169,489.597225690366,480.395759012236,2008.43509155374,2017.63655823187,NA,main,main
254,68,27.3540014130992,116.252895503361,24.5028173122806,116.385000796867,24.5442272610252,489.664777047541,462.310775634442,1990.35010817594,2017.70410958904,SC1_OK017823.1,main,main
252,55,0.531114376863137,114.945746614195,24.1567398466126,114.607625635571,23.8562450253323,489.664777047541,489.133662670678,2017.17299521218,2017.70410958904,SC1_OK017814.1,main,main
253,58,0.514139745086932,114.929651370409,24.1603757639461,115.222325766178,24.1706693985234,489.664777047541,489.150637302454,2017.18996984395,2017.70410958904,SC1_OK017818.1,main,main
253,56,0.514139745086932,114.929651370409,24.1603757639461,114.587645506977,24.1243277207489,489.664777047541,489.150637302454,2017.18996984395,2017.70410958904,SC1_OK017821.1,main,main
250,57,0.44721310705202,114.953503360539,24.1470016612744,115.009145928965,24.1604379881996,489.664777047541,489.217563940489,2017.25689648199,2017.70410958904,SC1_OK017816.1,main,main
250,59,0.44721310705202,114.953503360539,24.1470016612744,114.827882094217,24.1007530653057,489.664777047541,489.217563940489,2017.25689648199,2017.70410958904,SC1_OK017817.1,main,main
251,60,0.400796270646995,115.174273933104,24.0177279321365,115.184689787955,24.0851939224107,489.664777047541,489.263980776894,2017.30331331839,2017.70410958904,SC1_OK017820.1,main,main
251,54,0.400796270646995,115.174273933104,24.0177279321365,115.880634625272,23.1419088464373,489.664777047541,489.263980776894,2017.30331331839,2017.70410958904,SC1_OK017815.1,main,main
257,66,0.210887700866664,115.691886819299,24.4191303802027,115.697780799854,24.4186531227667,489.664777047541,489.453889346674,2017.49322188817,2017.70410958904,SC1_OK017822.1,main,main
257,67,0.210887700866664,115.691886819299,24.4191303802027,115.787490097306,24.4983536453579,489.664777047541,489.453889346674,2017.49322188817,2017.70410958904,SC1_OK017824.1,main,main
213,70,0.0675513571744117,116.044725816188,24.7242359656169,116.07076318679,24.7119598574376,489.664777047541,489.597225690366,2017.63655823187,2017.70410958904,SC1_OK017819.1,main,main
213,71,0.0675513571744117,116.044725816188,24.7242359656169,116.009996254737,24.7322546443268,489.664777047541,489.597225690366,2017.63655823187,2017.70410958904,SC1_OK017813.1,main,main
203,204,38.2606339419625,102.639395175395,24.6613449378879,110.704658502938,24.9555464044462,490.036812980087,451.776179038124,1979.81551157962,2018.07614552159,NA,main,main
192,193,4.6452136706485,125.342902043695,41.3168839086002,124.786008673589,40.9838267379684,490.372818138408,485.72760446776,2013.76693700926,2018.41215067991,NA,main,main
179,135,18.5969031362916,101.680143248426,21.8729099391972,102.028117314385,23.2215880598968,490.579845540691,471.9829424044,2000.0222749459,2018.61917808219,SC1_MW703458.1,main,main
158,159,2.5598873823756,102.846092772376,24.7091987928458,102.943267226169,24.7377230682299,490.860088679339,488.300201296963,2016.33953383846,2018.89942122084,NA,main,main
159,160,0.0939647585664636,102.943267226169,24.7377230682299,102.956208028688,24.7554164158743,490.954053437906,490.860088679339,2018.89942122084,2018.99338597941,NA,main,main
160,161,0.0438962955299984,102.956208028688,24.7554164158743,102.94804601104,24.7458517326645,490.997949733436,490.954053437906,2018.99338597941,2019.03728227494,NA,main,main
160,162,0.496104214123092,102.956208028688,24.7554164158743,102.742463208179,24.7848679786248,491.450157652029,490.954053437906,2018.99338597941,2019.48949019353,NA,main,main
181,140,3.33966958980876,101.812004870605,18.6517375574755,101.38631024239,21.4049804323697,491.478475677678,488.138806087869,2016.17813862937,2019.51780821918,SC1_EPI_ISL_412977,main,main
177,178,8.40738513528469,113.372652295134,27.6968556671886,113.76865370935,28.1306298345195,491.520926367974,483.11354123269,2011.15287377419,2019.56025890947,NA,main,main
235,39,2.56362383806291,113.687856588641,23.9172013446898,113.696320884652,24.0008615091663,491.579845540691,489.016221702628,2017.05555424413,2019.61917808219,SC1_OK017825.1,main,main
235,40,2.56362383806291,113.687856588641,23.9172013446898,112.680220101409,23.4731821718137,491.579845540691,489.016221702628,2017.05555424413,2019.61917808219,SC1_OK017826.1,main,main
181,182,3.48277125123051,101.812004870605,18.6517375574755,102.159799489103,18.8271755638613,491.621577339099,488.138806087869,2016.17813862937,2019.6609098806,NA,main,main
226,34,13.2324157047086,115.614587507668,24.264180805713,115.438890465875,24.5160633599693,491.664777047541,478.432361342832,2006.47169388433,2019.70410958904,SC1_OK017828.1,main,main
227,35,10.1948231337532,113.814361106816,24.7131226289348,113.294174519866,24.8808539228322,491.664777047541,481.469953913788,2009.50928645529,2019.70410958904,SC1_OK017827.1,main,main
204,123,1.62796406745418,110.704658502938,24.9555464044462,110.75095905242,24.8621825930614,491.664777047541,490.036812980087,2018.07614552159,2019.70410958904,SC1_OK017859.1,main,main
193,195,1.31994233210644,124.786008673589,40.9838267379684,124.124225927183,41.2465508902248,491.692760470515,490.372818138408,2018.41215067991,2019.73209301201,NA,main,main
262,263,63.256500164764,102.173879790657,25.4079673694824,106.230240151761,26.3382912473454,492.183983423435,428.927483258671,1956.96681580017,2020.22331596494,NA,main,main
159,163,1.435229345983,102.943267226169,24.7377230682299,102.420455554469,24.3745256753447,492.295318025322,490.860088679339,2018.89942122084,2020.33465056682,NA,main,main
193,194,1.97380044850764,124.786008673589,40.9838267379684,124.856433827495,40.7390531419432,492.346618586916,490.372818138408,2018.41215067991,2020.38595112842,NA,main,main
195,196,0.673372679054621,124.124225927183,41.2465508902248,123.931647611865,41.2409395138183,492.366133149569,491.692760470515,2019.73209301201,2020.40546569107,NA,main,main
179,134,20.4122560818715,101.680143248426,21.8729099391972,101.714427540543,21.6933177820477,492.395198486271,471.9829424044,2000.0222749459,2020.43453102777,SC1_MZ081381.1,main,main
158,24,4.1141228723678,102.846092772376,24.7091987928458,103.174329014148,23.8398272555968,492.414324169331,488.300201296963,2016.33953383846,2020.45365671083,SC1_OK017858.1,main,main
161,28,1.41637443589574,102.94804601104,24.7458517326645,104.30685510367,24.7883699247479,492.414324169331,490.997949733436,2019.03728227494,2020.45365671083,SC1_OK017854.1,main,main
161,26,1.41637443589574,102.94804601104,24.7458517326645,103.102816872893,24.8250277285575,492.414324169331,490.997949733436,2019.03728227494,2020.45365671083,SC1_OK017857.1,main,main
162,30,0.964166517302645,102.742463208179,24.7848679786248,102.463419161096,24.8440581447036,492.414324169331,491.450157652029,2019.48949019353,2020.45365671083,SC1_OK017856.1,main,main
162,27,0.964166517302645,102.742463208179,24.7848679786248,102.771938033833,24.8728205856843,492.414324169331,491.450157652029,2019.48949019353,2020.45365671083,SC1_OK017852.1,main,main
163,29,0.119006144009199,102.420455554469,24.3745256753447,102.397320995907,24.4077600710199,492.414324169331,492.295318025322,2020.33465056682,2020.45365671083,SC1_OK017855.1,main,main
163,25,0.119006144009199,102.420455554469,24.3745256753447,102.444822228932,24.2928347753678,492.414324169331,492.295318025322,2020.33465056682,2020.45365671083,SC1_OK017853.1,main,main
180,137,14.6687736468784,101.822463934607,18.6006753924514,101.31838983547,13.779850554078,492.4635044972,477.794730850322,2005.83406339182,2020.5028370387,SC1_MW251308.1,main,main
196,197,0.119883208284546,123.931647611865,41.2409395138183,124.014625385282,41.1577900833404,492.486016357854,492.366133149569,2020.40546569107,2020.52534889935,NA,main,main
232,53,5.70692827470472,113.449503825455,29.2092311076463,113.677403160647,29.1850980255334,492.496291382446,486.789363107741,2014.82869564924,2020.53562392395,SC1_OK017802.1,main,main
215,75,3.05558748908449,114.239580338633,27.93709185149,115.304763588073,29.8266920400388,492.496291382446,489.440703893362,2017.48003643486,2020.53562392395,SC1_OK017801.1,main,main
182,139,0.891107485969508,102.159799489103,18.8271755638613,102.166973171058,18.8180849618805,492.512684825069,491.621577339099,2019.6609098806,2020.55201736657,SC1_MZ937002.1,main,main
182,138,0.899304207280887,102.159799489103,18.8271755638613,102.207499768419,18.6384571783729,492.52088154638,491.621577339099,2019.6609098806,2020.56021408788,SC1_MZ937004.1,main,main
219,220,6.48468281887529,116.435136119465,25.2080610952327,115.976592956064,25.4345541615228,492.603777344971,486.119094526096,2014.1584270676,2020.64310988647,NA,main,main
259,82,44.1705623596464,101.937484780532,25.1429306174987,101.995497947052,25.2171950619606,492.66569028955,448.495127929904,1976.5344604714,2020.70502283105,SC1_OK017793.1,main,main
192,117,6.93808582179025,125.342902043695,41.3168839086002,125.365758335184,41.1951879690465,492.66569028955,485.72760446776,2013.76693700926,2020.70502283105,SC1_OK017797.1,main,main
195,114,0.97292981903531,124.124225927183,41.2465508902248,124.179967838035,41.235999651551,492.66569028955,491.692760470515,2019.73209301201,2020.70502283105,SC1_OK017795.1,main,main
194,116,0.319071702634111,124.856433827495,40.7390531419432,124.871421192235,40.7791782168593,492.66569028955,492.346618586916,2020.38595112842,2020.70502283105,SC1_OK017798.1,main,main
194,115,0.319071702634111,124.856433827495,40.7390531419432,124.799631388568,40.655179315934,492.66569028955,492.346618586916,2020.38595112842,2020.70502283105,SC1_OK017796.1,main,main
196,113,0.299557139980689,123.931647611865,41.2409395138183,123.906850202431,41.2070497043958,492.66569028955,492.366133149569,2020.40546569107,2020.70502283105,SC1_OK017800.1,main,main
197,111,0.179673931696143,124.014625385282,41.1577900833404,124.009167765839,41.1680549615,492.66569028955,492.486016357854,2020.52534889935,2020.70502283105,SC1_OK017794.1,main,main
197,112,0.179673931696143,124.014625385282,41.1577900833404,124.022843611874,41.1720120533947,492.66569028955,492.486016357854,2020.52534889935,2020.70502283105,SC1_OK017799.1,main,main
216,217,5.48355302907412,115.600419992986,26.2706766622509,115.712054103054,26.29570324363,492.993114713741,487.509561684667,2015.54889422617,2021.03244725524,NA,main,main
255,256,10.6027464679735,115.803743935213,24.8460096352696,115.776470668402,25.0270606123348,493.048922378367,482.446175910393,2010.48550845189,2021.08825491987,NA,main,main
278,101,4.20415634345763,115.414988918967,25.3255046675177,113.594082821218,25.6746767003528,493.083955129732,488.879798786275,2016.91913132777,2021.12328767123,SC1_OK017833.1,main,main
204,122,3.04714214964578,110.704658502938,24.9555464044462,111.835259551779,25.5648210075935,493.083955129732,490.036812980087,2018.07614552159,2021.12328767123,SC1_OK017832.1,main,main
178,131,1.56302876175808,113.76865370935,28.1306298345195,113.753758626124,28.1230605027922,493.083955129732,491.520926367974,2019.56025890947,2021.12328767123,SC1_OK017804.1,main,main
178,132,1.56302876175808,113.76865370935,28.1306298345195,113.914286328737,28.0819634450903,493.083955129732,491.520926367974,2019.56025890947,2021.12328767123,SC1_OK017803.1,main,main
275,100,62.5262950135445,109.438195043617,28.123217295633,109.013406200161,28.0837839596996,493.160667458499,430.634372444955,1958.67370498646,2021.2,SC1_OK017830.1,main,main
265,89,53.500263075041,110.004353219082,29.4090989354635,110.218411244183,29.4442546895786,493.160667458499,439.660404383458,1967.69973692496,2021.2,SC1_OK017834.1,main,main
276,105,52.3147371919616,111.253627142214,30.0777541462583,110.725810186652,26.9160163408077,493.160667458499,440.845930266538,1968.88526280804,2021.2,SC1_OK017835.1,main,main
177,130,10.0471262258099,113.372652295134,27.6968556671886,113.443313826454,27.7390829890395,493.160667458499,483.11354123269,2011.15287377419,2021.2,SC1_OK017805.1,main,main
263,85,0.976684035064604,106.230240151761,26.3382912473454,106.169192737113,26.2726174091372,493.1606674585,492.183983423435,2020.22331596494,2021.2,SC1_OK017831.1,main,main
263,86,0.976684035064604,106.230240151761,26.3382912473454,106.0405733918,25.9480039558686,493.1606674585,492.183983423435,2020.22331596494,2021.2,SC1_OK017829.1,main,main
173,136,31.12521308669,101.667335786362,21.8765326695376,101.61874439884,21.9813060880318,493.285598965349,462.160385878659,1990.19971842016,2021.32493150685,SC1_OK017806.1,main,main
228,32,28.2935266187059,116.233437726991,24.0060413366481,117.427181949262,25.0456417451916,493.327790746171,465.034264127465,1993.07359666897,2021.36712328767,SC1_OK017809.1,main,main
218,80,11.6774385508698,116.328910234427,25.2803483052071,116.679585776887,26.1301173856702,493.327790746171,481.650352195301,2009.6896847368,2021.36712328767,SC1_OK017808.1,main,main
220,77,0.724013401199433,115.976592956064,25.4345541615228,116.147361012049,25.4729966595476,493.327790746171,492.603777344971,2020.64310988647,2021.36712328767,SC1_OK017811.1,main,main
220,78,0.724013401199433,115.976592956064,25.4345541615228,116.18507786155,25.3390069705497,493.327790746171,492.603777344971,2020.64310988647,2021.36712328767,SC1_OK017810.1,main,main
224,62,30.2459204388666,116.514534265241,24.2293875013534,119.300531619078,30.4537450852729,493.494914033842,463.248993594976,1991.28832613648,2021.53424657534,SC1_OK017807.1,main,main
229,31,17.4762628465149,118.363938563951,28.0092722067228,117.96742609656,28.0853182798684,493.494914033842,476.018651187327,2004.05798372883,2021.53424657534,SC1_OK017840.1,main,main
212,69,13.0991550216058,115.904197639309,24.7519114374981,115.690918192232,24.7269460759284,493.494914033842,480.395759012236,2008.43509155374,2021.53424657534,SC1_OK017842.1,main,main
219,79,7.37581950774603,116.435136119465,25.2080610952327,115.902073194251,25.3110803952481,493.494914033842,486.119094526096,2014.1584270676,2021.53424657534,SC1_OK017838.1,main,main
232,52,6.70555092610081,113.449503825455,29.2092311076463,115.8584018224,28.7049263994454,493.494914033842,486.789363107741,2014.82869564924,2021.53424657534,SC1_OK017837.1,main,main
216,72,5.98535234917508,115.600419992986,26.2706766622509,115.41300739652,26.3721565075172,493.494914033842,487.509561684667,2015.54889422617,2021.53424657534,SC1_OK017839.1,main,main
278,102,4.61511524756738,115.414988918967,25.3255046675177,115.122893489058,25.5176690139044,493.494914033842,488.879798786275,2016.91913132777,2021.53424657534,SC1_OK017860.1,main,main
215,76,4.05421014048058,114.239580338633,27.93709185149,114.512668318233,29.3160883932783,493.494914033842,489.440703893362,2017.48003643486,2021.53424657534,SC1_OK017836.1,main,main
217,73,0.501799320100956,115.712054103054,26.29570324363,115.580163283154,26.2104431761269,493.494914033842,492.993114713741,2021.03244725524,2021.53424657534,SC1_OK017844.1,main,main
217,74,0.501799320100956,115.712054103054,26.29570324363,115.736368483618,26.3017224790278,493.494914033842,492.993114713741,2021.03244725524,2021.53424657534,SC1_OK017845.1,main,main
256,64,0.445991655475241,115.776470668402,25.0270606123348,115.784011709919,25.0324508054475,493.494914033842,493.048922378367,2021.08825491987,2021.53424657534,SC1_OK017841.1,main,main
256,65,0.445991655475241,115.776470668402,25.0270606123348,115.799103369281,24.9508258481181,493.494914033842,493.048922378367,2021.08825491987,2021.53424657534,SC1_OK017843.1,main,main
