node1,node2,length,startLon,startLat,endLon,endLat,endNodeL,startNodeL,startYear,endYear,tipLabel,startClade,endClade,distance,dispersal_velocity
141,142,120.563952919145,107.386098293101,24.3821735733291,107.375962368749,24.3403011069748,120.563952919145,0.0,1664.68376918238,1785.24772210153,,main,main,4.750598900873041,0.03940314485258278
142,143,106.913779070136,107.375962368749,24.3403011069748,107.82380807183,24.588992516935,227.477731989281,120.563952919145,1785.24772210153,1892.16150117167,,main,main,53.106626175715505,0.49672387074520374
141,159,260.883516157484,107.386098293101,24.3821735733291,107.474428336713,24.3177543309788,260.883516157484,0.0,1664.68376918238,1925.56728533987,,main,main,11.456546716652165,0.043914413932294394
143,144,44.6613579874454,107.82380807183,24.588992516935,102.322208686283,21.2541416116557,272.139089976726,227.477731989281,1892.16150117167,1936.82285915911,,main,main,674.3308082225234,15.098752895334759
144,151,11.6981403000959,102.322208686283,21.2541416116557,101.912700208735,21.1331532046207,283.837230276822,272.139089976726,1936.82285915911,1948.52099945921,,main,main,44.58174197686629,3.811011052457698
159,223,25.2181429855369,107.474428336713,24.3177543309788,107.095594082644,24.6868265718599,286.101659143021,260.883516157484,1925.56728533987,1950.78542832541,,main,main,56.08435708480831,2.223968557755176
159,160,30.6540361493471,107.474428336713,24.3177543309788,106.092930716782,24.9465667797946,291.537552306831,260.883516157484,1925.56728533987,1956.22132148922,,main,main,156.25564523961097,5.097392215443677
160,164,7.1434276929682,106.092930716782,24.9465667797946,105.775659945226,24.9593678282863,298.680979999799,291.537552306831,1956.22132148922,1963.36474918218,,main,main,32.072049584431724,4.48972831572196
164,173,4.05986310258205,105.775659945226,24.9593678282863,106.60728407085,25.2393164291477,302.740843102381,298.680979999799,1963.36474918218,1967.42461228477,,main,main,89.43333582045369,22.028658001688427
151,152,21.8397716943097,101.912700208735,21.1331532046207,101.879511950441,21.2019808390926,305.677001971132,283.837230276822,1948.52099945921,1970.36077115352,,main,main,8.363767227416725,0.38296037817995526
164,165,7.17726437344157,105.775659945226,24.9593678282863,109.307604890619,30.4927332827964,305.85824437324,298.680979999799,1963.36474918218,1970.54201355562,,main,main,705.0629852186545,98.23561576296927
223,224,22.3441000497555,107.095594082644,24.6868265718599,101.754032561286,25.0938400346239,308.445759192776,286.101659143021,1950.78542832541,1973.12952837516,,main,main,541.5522425815963,24.236923455215294
224,227,1.09897732998258,101.754032561286,25.0938400346239,102.427739610257,25.3741289293386,309.544736522759,308.445759192776,1973.12952837516,1974.22850570514,,main,main,74.64534172609629,67.92254916421206
227,230,1.25046196024489,102.427739610257,25.3741289293386,102.471177566597,25.3334412928562,310.795198483003,309.544736522759,1974.22850570514,1975.47896766539,,main,main,6.279640139902377,5.021856193588308
160,161,20.7667561907638,106.092930716782,24.9465667797946,106.333280053887,25.6885719302566,312.304308497595,291.537552306831,1956.22132148922,1976.98807767998,,main,main,85.6860298077765,4.12611526907058
144,145,40.5591692309398,102.322208686283,21.2541416116557,102.555468383692,21.7135252816553,312.698259207666,272.139089976726,1936.82285915911,1977.38202839005,,main,main,56.31635715590714,1.3884987839678744
173,174,9.96715174788101,106.60728407085,25.2393164291477,106.426966656621,25.1294060857323,312.707994850262,302.740843102381,1967.42461228477,1977.39176403265,,main,main,21.87692118197721,2.194901987584185
230,243,2.57212893376435,102.471177566597,25.3334412928562,102.590495472055,25.2728656658465,313.367327416768,310.795198483003,1975.47896766539,1978.05109659915,,main,main,13.762273124550488,5.350537814762338
165,166,7.80747190113167,109.307604890619,30.4927332827964,111.043406882744,30.2802727459267,313.665716274372,305.85824437324,1970.54201355562,1978.34948545676,,main,main,168.4808996347263,21.579443610972906
243,245,2.4575928431853,102.590495472055,25.2728656658465,102.803282466905,24.9854294948057,315.824920259953,313.367327416768,1978.05109659915,1980.50868944234,,main,main,38.39646956864129,15.623608961554188
224,225,9.36340680768628,101.754032561286,25.0938400346239,98.8560391365496,24.9262791792849,317.809166000462,308.445759192776,1973.12952837516,1982.49293518285,,main,main,293.11141018232325,31.30392774793385
161,162,7.38758041235496,106.333280053887,25.6885719302566,108.070435978404,23.0041349258811,319.69188890995,312.304308497595,1976.98807767998,1984.37565809233,,main,main,345.65214267763105,46.7882748321174
245,246,5.21113753889288,102.803282466905,24.9854294948057,102.847992525906,24.9711982502266,321.036057798846,315.824920259953,1980.50868944234,1985.71982698123,,main,main,4.781613437594286,0.9175757503821619
145,146,10.1809633235219,102.555468383692,21.7135252816553,111.1046723197,25.367846315992,322.879222531188,312.698259207666,1977.38202839005,1987.56299171357,,main,main,961.8847472121133,94.47875575681464
246,247,2.95955646459247,102.847992525906,24.9711982502266,102.819743100729,24.8759135959315,323.995614263438,321.036057798846,1985.71982698123,1988.67938344582,,main,main,10.933778985851244,3.694397831790252
174,175,13.2852970228494,106.426966656621,25.1294060857323,111.785002505137,24.7826862809286,325.993291873111,312.707994850262,1977.39176403265,1990.6770610555,,main,main,542.4114473334369,40.8279503574924
246,261,5.16076765873844,102.847992525906,24.9711982502266,103.248681636341,25.1843460472356,326.196825457584,321.036057798846,1985.71982698123,1990.88059463997,,main,main,46.81447010352069,9.07122219002678
175,201,1.67174075561296,111.785002505137,24.7826862809286,111.785176346139,24.8024681364372,327.665032628724,325.993291873111,1990.6770610555,1992.34880181111,,main,main,2.1913028283549116,1.3107910547717962
247,248,4.32949339663985,102.819743100729,24.8759135959315,102.612962511407,24.9272880936469,328.325107660078,323.995614263438,1988.67938344582,1993.00887684246,,main,main,21.652343732010074,5.00112640172049
175,176,2.86458150258678,111.785002505137,24.7826862809286,112.923527082607,24.7895117888819,328.857873375698,325.993291873111,1990.6770610555,1993.54164255808,,main,main,115.13449068348922,40.19242970727844
146,148,6.2823649746995,111.1046723197,25.367846315992,110.96544374748,25.2602693176822,329.161587505887,322.879222531188,1987.56299171357,1993.84535668827,,main,main,18.39988000941543,2.9288142416933582
248,249,1.41842448265526,102.612962511407,24.9272880936469,103.021151055757,25.1992932731421,329.743532142734,328.325107660078,1993.00887684246,1994.42730132512,,main,main,51.030602528826904,35.97696116560165
165,168,23.9473162278804,109.307604890619,30.4927332827964,112.760328100815,28.6868848028542,329.805560601121,305.85824437324,1970.54201355562,1994.48932978351,,main,main,389.78614630095575,16.276819606497344
201,202,2.84220134870512,111.785176346139,24.8024681364372,113.843333131231,22.3964126305776,330.50723397743,327.665032628724,1992.34880181111,1995.19100315981,,main,main,339.302140875463,119.38005061817519
227,228,21.3151555672077,102.427739610257,25.3741289293386,102.401557945082,25.3536021670495,330.859892089966,309.544736522759,1974.22850570514,1995.54366127235,,main,main,3.480663247951368,0.16329523080310962
225,226,13.2206017055627,98.8560391365496,24.9262791792849,98.697229626863,24.8231276528641,331.029767706025,317.809166000462,1982.49293518285,1995.71353688841,,main,main,19.700201946249408,1.4901138681123984
168,169,1.72513050469377,112.760328100815,28.6868848028542,112.853672671713,28.7597028302813,331.530691105815,329.805560601121,1994.48932978351,1996.2144602882,,main,main,12.177790524721052,7.059054657944703
245,264,17.8254447592238,102.803282466905,24.9854294948057,102.785460067867,25.0485592375072,333.650365019177,315.824920259953,1980.50868944234,1998.33413420156,,main,main,7.220754552023813,0.4050813121107356
148,149,4.49282568199472,110.96544374748,25.2602693176822,110.270393748334,24.2311267645824,333.654413187882,329.161587505887,1993.84535668827,1998.33818237027,,main,main,133.9347162913879,29.81079742936381
202,203,4.26048034081461,113.843333131231,22.3964126305776,113.93270015853,22.2767659391105,334.767714318244,330.50723397743,1995.19100315981,1999.45148350063,,main,main,16.133609604607457,3.786805316304473
223,267,49.16653060965,107.095594082644,24.6868265718599,111.85935016094,34.6052142756682,335.26818975267,286.101659143021,1950.78542832541,1999.95195893505,,main,main,1191.8194763186773,24.240463208212553
264,265,2.08688250124834,102.785460067867,25.0485592375072,102.866443288565,25.1389779809343,335.737247520425,333.650365019177,1998.33413420156,2000.42101670281,,main,main,12.924976196602062,6.193437430651006
203,212,2.16265041640215,113.93270015853,22.2767659391105,114.041000169907,22.1077805675389,336.930364734646,334.767714318244,1999.45148350063,2001.61413391703,,main,main,21.791633962357576,10.076355289363313
212,213,0.0812488051659948,114.041000169907,22.1077805675389,114.036789547513,22.1283011370498,337.011613539812,336.930364734646,2001.61413391703,2001.6953827222,,main,main,2.313438281456244,28.473505262382513
261,262,10.9188963938783,103.248681636341,25.1843460472356,105.586232320322,25.1380401297182,337.115721851463,326.196825457584,1990.88059463997,2001.79949103385,,main,main,235.72000519039503,21.58826283236389
169,171,5.58813803141318,112.853672671713,28.7597028302813,112.531834998012,28.8661457823485,337.118829137228,331.530691105815,1996.2144602882,2001.80259831961,,main,main,33.557854830932484,6.005194331687985
248,258,8.89466438808169,102.612962511407,24.9272880936469,102.822007762225,25.0943942341833,337.21977204816,328.325107660078,1993.00887684246,2001.90354123054,,main,main,28.069831181563117,3.1558055432844645
249,256,8.93398768811025,103.021151055757,25.1992932731421,102.979622422586,25.0737408176057,338.677519830844,329.743532142734,1994.42730132512,2003.36128901323,,main,main,14.524835448033404,1.6257953284806632
267,277,3.42156472436248,111.85935016094,34.6052142756682,111.908530961741,34.7028984029193,338.689754477033,335.26818975267,1999.95195893505,2003.37352365942,,main,main,11.736953721685943,3.4302883818375878
212,219,2.09321794359656,114.041000169907,22.1077805675389,114.045053513451,22.0768501816445,339.023582678243,336.930364734646,2001.61413391703,2003.70735186063,,main,main,3.450416374300893,1.648378939639892
267,268,3.85746864589819,111.85935016094,34.6052142756682,125.504922905322,35.6531991434147,339.125658398569,335.26818975267,1999.95195893505,2003.80942758095,,main,main,1248.125250041291,323.56069863807596
166,167,25.467034013623,111.043406882744,30.2802727459267,111.129595432686,30.7570006206804,339.132750287995,313.665716274372,1978.34948545676,2003.81651947038,,main,main,53.49413426497555,2.1005247111367624
213,215,2.33088119970638,114.036789547513,22.1283011370498,114.051465442423,22.2485025285117,339.342494739519,337.011613539812,2001.6953827222,2004.0262639219,,main,main,13.396007623854405,5.747185925023503
167,52,0.221836694003894,111.129595432686,30.7570006206804,110.962468439158,30.770156009542,339.354586981999,339.132750287995,2003.81651947038,2004.03835616438,SC1_DQ648857.1,main,main,16.066915182814515,72.42676985860818
213,214,2.34703819021428,114.036789547513,22.1283011370498,114.076831464387,22.1331987441616,339.358651730027,337.011613539812,2001.6953827222,2004.04242091241,,main,main,4.166459456339244,1.7751988330274484
219,220,0.404883361181504,114.045053513451,22.0768501816445,114.034534072224,22.0595416421719,339.428466039424,339.023582678243,2003.70735186063,2004.11223522181,,main,main,2.2027638643762977,5.440489967155818
203,204,4.91387071157264,113.93270015853,22.2767659391105,117.152269646792,29.4714467006982,339.681585029817,334.767714318244,1999.45148350063,2004.3653542122,,main,main,859.7759543032732,174.96918514327572
215,216,0.612597407269899,114.051465442423,22.2485025285117,114.216677040002,22.5363884737428,339.955092146789,339.342494739519,2004.0262639219,2004.63886132917,,main,main,36.13472387647633,58.98608686170303
202,222,9.46830759077728,113.843333131231,22.3964126305776,113.927416831768,22.4767910689056,339.975541568207,330.50723397743,1995.19100315981,2004.65931075059,,main,main,12.415625796765147,1.3112824734231001
277,78,1.49816583829931,111.908530961741,34.7028984029193,111.501538181686,30.5342623330412,340.187920315332,338.689754477033,2003.37352365942,2004.87168949772,SC1_DQ412042.1,main,main,463.8668211761727,309.6231467290335
167,51,1.05517002733715,111.129595432686,30.7570006206804,111.326214507919,30.5421488906567,340.187920315332,339.132750287995,2003.81651947038,2004.87168949772,SC1_DQ412043.1,main,main,30.37327362480624,28.785193701395112
162,62,20.5779986184977,108.070435978404,23.0041349258811,108.440526114121,22.9026025040275,340.269887528447,319.69188890995,1984.37565809233,2004.95365671083,SC1_DQ071615.1,main,main,39.586041833253965,1.9237070896520427
216,4,0.528261958498078,114.216677040002,22.5363884737428,114.278806548931,22.494058373226,340.483354105287,339.955092146789,2004.63886132917,2005.16712328767,SC1_DQ022305.2,main,main,7.926726070766257,15.005294141003525
214,9,1.14388045745181,114.076831464387,22.1331987441616,114.306857422391,22.0995057367427,340.502532187478,339.358651730027,2004.04242091241,2005.18630136986,SC1_DQ084199.1,main,main,24.025003288967667,21.003071721749215
214,12,1.20141470402722,114.076831464387,22.1331987441616,114.052519878855,22.18112696933,340.560066434054,339.358651730027,2004.04242091241,2005.24383561644,SC1_DQ084200.1,main,main,5.869835068716794,4.885769292685303
216,217,0.824530371473273,114.216677040002,22.5363884737428,114.301946025317,22.3849993431663,340.779622518262,339.955092146789,2004.63886132917,2005.46339170065,,main,main,18.922633168511187,22.949589030541322
220,221,1.45003380684481,114.034534072224,22.0595416421719,114.039281641054,22.1048500715492,340.878499846269,339.428466039424,2004.11223522181,2005.56226902865,,main,main,5.040932846388221,3.4764243582409984
215,5,1.72990046165846,114.051465442423,22.2485025285117,114.271867291156,22.2883484648946,341.072395201177,339.342494739519,2004.0262639219,2005.75616438356,SC1_GQ153539.1,main,main,23.14063365023322,13.376858474301022
220,11,1.64392916175277,114.034534072224,22.0595416421719,114.253208337454,22.3257604312692,341.072395201177,339.428466039424,2004.11223522181,2005.75616438356,SC1_GQ153540.1,main,main,37.115083610653585,22.57705774321881
221,13,0.43225151929146,114.039281641054,22.1048500715492,114.02687680408,22.1142773930095,341.310751365561,340.878499846269,2005.56226902865,2005.99452054795,SC1_GQ153541.1,main,main,1.651678736482466,3.821105682149764
262,83,4.23886513053627,105.586232320322,25.1380401297182,105.184966556257,25.528892133543,341.354586981999,337.115721851463,2001.79949103385,2006.03835616438,SC1_FJ588686.1,main,main,59.217109936534925,13.970038704449935
204,205,1.71548845347342,117.152269646792,29.4714467006982,117.561196566947,29.6106506393057,341.39707348329,339.681585029817,2004.3653542122,2006.08084266567,,main,main,42.53357278669923,24.79385547631041
217,218,0.68046641855277,114.301946025317,22.3849993431663,114.332195160691,22.275648277306,341.460088936815,340.779622518262,2005.46339170065,2006.1438581192,,main,main,12.503533724182143,18.374946041826597
222,2,1.50233308502513,113.927416831768,22.4767910689056,113.989427824306,22.5343302276452,341.477874653232,339.975541568207,2004.65931075059,2006.16164383562,SC1_GQ153543.1,main,main,9.017145102892727,6.002094470775696
222,3,1.50233308502513,113.927416831768,22.4767910689056,114.023699115915,22.4948143734715,341.477874653232,339.975541568207,2004.65931075059,2006.16164383562,SC1_GQ153542.1,main,main,10.107114855178688,6.7276125087863745
258,259,4.28389105789261,102.822007762225,25.0943942341833,102.905315380217,25.1150099950322,341.503663106053,337.21977204816,2001.90354123054,2006.18743228844,,main,main,8.707573422746027,2.032631853861749
217,14,1.22975898428516,114.301946025317,22.3849993431663,114.356775860842,22.4355528425934,342.009381502547,340.779622518262,2005.46339170065,2006.69315068493,SC1_GQ153545.1,main,main,7.950425952481766,6.46502774452445
221,8,1.13088165627783,114.039281641054,22.1048500715492,113.939587717128,22.2402336495468,342.009381502547,340.878499846269,2005.56226902865,2006.69315068493,SC1_GQ153544.1,main,main,18.178643192263305,16.074752907475983
256,257,3.70573921367658,102.979622422586,25.0737408176057,103.107906352326,24.8023016694036,342.38325904452,338.677519830844,2003.36128901323,2007.0670282269,,main,main,32.740688174243466,8.835130128264046
218,7,1.07258023696515,114.332195160691,22.275648277306,114.173342770058,22.5112453694826,342.53266917378,341.460088936815,2006.1438581192,2007.21643835616,SC1_GQ153546.1,main,main,30.793061568355693,28.709331485991395
169,170,11.0445856048542,112.853672671713,28.7597028302813,112.981622251698,28.843943623157,342.575276710669,331.530691105815,1996.2144602882,2007.25904589305,,main,main,15.594767614679824,1.4119830451425697
218,6,1.26162133285554,114.332195160691,22.275648277306,114.319577738797,22.2969084088916,342.72171026967,341.460088936815,2006.1438581192,2007.40547945205,SC1_GQ153547.1,main,main,2.6894365443311794,2.1317303966665957
219,10,4.20223718046856,114.045053513451,22.0768501816445,114.142255512194,22.105562324873,343.225819858711,339.023582678243,2003.70735186063,2007.9095890411,SC1_GQ153548.1,main,main,10.522654995663608,2.504060228816096
249,250,13.9304931707654,103.021151055757,25.1992932731421,102.883686442742,24.8169582128138,343.674025313499,329.743532142734,1994.42730132512,2008.35779449588,,main,main,44.56761882652394,3.199285070542496
171,172,7.08382282777188,112.531834998012,28.8661457823485,112.541581199242,28.7427436795964,344.202651965,337.118829137228,2001.80259831961,2008.88642114738,,main,main,13.710022778358228,1.9353988816050796
268,269,5.08108216654908,125.504922905322,35.6531991434147,126.240413299166,41.7536066606318,344.206740565118,339.125658398569,2003.80942758095,2008.8905097475,,main,main,680.2136933915984,133.87181531322872
228,229,13.3839630599969,102.401557945082,25.3536021670495,102.575359847701,25.4342241806872,344.243855149963,330.859892089966,1995.54366127235,2008.92762433235,,main,main,19.637471143528167,1.4672388929570697
176,177,15.4800566745716,112.923527082607,24.7895117888819,114.32162795603,25.0578371856791,344.33793005027,328.857873375698,1993.54164255808,2009.02169923265,,main,main,144.31856486436195,9.32287057459083
230,231,33.553786989087,102.471177566597,25.3334412928562,102.95719573221,25.0001803012652,344.34898547209,310.795198483003,1975.47896766539,2009.03275465447,,main,main,61.34800634432661,1.8283482089303176
177,182,0.569088788510131,114.32162795603,25.0578371856791,114.577283953662,25.0309043599106,344.90701883878,344.33793005027,2009.02169923265,2009.59078802116,,main,main,25.971146763516884,45.63637043616533
177,178,0.63372535309048,114.32162795603,25.0578371856791,114.479566967362,24.8723020656113,344.97165540336,344.33793005027,2009.02169923265,2009.65542458574,,main,main,26.014313590724388,41.04982302484938
265,266,9.30748916755383,102.866443288565,25.1389779809343,102.737240594276,25.0813456706002,345.044736687979,335.737247520425,2000.42101670281,2009.72850587036,,main,main,14.511184563274416,1.5590869139940353
277,278,6.64960155689132,111.908530961741,34.7028984029193,112.346486797576,34.920018800469,345.339356033924,338.689754477033,2003.37352365942,2010.02312521631,,main,main,46.75362704427051,7.03104188187296
226,121,15.324819275974,98.697229626863,24.8231276528641,99.2639364266746,25.3411407676489,346.354586981999,331.029767706025,1995.71353688841,2011.03835616438,SC1_KF569996.1,main,main,81.00140731023227,5.285635403037016
226,122,15.324819275974,98.697229626863,24.8231276528641,99.591234178353,26.3626076263972,346.354586981999,331.029767706025,1995.71353688841,2011.03835616438,SC1_JX993988.1,main,main,192.74702996158663,12.577442284345386
231,89,2.29601246881279,102.95719573221,25.0001803012652,102.909325152791,24.9805462342086,346.644997940903,344.34898547209,2009.03275465447,2011.32876712329,SC1_KC881005.1,main,main,5.2997502549278845,2.3082410600619476
182,185,2.08903253063223,114.577283953662,25.0309043599106,114.411524247198,24.9012110762076,346.996051369412,344.90701883878,2009.59078802116,2011.6798205518,,main,main,22.0580270328565,10.558967708454402
166,53,33.3546241322845,111.043406882744,30.2802727459267,107.068322745945,32.9637255560569,347.020340406657,313.665716274372,1978.34948545676,2011.70410958904,SC1_JX993987.1,main,main,480.31539823646534,14.40026415322606
269,270,3.01585936717433,126.240413299166,41.7536066606318,126.059841016426,41.6991438908523,347.222599932292,344.206740565118,2008.8905097475,2011.90636911468,,main,main,16.196476285951903,5.3704348625270875
231,232,2.94271932542521,102.95719573221,25.0001803012652,102.929847226022,24.7661373885049,347.291704797516,344.34898547209,2009.03275465447,2011.9754739799,,main,main,26.07206769440669,8.859855396042363
232,233,0.0258594740475537,102.929847226022,24.7661373885049,102.797660779939,24.6516160047888,347.317564271563,347.291704797516,2011.9754739799,2012.00133345395,,main,main,18.43427843207298,712.8636258484482
225,117,29.5454209815367,98.8560391365496,24.9262791792849,98.7006519486635,24.4629858986382,347.354586981999,317.809166000462,1982.49293518285,2012.03835616438,SC1_KU973692.1,main,main,53.67338091739191,1.8166395716931254
205,49,5.95751349870883,117.561196566947,29.6106506393057,119.349388878608,28.0705793737099,347.354586981999,341.39707348329,2006.08084266567,2012.03835616438,SC1_KF294457.1,main,main,244.09778010279143,40.97309727551514
269,73,3.14784641688126,126.240413299166,41.7536066606318,126.263469676002,41.7573798021508,347.354586981999,344.206740565118,2008.8905097475,2012.03835616438,SC1_KJ473811.1,main,main,1.9627941574394354,0.6235355533590742
278,75,2.01523094807474,112.346486797576,34.920018800469,112.431179080486,34.9758627783666,347.354586981999,345.339356033924,2010.02312521631,2012.03835616438,SC1_KY770860.1,main,main,9.911212770281024,4.918152323806731
152,153,41.6826207076059,101.879511950441,21.2019808390926,101.412762326921,21.496520278239,347.359622678737,305.677001971132,1970.36077115352,2012.04339186112,,main,main,58.373587309776774,1.4004298750612205
185,186,0.44151655154432,114.411524247198,24.9012110762076,114.232212923509,24.2441308007482,347.437567920956,346.996051369412,2011.6798205518,2012.12133710334,,main,main,75.01471192906541,169.9023777629214
233,101,0.250137464534166,102.797660779939,24.6516160047888,102.679405870019,24.7467671651417,347.567701736097,347.317564271563,2012.00133345395,2012.25147091848,SC1_KC881006.1,main,main,15.946445364373972,63.75072760120611
278,279,2.35778555709916,112.346486797576,34.920018800469,113.283737749711,36.3021786703796,347.697141591023,345.339356033924,2010.02312521631,2012.38091077341,,main,main,175.29255004918966,74.34626508818566
262,263,10.8311709934962,105.586232320322,25.1380401297182,105.571025450089,25.1966118310226,347.946892844959,337.115721851463,2001.79949103385,2012.63066202734,,main,main,6.666956709136221,0.6155342495413961
233,234,0.659456095551485,102.797660779939,24.6516160047888,102.879395300786,24.736523266638,347.977020367115,347.317564271563,2012.00133345395,2012.6607895495,,main,main,12.524819620932588,18.992651224883176
234,90,0.0442332815510813,102.879395300786,24.736523266638,102.816120458536,24.6928223948785,348.021253648666,347.977020367115,2012.6607895495,2012.70502283105,SC1_KF367457.1,main,main,8.026291091162625,181.4536658758572
264,87,14.4173367169204,102.785460067867,25.0485592375072,102.881944101101,24.7070027933346,348.067701736097,333.650365019177,1998.33413420156,2012.75147091848,SC1_KY417143.1,main,main,39.07058778254222,2.709972621828857
258,115,10.8479296879374,102.822007762225,25.0943942341833,102.793634228115,25.0403852767214,348.067701736097,337.21977204816,2001.90354123054,2012.75147091848,SC1_KY417144.1,main,main,6.63242047278673,0.6113996553795698
259,114,6.56403863004475,102.905315380217,25.1150099950322,102.988661758943,25.090568921647,348.067701736097,341.503663106053,2006.18743228844,2012.75147091848,SC1_KY417145.1,main,main,8.832028617373808,1.3455174649564177
234,235,0.151124593266069,102.879395300786,24.736523266638,102.827347327168,24.725287267166,348.128144960381,347.977020367115,2012.6607895495,2012.81191414277,,main,main,5.410722964307218,35.803060556670175
204,207,8.46858973388632,117.152269646792,29.4714467006982,114.807202262797,29.5387192691522,348.150174763703,339.681585029817,2004.3653542122,2012.83394394609,,main,main,227.49948005726253,26.863915623039723
142,123,227.790634062854,107.375962368749,24.3403011069748,141.358545880177,39.5962502669864,348.354586981999,120.563952919145,1785.24772210153,2013.03835616438,SC1_LC556375.1,main,main,3600.0294804150253,15.80411545551813
201,1,20.6895543532746,111.785176346139,24.8024681364372,111.725009344837,24.6350776737565,348.354586981999,327.665032628724,1992.34880181111,2013.03835616438,SC1_KJ473815.1,main,main,19.515402950005285,0.9432490722989654
168,56,18.5490263808782,112.760328100815,28.6868848028542,115.000331503903,30.4579161895891,348.354586981999,329.805560601121,1994.48932978351,2013.03835616438,SC1_KJ473814.1,main,main,292.64270296722793,15.776715012325775
265,85,12.6173394615737,102.866443288565,25.1389779809343,102.910279564154,25.0649019230067,348.354586981999,335.737247520425,2000.42101670281,2013.03835616438,SC1_KJ473816.1,main,main,9.321197666051177,0.7387609483313837
279,76,0.657445390975573,113.283737749711,36.3021786703796,114.232303500285,36.5482046408036,348.354586981999,347.697141591023,2012.38091077341,2013.03835616438,SC1_KJ473812.1,main,main,89.33784396458181,135.88633396914497
279,77,0.657445390975573,113.283737749711,36.3021786703796,113.305679254873,36.431241211882,348.354586981999,347.697141591023,2012.38091077341,2013.03835616438,SC1_KJ473813.1,main,main,14.456267703772578,21.988545211825347
263,81,0.407694137040041,105.571025450089,25.1966118310226,105.556776241547,25.1927975640816,348.354586981999,347.946892844959,2012.63066202734,2013.03835616438,SC1_KY770858.1,main,main,1.4970484315727723,3.671989110370116
263,82,0.407694137040041,105.571025450089,25.1966118310226,105.646866438295,24.9509972257228,348.354586981999,347.946892844959,2012.63066202734,2013.03835616438,SC1_KY770859.1,main,main,28.2631542051395,69.32440679754902
243,244,34.9884951145731,102.590495472055,25.2728656658465,102.102452705734,25.4392382500642,348.355822531341,313.367327416768,1978.05109659915,2013.03959171373,,main,main,52.46851448419855,1.499593346681116
207,208,0.426543482748476,114.807202262797,29.5387192691522,114.887067202193,29.3441593527002,348.576718246452,348.150174763703,2012.83394394609,2013.26048742884,,main,main,22.91544454038518,53.723583801415046
235,242,0.479727829025993,102.827347327168,24.725287267166,102.970329590819,24.6385261641212,348.607872789407,348.128144960381,2012.81191414277,2013.29164197179,,main,main,17.371508025973245,36.21117428447539
256,104,9.96747811005941,102.979622422586,25.0737408176057,102.962286366699,25.0831887067744,348.644997940903,338.677519830844,2003.36128901323,2013.32876712329,SC1_KY417149.1,main,main,2.038186577020296,0.20448367726670108
257,103,6.26173889638283,103.107906352326,24.8023016694036,102.922514090385,24.6964823688782,348.644997940903,342.38325904452,2007.0670282269,2013.32876712329,SC1_KY417146.1,main,main,22.115024234842856,3.531770423646676
257,102,6.26173889638283,103.107906352326,24.8023016694036,102.745908745649,24.9059755101832,348.644997940903,342.38325904452,2007.0670282269,2013.32876712329,SC1_KY417147.1,main,main,38.34669742675892,6.123969405512957
266,86,3.60026125292412,102.737240594276,25.0813456706002,102.661194126208,25.0522698694797,348.644997940903,345.044736687979,2009.72850587036,2013.32876712329,SC1_KY417148.1,main,main,8.321343913012122,2.3113166874358226
244,79,0.387805546548506,102.102452705734,25.4392382500642,102.04001665105,25.3940529294946,348.743628077889,348.355822531341,2013.03959171373,2013.42739726027,SC1_KP886809.1,main,main,8.032012583349596,20.71144328603605
244,80,0.387805546548506,102.102452705734,25.4392382500642,102.262532436508,25.3937198108485,348.743628077889,348.355822531341,2013.03959171373,2013.42739726027,SC1_KP886808.1,main,main,16.876106745545634,43.51692980088618
235,236,0.640059813639031,102.827347327168,24.725287267166,102.80555999878,24.9163219545462,348.76820477402,348.128144960381,2012.81191414277,2013.4519739564,,main,main,21.275279723340557,33.23951804188568
242,100,0.297399124099071,102.970329590819,24.6385261641212,103.058083226898,24.6410096315037,348.905271913506,348.607872789407,2013.29164197179,2013.58904109589,SC1_KY417150.1,main,main,8.888649113862346,29.887946512247687
242,91,0.297399124099071,102.970329590819,24.6385261641212,103.01115769594,24.6717323190735,348.905271913506,348.607872789407,2013.29164197179,2013.58904109589,SC1_KT444582.1,main,main,5.53271121872654,18.6036567373462
270,65,1.71280896751511,126.059841016426,41.6991438908523,126.136407024555,41.6908330080349,348.935408899807,347.222599932292,2011.90636911468,2013.61917808219,SC1_KU182964.1,main,main,6.440248898069265,3.760050898970116
270,271,2.06156691180329,126.059841016426,41.6991438908523,125.640611195344,41.7524649657662,349.284166844095,347.222599932292,2011.90636911468,2013.96793602648,,main,main,35.38134860114419,17.162357621560524
186,187,1.92576444971416,114.232212923509,24.2441308007482,115.09637399103,23.789346930913,349.363332370671,347.437567920956,2012.12133710334,2014.04710155306,,main,main,101.32539550428287,52.61567452827501
187,188,0.0327774764594642,115.09637399103,23.789346930913,115.094992196639,23.7571098671241,349.39610984713,349.363332370671,2014.04710155306,2014.07987902951,,main,main,3.5731915261567813,109.01362496822279
236,237,0.727381221702934,102.80555999878,24.9163219545462,102.772038951375,25.0242337640057,349.495585995723,348.76820477402,2013.4519739564,2014.17935517811,,main,main,12.423626781105785,17.079938841450673
188,189,0.103592887032893,115.094992196639,23.7571098671241,115.115275359196,23.6203436578499,349.499702734163,349.39610984713,2014.07987902951,2014.18347191655,,main,main,15.28799115896018,147.57761461079764
205,206,8.12839242275589,117.561196566947,29.6106506393057,118.124798741022,30.0693280888584,349.525465906046,341.39707348329,2006.08084266567,2014.20923508843,,main,main,74.51004860194003,9.166640182546423
266,88,4.66875440360896,102.737240594276,25.0813456706002,102.710189128271,24.9240371089627,349.713491091588,345.044736687979,2009.72850587036,2014.39726027397,SC1_KY417142.1,main,main,17.638205269545583,3.7779252761531428
232,92,2.87384108859299,102.929847226022,24.7661373885049,103.011862938443,24.918513919411,350.165545886109,347.291704797516,2011.9754739799,2014.84931506849,SC1_KY417151.1,main,main,18.80477194054851,6.543427893487033
176,194,21.5688003704241,112.923527082607,24.7895117888819,112.931989897611,24.7023928898066,350.426673746122,328.857873375698,1993.54164255808,2015.11044292851,,main,main,9.687980663867398,0.44916641155211856
237,239,0.959976623917067,102.772038951375,25.0242337640057,102.804880234247,25.0492747355934,350.45556261964,349.495585995723,2014.17935517811,2015.13933180202,,main,main,4.321950020612644,4.502140898991328
194,195,0.0774756267431256,112.931989897611,24.7023928898066,112.929875523252,24.7088443964368,350.504149372865,350.426673746122,2015.11044292851,2015.18791855525,,main,main,0.7459642937941872,9.628373788668661
149,150,16.9241319157644,110.270393748334,24.2311267645824,122.314826329818,30.0580445383116,350.578545103646,333.654413187882,1998.33818237027,2015.26231428603,,main,main,1356.1211241164099,80.12943475424093
150,128,0.271932289311628,122.314826329818,30.0580445383116,122.281550897385,30.0771749254092,350.850477392958,350.578545103646,2015.26231428603,2015.53424657534,SC1_MG772934.1,main,main,3.8459541062598963,14.143057876633854
189,190,1.47419821356545,115.115275359196,23.6203436578499,115.127660128589,23.6378724405876,350.973900947728,349.499702734163,2014.18347191655,2015.65767013011,,main,main,2.316457424201475,1.571333761556367
259,260,9.51616799025665,102.905315380217,25.1150099950322,102.872267431862,25.0649936315884,351.019831096309,341.503663106053,2006.18743228844,2015.70360027869,,main,main,6.46617000485876,0.6794930492483212
237,238,1.57977734889375,102.772038951375,25.0242337640057,102.77851971974,25.0354724610564,351.075363344616,349.495585995723,2014.17935517811,2015.759132527,,main,main,1.4063110180047629,0.8901957095343479
260,113,0.123796981580059,102.872267431862,25.0649936315884,102.909010892249,25.0634962960443,351.143628077889,351.019831096309,2015.70360027869,2015.82739726027,SC1_KY417152.1,main,main,3.711033101645976,29.976765622884482
239,240,0.870739815305244,102.804880234247,25.0492747355934,103.006692440533,25.1393402925142,351.326302434945,350.45556261964,2015.13933180202,2016.01007161733,,main,main,22.67073633387055,26.036177438289258
240,241,0.0186790477823973,103.006692440533,25.1393402925142,103.737419707411,25.3104710037647,351.344981482727,351.326302434945,2016.01007161733,2016.02875066511,,main,main,76.03319965805912,4070.5072626727274
186,193,3.98872898315904,114.232212923509,24.2441308007482,114.248616191011,24.1658011101854,351.426296904116,347.437567920956,2012.12133710334,2016.1100660865,,main,main,8.834476450491653,2.2148600438365262
195,196,1.08144385241388,112.929875523252,24.7088443964368,112.930441111113,24.7241473988987,351.585593225279,350.504149372865,2015.18791855525,2016.26936240766,,main,main,1.6960591312144615,1.568328422625645
268,74,12.5212783102063,125.504922905322,35.6531991434147,127.342978819912,35.4921557192782,351.646936708775,339.125658398569,2003.80942758095,2016.33070589116,SC1_KY938558.1,main,main,167.56814806994697,13.382670995609084
194,199,1.24163990164924,112.931989897611,24.7023928898066,112.927192791712,24.8564342155235,351.668313647772,350.426673746122,2015.11044292851,2016.35208283016,,main,main,17.069993080361368,13.747941780614259
190,191,0.756633797274144,115.127660128589,23.6378724405876,115.092119405508,23.3065885335438,351.730534745003,350.973900947728,2015.65767013011,2016.41430392739,,main,main,36.86913684262931,48.727848234448956
196,197,0.193679876637645,112.930441111113,24.7241473988987,112.915609619288,24.7375368074306,351.779273101917,351.585593225279,2016.26936240766,2016.4630422843,,main,main,2.10977056302259,10.893080890224606
196,22,0.266261516282618,112.930441111113,24.7241473988987,112.543640896225,24.6466640043872,351.851854741562,351.585593225279,2016.26936240766,2016.53562392395,SC1_OK017812.1,main,main,40.07615667323061,150.51426594706447
173,60,49.1957110927327,106.60728407085,25.2393164291477,104.291450979821,32.7398498956103,351.936554195114,302.740843102381,1967.42461228477,2016.6203233775,SC1_OK017846.1,main,main,861.336977291531,17.508375388007543
250,105,8.2625288816147,102.883686442742,24.8169582128138,102.612797709951,26.9217631589923,351.936554195114,343.674025313499,2008.35779449588,2016.6203233775,SC1_MK211374.1,main,main,234.75809774010924,28.412378474401386
236,99,3.16834942109393,102.80555999878,24.9163219545462,102.888457751239,24.8860521628867,351.936554195114,348.76820477402,2013.4519739564,2016.6203233775,SC1_OK017849.1,main,main,9.02147629697459,2.8473741680485993
239,98,1.48099157547393,102.804880234247,25.0492747355934,102.795727640574,25.0248815317036,351.936554195114,350.45556261964,2015.13933180202,2016.6203233775,SC1_OK017850.1,main,main,2.855630913576722,1.928188492674508
238,94,0.861190850497247,102.77851971974,25.0354724610564,102.811044918295,25.0899953123964,351.936554195114,351.075363344616,2015.759132527,2016.6203233775,SC1_OK017848.1,main,main,6.873712977982927,7.981637257309552
238,97,0.861190850497247,102.77851971974,25.0354724610564,102.826661608592,25.0361416126824,351.936554195114,351.075363344616,2015.759132527,2016.6203233775,SC1_OK017851.1,main,main,4.859083980371481,5.642284724188456
240,96,0.61025176016869,103.006692440533,25.1393402925142,102.90784299888,24.9808910109661,351.936554195114,351.326302434945,2016.01007161733,2016.6203233775,SC1_OK017847.1,main,main,20.187971086687845,33.08138116817123
261,84,25.8244281910813,103.248681636341,25.1843460472356,103.099703129613,23.9078954551528,352.021253648666,326.196825457584,1990.88059463997,2016.70502283105,SC1_MK211375.1,main,main,142.19095720124844,5.506064109111828
260,112,1.0014225523565,102.872267431862,25.0649936315884,102.856521976036,25.0939343526751,352.021253648666,351.019831096309,2015.70360027869,2016.70502283105,SC1_MK211377.1,main,main,3.577841386510054,3.5727589498467434
241,95,0.67627216593834,103.737419707411,25.3104710037647,103.79496182308,25.423307248107,352.021253648666,351.344981482727,2016.02875066511,2016.70502283105,SC1_MK211376.1,main,main,13.776320763104444,20.370971122239734
241,93,0.67627216593834,103.737419707411,25.3104710037647,103.696885549891,25.241766258061,352.021253648666,351.344981482727,2016.02875066511,2016.70502283105,SC1_MK211378.1,main,main,8.636817572061949,12.771215506227742
208,209,3.7238039341202,114.887067202193,29.3441593527002,114.612955201782,28.8292986304733,352.300522180572,348.576718246452,2013.26048742884,2016.98429136296,,main,main,62.997419271642364,16.917490927600724
197,198,0.575170149490631,112.915609619288,24.7375368074306,112.940342893722,24.7634934297831,352.354443251408,351.779273101917,2016.4630422843,2017.03821243379,,main,main,3.811294452603409,6.626377352821039
199,200,0.768846938273838,112.927192791712,24.8564342155235,112.861043300338,24.8560836665977,352.437160586045,351.668313647772,2016.35208283016,2017.12092976843,,main,main,6.685657868568067,8.695694208756615
150,127,1.86097338520188,122.314826329818,30.0580445383116,122.360679084802,30.0402884092313,352.439518488848,350.578545103646,2015.26231428603,2017.12328767123,SC1_MG772933.1,main,main,4.840268948802542,2.600933998998307
191,192,1.02843337662389,115.092119405508,23.3065885335438,115.103294890222,23.1404904560012,352.758968121627,351.730534745003,2016.41430392739,2017.44273730401,,main,main,18.430417259496938,17.92086651252
229,118,8.69155374984394,102.575359847701,25.4342241806872,116.849655545999,24.2672319224232,352.935408899807,344.243855149963,2008.92762433235,2017.61917808219,SC1_OK017792.1,main,main,1447.8067100989847,166.57628218947394
188,21,3.62423055952651,115.094992196639,23.7571098671241,114.665125363927,23.9894135422828,353.020340406657,349.39610984713,2014.07987902951,2017.70410958904,SC1_OK017823.1,main,main,50.782714572540776,14.011998888717311
195,27,2.51619103379125,112.929875523252,24.7088443964368,112.513972950057,24.6786388109491,353.020340406657,350.504149372865,2015.18791855525,2017.70410958904,SC1_OK017814.1,main,main,42.22163685909299,16.77998065014797
190,20,2.04643945892816,115.127660128589,23.6378724405876,115.446077660289,23.9711316787921,353.020340406657,350.973900947728,2015.65767013011,2017.70410958904,SC1_OK017822.1,main,main,49.14524257328815,24.014999495283575
193,30,1.5940435025411,114.248616191011,24.1658011101854,114.220703343174,24.1025680565478,353.020340406657,351.426296904116,2016.1100660865,2017.70410958904,SC1_OK017813.1,main,main,7.556568425913618,4.740503263472751
193,31,1.5940435025411,114.248616191011,24.1658011101854,114.157922749195,24.1446062152892,353.020340406657,351.426296904116,2016.1100660865,2017.70410958904,SC1_OK017819.1,main,main,9.51137595065582,5.9668233241398525
199,29,1.35202675888513,112.927192791712,24.8564342155235,112.928325260956,24.85915483118,353.020340406657,351.668313647772,2016.35208283016,2017.70410958904,SC1_OK017816.1,main,main,0.32236690942233376,0.23843234411141007
191,17,1.28980566165402,115.092119405508,23.3065885335438,114.897438746444,23.6120903034716,353.020340406657,351.730534745003,2016.41430392739,2017.70410958904,SC1_OK017824.1,main,main,39.24819460615869,30.42954126579629
197,25,1.24106730473972,112.915609619288,24.7375368074306,112.894994898798,24.9162548375743,353.020340406657,351.779273101917,2016.4630422843,2017.70410958904,SC1_OK017817.1,main,main,19.906038193610065,16.039450977064305
198,28,0.665897155249092,112.940342893722,24.7634934297831,112.874822780186,24.6431818553665,353.020340406657,352.354443251408,2017.03821243379,2017.70410958904,SC1_OK017818.1,main,main,14.884870215690281,22.353106779863477
198,26,0.665897155249092,112.940342893722,24.7634934297831,112.422292606825,24.7190760792589,353.020340406657,352.354443251408,2017.03821243379,2017.70410958904,SC1_OK017821.1,main,main,52.636616745738415,79.04616550891954
200,23,0.583179820611294,112.861043300338,24.8560836665977,112.919614371747,24.8581234167892,353.020340406657,352.437160586045,2017.12092976843,2017.70410958904,SC1_OK017820.1,main,main,5.923885565912647,10.157905600545607
200,24,0.583179820611294,112.861043300338,24.8560836665977,112.899849544861,24.8457509739047,353.020340406657,352.437160586045,2017.12092976843,2017.70410958904,SC1_OK017815.1,main,main,4.085795988085835,7.0060654427361175
271,276,3.79664074323188,125.640611195344,41.7524649657662,124.350316849053,40.3468991666501,353.080807587327,349.284166844095,2013.96793602648,2017.76457676971,,main,main,190.0812143423732,50.06563096106035
145,125,41.2371496921414,102.555468383692,21.7135252816553,102.758692257182,23.5381560292255,353.935408899807,312.698259207666,1977.38202839005,2018.61917808219,SC1_MW703458.1,main,main,203.1346340924538,4.926010541683131
250,251,10.4881183059816,102.883686442742,24.8169582128138,102.862435397306,23.9763229865513,354.162143619481,343.674025313499,2008.35779449588,2018.84591280187,,main,main,93.13706582965587,8.880245541904099
251,252,0.156928309335165,102.862435397306,23.9763229865513,102.840132638117,24.0002429852376,354.319071928816,354.162143619481,2018.84591280187,2019.0028411112,,main,main,3.4885272971401644,22.23006997220255
152,154,48.745675310689,101.879511950441,21.2019808390926,102.089377588043,18.4843159285565,354.422677281821,305.677001971132,1970.36077115352,2019.1064464642,,main,main,301.65419202468604,6.1883272742051645
161,163,42.1343712561506,106.333280053887,25.6885719302566,106.099109540652,27.0693020162887,354.438679753745,312.304308497595,1976.98807767998,2019.12244893613,,main,main,154.75090669967273,3.6727949672936635
178,179,9.60524278391078,114.479566967362,24.8723020656113,114.401330332415,24.9129982357592,354.576898187271,344.97165540336,2009.65542458574,2019.26066736966,,main,main,9.09990763813357,0.947389654051882
153,131,7.47441635805617,101.412762326921,21.496520278239,101.51392529834,21.6475186960773,354.834039036794,347.359622678737,2012.04339186112,2019.51780821918,SC1_EPI_ISL_412977,main,main,19.730880691417394,2.6397888137648104
271,272,5.57137187964615,125.640611195344,41.7524649657662,123.511106822679,41.2557627356212,354.855538723742,349.284166844095,2013.96793602648,2019.53930790613,,main,main,186.1498238470911,33.41184682486388
252,255,0.572484435064637,102.840132638117,24.0002429852376,102.949898123741,24.0446889267194,354.89155636388,354.319071928816,2019.0028411112,2019.57532554626,,main,main,12.203816219456089,21.317289120844315
209,211,2.6345607925014,114.612955201782,28.8292986304733,114.489386897673,28.8018548425281,354.935082973073,352.300522180572,2016.98429136296,2019.61885215546,,main,main,12.439277875230228,4.7215755698769355
189,18,5.43570616564417,115.115275359196,23.6203436578499,115.396516723299,23.9466867949896,354.935408899807,349.499702734163,2014.18347191655,2019.61917808219,SC1_OK017826.1,main,main,46.13078451683859,8.48662218138345
192,16,2.17644077818068,115.103294890222,23.1404904560012,115.249618248199,23.0485273393651,354.935408899807,352.758968121627,2017.44273730401,2019.61917808219,SC1_OK017825.1,main,main,18.123274141263582,8.327023791758352
272,273,0.154059206274354,123.511106822679,41.2557627356212,123.481429130682,41.2432174073045,355.009597930016,354.855538723742,2019.53930790613,2019.6933671124,,main,main,2.851113381678855,18.506608275012745
174,50,42.3123455563946,106.426966656621,25.1294060857323,106.623984526534,24.8042976990068,355.020340406657,312.707994850262,1977.39176403265,2019.70410958904,SC1_OK017859.1,main,main,41.14268087622778,0.9723564206903191
187,15,5.65700803598597,115.09637399103,23.789346930913,113.389397503576,23.8265154534149,355.020340406657,349.363332370671,2014.04710155306,2019.70410958904,SC1_OK017827.1,main,main,173.99234703690746,30.756955961541607
192,19,2.26137228503013,115.103294890222,23.1404904560012,114.892235821048,23.1079201320753,355.020340406657,352.758968121627,2017.44273730401,2019.70410958904,SC1_OK017828.1,main,main,21.917309199489132,9.692039362372
252,253,0.770700300350899,102.840132638117,24.0002429852376,102.8153023835,23.9701943627278,355.089772229167,354.319071928816,2019.0028411112,2019.77354141155,,main,main,4.178659211254853,5.4218990304691905
273,275,0.109683369249258,123.481429130682,41.2432174073045,124.039386702531,41.4611171960472,355.119281299265,355.009597930016,2019.6933671124,2019.80305048165,,main,main,52.59159097851509,479.4855531744241
253,254,0.184252523259502,102.8153023835,23.9701943627278,102.777543022722,24.0319983538768,355.274024752426,355.089772229167,2019.77354141155,2019.95779393481,,main,main,7.8498080801331,42.603530965366474
209,210,3.05957938004378,114.612955201782,28.8292986304733,114.689342280692,29.0390693694451,355.360101560616,352.300522180572,2016.98429136296,2020.043870743,,main,main,24.413642578618607,7.979411398134494
153,132,8.39113916664964,101.412762326921,21.496520278239,101.73534994247,21.2582811821665,355.750761845387,347.359622678737,2012.04339186112,2020.43453102777,SC1_MZ081381.1,main,main,42.603024383881056,5.07714429921573
229,120,11.5260323784839,102.575359847701,25.4342241806872,102.680953804856,25.2014243516582,355.769887528447,344.243855149963,2008.92762433235,2020.45365671083,SC1_OK017858.1,main,main,27.894719429206205,2.420149320531008
251,110,1.60774390896658,102.862435397306,23.9763229865513,102.904805397028,23.9868842196231,355.769887528447,354.162143619481,2018.84591280187,2020.45365671083,SC1_OK017853.1,main,main,4.467685809378585,2.7788541349538116
255,111,0.878331164566775,102.949898123741,24.0446889267194,102.982805776281,24.1054265537452,355.769887528447,354.89155636388,2019.57532554626,2020.45365671083,SC1_OK017855.1,main,main,7.513643035852663,8.554453421402469
255,107,0.878331164566775,102.949898123741,24.0446889267194,102.955855718613,24.046565310358,355.769887528447,354.89155636388,2019.57532554626,2020.45365671083,SC1_OK017852.1,main,main,0.6406292303837742,0.7293709437029436
253,106,0.680115299280513,102.8153023835,23.9701943627278,102.422535377211,23.8264130247442,355.769887528447,355.089772229167,2019.77354141155,2020.45365671083,SC1_OK017856.1,main,main,43.04976275279294,63.29774201276584
254,109,0.495862776021011,102.777543022722,24.0319983538768,102.725691673643,24.0137608429537,355.769887528447,355.274024752426,2019.95779393481,2020.45365671083,SC1_OK017857.1,main,main,5.648558962536414,11.391375266888495
254,108,0.495862776021011,102.777543022722,24.0319983538768,102.814956453723,24.0086860096878,355.769887528447,355.274024752426,2019.95779393481,2020.45365671083,SC1_OK017854.1,main,main,4.599427556552863,9.275605629162962
151,135,71.981837579494,101.912700208735,21.1331532046207,101.092200695086,13.7984925245756,355.819067856316,283.837230276822,1948.52099945921,2020.5028370387,SC1_MW251308.1,main,main,816.4249409407528,11.342096400902856
207,42,7.7016799778588,114.807202262797,29.5387192691522,114.86991468982,29.5395126902164,355.851854741562,348.150174763703,2012.83394394609,2020.53562392395,SC1_OK017802.1,main,main,6.079288913448649,0.7893458220707318
208,43,7.27513649511032,114.887067202193,29.3441593527002,115.009245162741,29.658910166264,355.851854741562,348.576718246452,2013.26048742884,2020.53562392395,SC1_OK017801.1,main,main,36.844823109653156,5.064485475209554
273,274,0.85839650434237,123.481429130682,41.2432174073045,123.338705439282,41.0791616037402,355.867994434358,355.009597930016,2019.6933671124,2020.55176361674,,main,main,21.804652132846925,25.401608723408984
154,134,1.44557090236435,102.089377588043,18.4843159285565,101.92840486913,18.5703500699221,355.868248184185,354.422677281821,2019.1064464642,2020.55201736657,SC1_MZ937002.1,main,main,19.482359323853483,13.477276895922909
154,133,1.45376762367572,102.089377588043,18.4843159285565,102.224799576674,18.4607258742418,355.876444905496,354.422677281821,2019.1064464642,2020.56021408788,SC1_MZ937004.1,main,main,14.539556801480568,10.001293580000505
228,119,25.1613615586994,102.401557945082,25.3536021670495,102.681593381477,25.542967145212,356.021253648666,330.859892089966,1995.54366127235,2020.70502283105,SC1_OK017793.1,main,main,35.11977656720919,1.3957820400647885
276,66,2.9404460613385,124.350316849053,40.3468991666501,124.362029356901,40.3383434299003,356.021253648666,353.080807587327,2017.76457676971,2020.70502283105,SC1_OK017799.1,main,main,1.375833337643157,0.4678995325684952
276,67,2.9404460613385,124.350316849053,40.3468991666501,124.646324560697,40.7006367400834,356.021253648666,353.080807587327,2017.76457676971,2020.70502283105,SC1_OK017794.1,main,main,46.60606260996294,15.849997462203989
272,69,1.16571492492423,123.511106822679,41.2557627356212,123.442510537627,41.3253446620641,356.021253648666,354.855538723742,2019.53930790613,2020.70502283105,SC1_OK017798.1,main,main,9.629835962064117,8.26088416315854
275,72,0.901972349400622,124.039386702531,41.4611171960472,124.070836613633,41.4300815375679,356.021253648666,355.119281299265,2019.80305048165,2020.70502283105,SC1_OK017796.1,main,main,4.334541314565597,4.805625491120636
275,70,0.901972349400622,124.039386702531,41.4611171960472,124.004481825656,41.4460402383229,356.021253648666,355.119281299265,2019.80305048165,2020.70502283105,SC1_OK017795.1,main,main,3.3630197549262513,3.728517572807019
274,68,0.15325921430751,123.338705439282,41.0791616037402,123.433167857409,41.0180574353387,356.021253648666,355.867994434358,2020.55176361674,2020.70502283105,SC1_OK017797.1,main,main,10.446067900056322,68.15947704845075
274,71,0.15325921430751,123.338705439282,41.0791616037402,123.37879637054,41.1155431152053,356.021253648666,355.867994434358,2020.55176361674,2020.70502283105,SC1_OK017800.1,main,main,5.260102582397602,34.32160739023081
178,181,11.2215537641194,114.479566967362,24.8723020656113,115.294580461624,24.9114902385665,356.19320916748,344.97165540336,2009.65542458574,2020.87697834986,,main,main,82.4617388266366,7.348513455445508
146,147,33.3713320762791,111.1046723197,25.367846315992,111.615637439759,25.6628741862058,356.250554607467,322.879222531188,1987.56299171357,2020.93432378985,,main,main,60.8812423539193,1.8243575717852358
182,183,11.4968257186681,114.577283953662,25.0309043599106,117.595168733456,27.0837905318796,356.403844557448,344.90701883878,2009.59078802116,2021.08761373983,,main,main,378.03298040644745,32.88150917975665
170,58,13.8642417781794,112.981622251698,28.843943623157,113.182572486713,29.1860645787142,356.439518488848,342.575276710669,2007.25904589305,2021.12328767123,SC1_OK017833.1,main,main,42.67496892824656,3.0780600635089668
172,55,12.2368665238485,112.541581199242,28.7427436795964,110.861467740755,29.6744567155786,356.439518488848,344.202651965,2008.88642114738,2021.12328767123,SC1_OK017832.1,main,main,193.27636750489933,15.794596364046457
147,129,0.18896388138145,111.615637439759,25.6628741862058,111.677973030166,25.6058520474123,356.439518488848,356.250554607467,2020.93432378985,2021.12328767123,SC1_OK017804.1,main,main,8.893471799161995,47.06440053064574
147,130,0.18896388138145,111.615637439759,25.6628741862058,111.715705024882,25.7023099540954,356.439518488848,356.250554607467,2020.93432378985,2021.12328767123,SC1_OK017803.1,main,main,10.954212135496974,57.96987263076146
179,180,1.92473399033912,114.401330332415,24.9129982357592,114.647402920272,25.1026109122065,356.50163217761,354.576898187271,2019.26066736966,2021.18540135999,,main,main,32.5294522707843,16.90075222553373
162,61,36.8243419076659,108.070435978404,23.0041349258811,109.309519801476,25.779745993873,356.516230817615,319.69188890995,1984.37565809233,2021.2,SC1_OK017829.1,main,main,332.13254429011215,9.01937487770747
148,126,27.3546433117282,110.96544374748,25.2602693176822,111.386013542864,25.9180877506539,356.516230817615,329.161587505887,1993.84535668827,2021.2,SC1_OK017805.1,main,main,84.2368363794984,3.079434647330319
171,57,19.3974016803876,112.531834998012,28.8661457823485,112.351873345941,28.8949963845625,356.516230817615,337.118829137228,2001.80259831961,2021.2,SC1_OK017834.1,main,main,17.8442223545579,0.9199284857105323
170,59,13.9409541069465,112.981622251698,28.843943623157,112.277544869648,28.0918817649203,356.516230817615,342.575276710669,2007.25904589305,2021.2,SC1_OK017835.1,main,main,108.17293433164087,7.759363778246746
163,63,2.07755106387024,106.099109540652,27.0693020162887,106.058199008359,27.1440676056886,356.516230817615,354.438679753745,2019.12244893613,2021.2,SC1_OK017831.1,main,main,9.224349134385514,4.44001078712434
163,64,2.07755106387024,106.099109540652,27.0693020162887,108.52593989125,26.8642661321611,356.516230817615,354.438679753745,2019.12244893613,2021.2,SC1_OK017830.1,main,main,242.01028703842093,116.4882496739134
183,184,0.169504354299867,117.595168733456,27.0837905318796,117.573544652067,27.0582042666594,356.573348911748,356.403844557448,2021.08761373983,2021.25711809413,,main,main,3.5550605061883305,20.973269511998136
149,124,22.9867491365828,110.270393748334,24.2311267645824,104.486189975946,24.3663902119854,356.641162324465,333.654413187882,1998.33818237027,2021.32493150685,SC1_OK017806.1,main,main,587.3349437598516,25.55102247255675
185,37,9.68730273587449,114.411524247198,24.9012110762076,117.713026904664,25.431473879029,356.683354105287,346.996051369412,2011.6798205518,2021.36712328767,SC1_OK017808.1,main,main,337.9702952129404,34.887966694934846
183,41,0.279509547838609,117.595168733456,27.0837905318796,117.743542979366,27.1343750369628,356.683354105287,356.403844557448,2021.08761373983,2021.36712328767,SC1_OK017810.1,main,main,15.744137232172047,56.327726025526815
184,40,0.110005193538742,117.573544652067,27.0582042666594,117.638944279688,27.1163551101697,356.683354105287,356.573348911748,2021.25711809413,2021.36712328767,SC1_OK017809.1,main,main,9.142666021998528,83.11122164226394
184,39,0.110005193538742,117.573544652067,27.0582042666594,117.555459408399,27.0921313542661,356.683354105287,356.573348911748,2021.25711809413,2021.36712328767,SC1_OK017811.1,main,main,4.165345623813117,37.86499064106597
172,54,12.6478254279583,112.541581199242,28.7427436795964,115.52817252089,29.7648895056463,356.850477392958,344.202651965,2008.88642114738,2021.53424657534,SC1_OK017860.1,main,main,311.6067829034198,24.63718246890142
206,38,7.3250114869119,118.124798741022,30.0693280888584,118.040949975269,28.9457924715808,356.850477392958,349.525465906046,2014.20923508843,2021.53424657534,SC1_OK017844.1,main,main,124.80247551525204,17.037853898010287
206,48,7.3250114869119,118.124798741022,30.0693280888584,117.769378159643,29.8747553482701,356.850477392958,349.525465906046,2014.20923508843,2021.53424657534,SC1_OK017807.1,main,main,40.52026749226147,5.531768457245672
179,36,2.2735792056869,114.401330332415,24.9129982357592,114.50958070691,24.8492131880197,356.850477392958,354.576898187271,2019.26066736966,2021.53424657534,SC1_OK017841.1,main,main,13.021902638430289,5.727490208328183
211,45,1.91539441988481,114.489386897673,28.8018548425281,114.212987849615,29.0262835747371,356.850477392958,354.935082973073,2019.61885215546,2021.53424657534,SC1_OK017840.1,main,main,36.677878077843296,19.148994952198443
211,44,1.91539441988481,114.489386897673,28.8018548425281,114.584127799936,28.7945906363625,356.850477392958,354.935082973073,2019.61885215546,2021.53424657534,SC1_OK017845.1,main,main,9.28429520791937,4.8471975857994405
210,47,1.49037583234243,114.689342280692,29.0390693694451,114.660764839081,28.9733263050568,356.850477392958,355.360101560616,2020.043870743,2021.53424657534,SC1_OK017836.1,main,main,7.800555271029806,5.233951800445959
210,46,1.49037583234243,114.689342280692,29.0390693694451,114.674069205637,29.061739605097,356.850477392958,355.360101560616,2020.043870743,2021.53424657534,SC1_OK017837.1,main,main,2.9199630972732233,1.9592125918224967
181,32,0.657268225478303,115.294580461624,24.9114902385665,115.363409660201,24.9406817867888,356.850477392958,356.19320916748,2020.87697834986,2021.53424657534,SC1_OK017843.1,main,main,7.667654997532655,11.665945043901672
181,33,0.657268225478303,115.294580461624,24.9114902385665,115.339177084144,24.9220881123865,356.850477392958,356.19320916748,2020.87697834986,2021.53424657534,SC1_OK017842.1,main,main,4.655503565307635,7.083110646220212
180,34,0.348845215347777,114.647402920272,25.1026109122065,114.581262502068,24.61292927358,356.850477392958,356.50163217761,2021.18540135999,2021.53424657534,SC1_OK017839.1,main,main,54.6527435862732,156.6676026552
180,35,0.348845215347777,114.647402920272,25.1026109122065,114.900416054977,25.0511498572401,356.850477392958,356.50163217761,2021.18540135999,2021.53424657534,SC1_OK017838.1,main,main,26.154570518968157,74.97471476824951
247,116,14.2740412117113,102.819743100729,24.8759135959315,109.69687752932518,21.653213622305273,338.26965547515,323.995614263438,1988.67938344582,2002.95342465753,SC1_AY394995.1,,,788.8297692191712,55.263240277880584
