node1,node2,length,startLon,startLat,endLon,endLat,endNodeL,startNodeL,startYear,endYear,tipLabel,startClade,endClade
141,142,116.862529255691,103.091246900276,25.2807727652007,102.914415213486,25.2796565687858,116.862529255691,0,1709.55525531891,1826.4177845746,NA,main,main
142,180,16.7372816728949,102.914415213486,25.2796565687858,102.992334953561,25.1793808509124,133.599810928586,116.862529255691,1826.4177845746,1843.15506624749,NA,main,main
141,192,155.082949382825,103.091246900276,25.2807727652007,103.577938861869,25.5545452442576,155.082949382825,0,1709.55525531891,1864.63820470173,NA,main,main
142,143,98.4500620034775,102.914415213486,25.2796565687858,102.953178753355,25.2760621015203,215.312591259169,116.862529255691,1826.4177845746,1924.86784657808,NA,main,main
192,193,73.5844101125338,103.577938861869,25.5545452442576,103.143821133571,24.5550113623114,228.667359495359,155.082949382825,1864.63820470173,1938.22261481427,NA,main,main
193,194,11.4640193155466,103.143821133571,24.5550113623114,103.133328901051,24.2492669749549,240.131378810906,228.667359495359,1938.22261481427,1949.68663412981,NA,main,main
192,267,90.2767418851099,103.577938861869,25.5545452442576,103.474445563813,23.7623659574206,245.359691267935,155.082949382825,1864.63820470173,1954.91494658684,NA,main,main
143,151,35.414303388136,102.953178753355,25.2760621015203,102.552874386921,24.9757593181732,250.726894647305,215.312591259169,1924.86784657808,1960.28214996621,NA,main,main
151,156,6.51022263902141,102.552874386921,24.9757593181732,102.554823077353,24.8330812519974,257.237117286326,250.726894647305,1960.28214996621,1966.79237260523,NA,main,main
156,157,6.60805642779106,102.554823077353,24.8330812519974,102.416566667822,24.8979945219972,263.845173714117,257.237117286326,1966.79237260523,1973.40042903302,NA,main,main
194,195,28.5078324940535,103.133328901051,24.2492669749549,110.766251785764,29.8314712675047,268.639211304959,240.131378810906,1949.68663412981,1978.19446662387,NA,main,main
180,183,139.142801261611,102.992334953561,25.1793808509124,140.103394562819,38.8189810873188,272.742612190197,133.599810928586,1843.15506624749,1982.2978675091,NA,main,main
157,158,8.98973437294456,102.416566667822,24.8979945219972,102.104470960734,24.7473001035014,272.834908087062,263.845173714117,1973.40042903302,1982.39016340597,NA,main,main
267,268,29.7576438621554,103.474445563813,23.7623659574206,103.519649626714,23.9588661425662,275.11733513009,245.359691267935,1954.91494658684,1984.672590449,NA,main,main
195,196,6.76467040269151,110.766251785764,29.8314712675047,110.2250398728,29.8103022987516,275.403881707651,268.639211304959,1978.19446662387,1984.95913702656,NA,main,main
143,144,60.2967099797042,102.953178753355,25.2760621015203,103.020754572919,25.0633975474559,275.609301238873,215.312591259169,1924.86784657808,1985.16455655778,NA,main,main
157,167,13.8499908915657,102.416566667822,24.8979945219972,112.065591270372,26.1240992703906,277.695164605683,263.845173714117,1973.40042903302,1987.25041992459,NA,main,main
196,197,3.76495033877571,110.2250398728,29.8103022987516,109.828970811601,33.8653566042561,279.168832046426,275.403881707651,1984.95913702656,1988.72408736533,NA,main,main
194,238,40.6058874158284,103.133328901051,24.2492669749549,102.996080090815,24.4312701523508,280.737266226734,240.131378810906,1949.68663412981,1990.29252154564,NA,main,main
144,145,6.47857603146853,103.020754572919,25.0633975474559,102.389543633868,24.7670631197683,282.087877270342,275.609301238873,1985.16455655778,1991.64313258925,NA,main,main
197,198,4.22769585767974,109.828970811601,33.8653566042561,109.193557546128,32.928336529131,283.396527904106,279.168832046426,1988.72408736533,1992.95178322301,NA,main,main
195,208,15.4384363395693,110.766251785764,29.8314712675047,116.178866417021,26.9438189070963,284.077647644528,268.639211304959,1978.19446662387,1993.63290296344,NA,main,main
208,209,2.82191579386017,116.178866417021,26.9438189070963,114.966243243365,22.6920229119762,286.899563438389,284.077647644528,1993.63290296344,1996.4548187573,NA,main,main
197,201,7.77140248893978,109.828970811601,33.8653566042561,113.72372932083,27.0389681167466,286.940234535366,279.168832046426,1988.72408736533,1996.49548985427,NA,main,main
198,200,4.63883752484927,109.193557546128,32.928336529131,109.019720468264,32.6935309874325,288.035365428955,283.396527904106,1992.95178322301,1997.59062074786,NA,main,main
209,210,1.41447614345115,114.966243243365,22.6920229119762,114.114265699823,22.1462786242181,288.31403958184,286.899563438389,1996.4548187573,1997.86929490075,NA,main,main
183,184,15.7903075762508,140.103394562819,38.8189810873188,125.679461128696,41.2617305843015,288.532919766448,272.742612190197,1982.2978675091,1998.08817508536,NA,main,main
238,239,8.00550533743386,102.996080090815,24.4312701523508,103.391468798526,24.7928949825257,288.742771564168,280.737266226734,1990.29252154564,1998.29802688308,NA,main,main
208,230,6.8974918113407,116.178866417021,26.9438189070963,116.252884004649,27.0077191692141,290.975139455869,284.077647644528,1993.63290296344,2000.53039477478,NA,main,main
158,159,18.2620470985662,102.104470960734,24.7473001035014,102.180944680763,25.1647733648782,291.096955185628,272.834908087062,1982.39016340597,2000.65221050454,NA,main,main
201,202,4.2150057171176,113.72372932083,27.0389681167466,108.707486246531,22.724891103945,291.155240252484,286.940234535366,1996.49548985427,2000.71049557139,NA,main,main
159,161,1.65151532575475,102.180944680763,25.1647733648782,109.850923155197,30.1802463371684,292.748470511383,291.096955185628,2000.65221050454,2002.30372583029,NA,main,main
268,273,17.6966434462147,103.519649626714,23.9588661425662,103.627165450726,24.1017309166579,292.813978576305,275.11733513009,1984.672590449,2002.36923389521,NA,main,main
239,263,4.17047699331486,103.391468798526,24.7928949825257,104.525653409092,25.6147300241326,292.913248557483,288.742771564168,1998.29802688308,2002.46850387639,NA,main,main
184,185,5.04001506964599,125.679461128696,41.2617305843015,124.877789861904,42.108781140437,293.572934836094,288.532919766448,1998.08817508536,2003.128190155,NA,main,main
198,199,10.6047025230628,109.193557546128,32.928336529131,110.965852710318,30.4907806343314,294.001230427169,283.396527904106,1992.95178322301,2003.55648574608,NA,main,main
210,212,5.99006732458258,114.114265699823,22.1462786242181,114.148688135029,22.3074701351793,294.304106906422,288.31403958184,1997.86929490075,2003.85936222533,NA,main,main
199,65,0.481870418307107,110.965852710318,30.4907806343314,110.936186852513,30.5171711621787,294.483100845476,294.001230427169,2003.55648574608,2004.03835616438,SC1_DQ648857.1,main,main
239,240,5.76530349685697,103.391468798526,24.7928949825257,103.339164524006,25.1785740096926,294.508075061025,288.742771564168,1998.29802688308,2004.06333037993,NA,main,main
212,214,0.321641736624905,114.148688135029,22.3074701351793,114.248019217073,22.2727587143468,294.625748643047,294.304106906422,2003.85936222533,2004.18100396195,NA,main,main
201,204,7.68829706501488,113.72372932083,27.0389681167466,113.64898269227,26.9894203134881,294.628531600381,286.940234535366,1996.49548985427,2004.18378691929,NA,main,main
214,215,0.281238040307571,114.248019217073,22.2727587143468,114.244110559255,22.2792602699691,294.906986683355,294.625748643047,2004.18100396195,2004.46224200226,NA,main,main
215,216,0.406720878345293,114.244110559255,22.2792602699691,114.07128861414,22.2406467256888,295.3137075617,294.906986683355,2004.46224200226,2004.86896288061,NA,main,main
161,16,2.56796366742628,109.850923155197,30.1802463371684,111.087041153101,30.8202526243395,295.316434178809,292.748470511383,2002.30372583029,2004.87168949772,SC1_DQ412042.1,main,main
199,66,1.31520375164036,110.965852710318,30.4907806343314,111.054306653431,30.5618409663849,295.316434178809,294.001230427169,2003.55648574608,2004.87168949772,SC1_DQ412043.1,main,main
202,55,4.2431611394405,108.707486246531,22.724891103945,108.522001838638,22.7916174736801,295.398401391924,291.155240252484,2000.71049557139,2004.95365671083,SC1_DQ071615.1,main,main
214,220,0.80011501923412,114.248019217073,22.2727587143468,114.2465821342,22.2803680727285,295.425863662281,294.625748643047,2004.18100396195,2004.98111898119,NA,main,main
240,241,0.978443852476143,103.339164524006,25.1785740096926,103.430387272679,25.3661709086174,295.486518913501,294.508075061025,2004.06333037993,2005.04177423241,NA,main,main
215,219,0.590908675937342,114.244110559255,22.2792602699691,114.158821803532,22.5241809675358,295.497895359292,294.906986683355,2004.46224200226,2005.0531506782,NA,main,main
167,168,17.9116667316219,112.065591270372,26.1240992703906,111.396937864252,24.1009185197004,295.606831337305,277.695164605683,1987.25041992459,2005.16208665621,NA,main,main
219,78,0.113972609471457,114.158821803532,22.5241809675358,114.099651151997,22.3354722191378,295.611867968764,295.497895359292,2005.0531506782,2005.16712328767,SC1_DQ022305.2,main,main
220,85,0.205182388673979,114.2465821342,22.2803680727285,114.293436323502,22.2473668205101,295.631046050955,295.425863662281,2004.98111898119,2005.18630136986,SC1_DQ084199.1,main,main
219,86,0.190684938238601,114.158821803532,22.5241809675358,114.086997335693,22.5335331800712,295.688580297531,295.497895359292,2005.0531506782,2005.24383561644,SC1_DQ084200.1,main,main
151,152,45.0893576934077,102.552874386921,24.9757593181732,102.711509701094,25.0411147507031,295.816252340713,250.726894647305,1960.28214996621,2005.37150765962,NA,main,main
220,221,0.582816734812933,114.2465821342,22.2803680727285,114.214921708389,22.2497783029485,296.008680397094,295.425863662281,2004.98111898119,2005.563935716,NA,main,main
210,211,7.77900098470406,114.114265699823,22.1462786242181,114.313702557551,22.321493181587,296.093040566544,288.31403958184,1997.86929490075,2005.64829588545,NA,main,main
212,213,1.86842287518661,114.148688135029,22.3074701351793,114.032118686735,22.3677922727952,296.172529781609,294.304106906422,2003.85936222533,2005.72778510052,NA,main,main
216,217,0.861512867288958,114.07128861414,22.2406467256888,114.140447272775,22.2954474095463,296.175220428989,295.3137075617,2004.86896288061,2005.7304757479,NA,main,main
213,83,0.0283792830451421,114.032118686735,22.3677922727952,114.046538562145,22.3804056555328,296.200909064654,296.172529781609,2005.72778510052,2005.75616438356,SC1_GQ153539.1,main,main
217,82,0.025688635665027,114.140447272775,22.2954474095463,114.177224875946,22.3907756660227,296.200909064654,296.175220428989,2005.7304757479,2005.75616438356,SC1_GQ153540.1,main,main
213,84,0.266735447428646,114.032118686735,22.3677922727952,114.034154582996,22.3270924682497,296.439265229038,296.172529781609,2005.72778510052,2005.99452054795,SC1_GQ153541.1,main,main
263,125,3.56985228799333,104.525653409092,25.6147300241326,104.519224139079,25.5476390922663,296.483100845476,292.913248557483,2002.46850387639,2006.03835616438,SC1_FJ588686.1,main,main
216,218,1.25994194051452,114.07128861414,22.2406467256888,114.106480969239,22.2777479655274,296.573649502215,295.3137075617,2004.86896288061,2006.12890482112,NA,main,main
211,87,0.513347950165084,114.313702557551,22.321493181587,114.213815048482,22.1401750007648,296.606388516709,296.093040566544,2005.64829588545,2006.16164383562,SC1_GQ153543.1,main,main
211,88,0.513347950165084,114.313702557551,22.321493181587,114.255171324639,22.5709977987581,296.606388516709,296.093040566544,2005.64829588545,2006.16164383562,SC1_GQ153542.1,main,main
221,81,1.12921496892967,114.214921708389,22.2497783029485,114.27695494761,22.2965688987931,297.137895366024,296.008680397094,2005.563935716,2006.69315068493,SC1_GQ153544.1,main,main
221,76,1.12921496892967,114.214921708389,22.2497783029485,114.291076624322,22.4481942789363,297.137895366024,296.008680397094,2005.563935716,2006.69315068493,SC1_GQ153545.1,main,main
161,162,4.54955809980695,109.850923155197,30.1802463371684,112.525652858605,34.9274420842749,297.29802861119,292.748470511383,2002.30372583029,2006.8532839301,NA,main,main
241,242,1.83217145703806,103.430387272679,25.3661709086174,103.023962203769,25.2134196642524,297.318690370539,295.486518913501,2005.04177423241,2006.87394568945,NA,main,main
193,266,68.7418002315296,103.143821133571,24.5550113623114,99.277594107862,25.1942100259446,297.409159726889,228.667359495359,1938.22261481427,2006.9644150458,NA,main,main
218,77,1.0875335350421,114.106480969239,22.2777479655274,114.277630155425,22.2929394614643,297.661183037257,296.573649502215,2006.12890482112,2007.21643835616,SC1_GQ153546.1,main,main
218,80,1.27657463093249,114.106480969239,22.2777479655274,113.986983267315,22.4091828529933,297.850224133147,296.573649502215,2006.12890482112,2007.40547945205,SC1_GQ153547.1,main,main
217,79,2.17911329319931,114.140447272775,22.2954474095463,114.162081039529,22.0837994872491,298.354333722188,296.175220428989,2005.7304757479,2007.9095890411,SC1_GQ153548.1,main,main
185,186,6.01593910363806,124.877789861904,42.108781140437,124.825050744496,42.4276257904997,299.588873939732,293.572934836094,2003.128190155,2009.14412925864,NA,main,main
230,233,8.66460347809614,116.252884004649,27.0077191692141,115.678904294827,26.9457252268234,299.639742933965,290.975139455869,2000.53039477478,2009.19499825287,NA,main,main
152,153,4.13366736830889,102.711509701094,25.0411147507031,102.71097964978,25.0106383671769,299.949919709022,295.816252340713,2005.37150765962,2009.50517502793,NA,main,main
242,243,2.76529644842704,103.023962203769,25.2134196642524,102.973779167598,25.1562843523856,300.083986818966,297.318690370539,2006.87394568945,2009.63924213787,NA,main,main
162,163,2.95387975129043,112.525652858605,34.9274420842749,112.671828788728,34.8525504186382,300.25190836248,297.29802861119,2006.8532839301,2009.80716368139,NA,main,main
243,244,0.506327424057041,102.973779167598,25.1562843523856,102.877137088615,25.0473427998886,300.590314243023,300.083986818966,2009.63924213787,2010.14556956193,NA,main,main
244,246,0.411259554943799,102.877137088615,25.0473427998886,102.962958635785,25.1124287133828,301.001573797967,300.590314243023,2010.14556956193,2010.55682911687,NA,main,main
246,247,0.303904400731367,102.962958635785,25.1124287133828,103.031755010684,25.0530627828524,301.305478198698,301.001573797967,2010.55682911687,2010.86073351761,NA,main,main
209,222,14.5586582520602,114.966243243365,22.6920229119762,114.84557391514,23.4337863014628,301.458221690449,286.899563438389,1996.4548187573,2011.01347700936,NA,main,main
242,254,4.15334614035431,103.023962203769,25.2134196642524,102.90583110673,25.05318102646,301.472036510893,297.318690370539,2006.87394568945,2011.0272918298,NA,main,main
266,52,4.07394111858746,99.277594107862,25.1942100259446,99.4497527461188,25.4103716178557,301.483100845476,297.409159726889,2006.9644150458,2011.03835616438,SC1_JX993988.1,main,main
266,53,4.07394111858746,99.277594107862,25.1942100259446,99.1632240415788,25.2209452772062,301.483100845476,297.409159726889,2006.9644150458,2011.03835616438,SC1_KF569996.1,main,main
246,248,0.557789679282504,102.962958635785,25.1124287133828,102.919691249664,25.035450818213,301.559363477249,301.001573797967,2010.55682911687,2011.11461879616,NA,main,main
233,235,1.9416026074426,115.678904294827,26.9457252268234,119.111864099161,27.8466194827709,301.581345541408,299.639742933965,2009.19499825287,2011.13660086032,NA,main,main
268,269,26.6546148369598,103.519649626714,23.9588661425662,113.080962167777,26.7338831458426,301.77194996705,275.11733513009,1984.672590449,2011.32720528596,NA,main,main
247,116,0.468033605681985,103.031755010684,25.0530627828524,103.026044757474,25.1221055966275,301.77351180438,301.305478198698,2010.86073351761,2011.32876712329,SC1_KC881005.1,main,main
263,264,8.92807414026376,104.525653409092,25.6147300241326,110.807849974025,21.9531233189806,301.841322697746,292.913248557483,2002.46850387639,2011.39657801665,NA,main,main
153,154,2.10439067906415,102.71097964978,25.0106383671769,105.583045801707,24.9696976613013,302.054310388086,299.949919709022,2009.50517502793,2011.60956570699,NA,main,main
254,255,0.666044670561968,102.90583110673,25.05318102646,102.846732783396,24.9916808616222,302.138081181455,301.472036510893,2011.0272918298,2011.69333650036,NA,main,main
200,63,14.1134888411783,109.019720468264,32.6935309874325,109.034590837441,32.8263378051069,302.148854270134,288.035365428955,1997.59062074786,2011.70410958904,SC1_JX993987.1,main,main
244,245,1.77396957574196,102.877137088615,25.0473427998886,102.872935595314,24.852714244169,302.364283818765,300.590314243023,2010.14556956193,2011.91953913767,NA,main,main
156,9,45.2459835591496,102.554823077353,24.8330812519974,98.3334428854553,24.3826941357102,302.483100845476,257.237117286326,1966.79237260523,2012.03835616438,SC1_KU973692.1,main,main
185,49,8.91016600938225,124.877789861904,42.108781140437,125.500391609255,42.3329891193297,302.483100845476,293.572934836094,2003.128190155,2012.03835616438,SC1_KJ473811.1,main,main
163,14,2.23119248299564,112.671828788728,34.8525504186382,112.587473606561,34.8402915016194,302.483100845476,300.25190836248,2009.80716368139,2012.03835616438,SC1_KY770860.1,main,main
235,67,0.901755304068125,119.111864099161,27.8466194827709,119.207262129994,27.9741986126545,302.483100845476,301.581345541408,2011.13660086032,2012.03835616438,SC1_KF294457.1,main,main
255,109,0.558134418119089,102.846732783396,24.9916808616222,102.983914043734,24.7730082711058,302.696215599574,302.138081181455,2011.69333650036,2012.25147091848,SC1_KC881006.1,main,main
168,169,7.13218186978343,111.396937864252,24.1009185197004,114.713281001628,25.004033541621,302.739013207088,295.606831337305,2005.16208665621,2012.294268526,NA,main,main
169,170,0.181367336778111,114.713281001628,25.004033541621,114.580453288818,25.1177668422333,302.920380543867,302.739013207088,2012.294268526,2012.47563586277,NA,main,main
243,253,2.84715068112237,102.973779167598,25.1562843523856,102.983132196734,25.2679355846487,302.931137500088,300.083986818966,2009.63924213787,2012.486392819,NA,main,main
248,249,1.52120589445358,102.919691249664,25.035450818213,102.768878725342,24.7847045446961,303.080569371703,301.559363477249,2011.11461879616,2012.63582469061,NA,main,main
255,256,0.955386612726208,102.846732783396,24.9916808616222,102.649126991279,25.0636799061451,303.093467794181,302.138081181455,2011.69333650036,2012.64872311309,NA,main,main
256,102,0.0562997179612807,102.649126991279,25.0636799061451,102.636695797194,25.0802767602296,303.149767512143,303.093467794181,2012.64872311309,2012.70502283105,SC1_KF367457.1,main,main
144,41,27.5869143607011,103.020754572919,25.0633975474559,103.008563341845,25.0342673582434,303.196215599574,275.609301238873,1985.16455655778,2012.75147091848,SC1_KY417144.1,main,main
152,4,7.37996325886167,102.711509701094,25.0411147507031,102.573613045777,24.7648365858366,303.196215599574,295.816252340713,2005.37150765962,2012.75147091848,SC1_KY417145.1,main,main
247,115,1.89073740087612,103.031755010684,25.0530627828524,103.011788805594,25.0124083297116,303.196215599574,301.305478198698,2010.86073351761,2012.75147091848,SC1_KY417143.1,main,main
163,164,3.01714466222782,112.671828788728,34.8525504186382,113.618217807319,37.3960914426269,303.269053024708,300.25190836248,2009.80716368139,2012.82430834362,NA,main,main
154,155,1.26357693074341,105.583045801707,24.9696976613013,105.487020111512,24.9855182392556,303.317887318829,302.054310388086,2011.60956570699,2012.87314263774,NA,main,main
249,250,0.251184247377362,102.768878725342,24.7847045446961,102.780284407172,24.755226714235,303.33175361908,303.080569371703,2012.63582469061,2012.88700893799,NA,main,main
183,51,30.740488655279,140.103394562819,38.8189810873188,141.425933750231,39.4093827999874,303.483100845476,272.742612190197,1982.2978675091,2013.03835616438,SC1_LC556375.1,main,main
196,64,28.0792191378254,110.2250398728,29.8103022987516,110.245917881329,29.931920804447,303.483100845476,275.403881707651,1984.95913702656,2013.03835616438,SC1_KJ473814.1,main,main
168,25,7.87626950817091,111.396937864252,24.1009185197004,111.79603706563,24.346630851266,303.483100845476,295.606831337305,2005.16208665621,2013.03835616438,SC1_KJ473815.1,main,main
153,5,3.53318113645444,102.71097964978,25.0106383671769,102.629515244267,25.0476058802661,303.483100845476,299.949919709022,2009.50517502793,2013.03835616438,SC1_KJ473816.1,main,main
164,13,0.214047820767819,113.618217807319,37.3960914426269,113.610042069994,37.0725214906328,303.483100845476,303.269053024708,2012.82430834362,2013.03835616438,SC1_KJ473813.1,main,main
164,15,0.214047820767819,113.618217807319,37.3960914426269,114.206024322806,37.3109080916284,303.483100845476,303.269053024708,2012.82430834362,2013.03835616438,SC1_KJ473812.1,main,main
155,6,0.165213526646882,105.487020111512,24.9855182392556,105.587719210485,25.1152097677831,303.483100845476,303.317887318829,2012.87314263774,2013.03835616438,SC1_KY770859.1,main,main
155,7,0.165213526646882,105.487020111512,24.9855182392556,105.405181612772,24.8778465457968,303.483100845476,303.317887318829,2012.87314263774,2013.03835616438,SC1_KY770858.1,main,main
159,160,12.4245328907896,102.180944680763,25.1647733648782,102.011559659856,25.1291665899579,303.521488076418,291.096955185628,2000.65221050454,2013.07674339533,NA,main,main
248,252,1.9724184624086,102.919691249664,25.035450818213,102.727572718312,24.9901314433255,303.531781939658,301.559363477249,2011.11461879616,2013.08703725857,NA,main,main
169,173,0.839445273864081,114.713281001628,25.004033541621,115.520240783643,24.5592575205346,303.578458480953,302.739013207088,2012.294268526,2013.13371379986,NA,main,main
241,262,8.13569780715394,103.430387272679,25.3661709086174,102.388035024101,25.0356513804592,303.622216720655,295.486518913501,2005.04177423241,2013.17747203956,NA,main,main
273,274,10.8639065742299,103.627165450726,24.1017309166579,102.903997495143,23.2772266939678,303.677885150535,292.813978576305,2002.36923389521,2013.23314046944,NA,main,main
245,113,1.40922798561519,102.872935595314,24.852714244169,102.987198237921,24.7735089288943,303.77351180438,302.364283818765,2011.91953913767,2013.32876712329,SC1_KY417149.1,main,main
256,101,0.680044010198742,102.649126991279,25.0636799061451,102.621914040895,25.0723571150887,303.77351180438,303.093467794181,2012.64872311309,2013.32876712329,SC1_KY417147.1,main,main
250,117,0.441758185299911,102.780284407172,24.755226714235,102.625903054897,24.6923048781482,303.77351180438,303.33175361908,2012.88700893799,2013.32876712329,SC1_KY417148.1,main,main
252,120,0.241729864722251,102.727572718312,24.9901314433255,102.698903031651,24.9645650820896,303.77351180438,303.531781939658,2013.08703725857,2013.32876712329,SC1_KY417146.1,main,main
250,251,0.511239866745086,102.780284407172,24.755226714235,102.884548194974,24.7947164452019,303.842993485825,303.33175361908,2012.88700893799,2013.39824880473,NA,main,main
160,10,0.350653864948612,102.011559659856,25.1291665899579,101.858486796107,24.986952183228,303.872141941366,303.521488076418,2013.07674339533,2013.42739726027,SC1_KP886808.1,main,main
160,11,0.350653864948612,102.011559659856,25.1291665899579,101.94427933624,25.129990873984,303.872141941366,303.521488076418,2013.07674339533,2013.42739726027,SC1_KP886809.1,main,main
173,175,0.401772932800269,115.520240783643,24.5592575205346,115.484872379664,24.5263928549357,303.980231413753,303.578458480953,2013.13371379986,2013.53548673266,NA,main,main
249,118,0.953216405279862,102.768878725342,24.7847045446961,102.763955194571,24.6997609883557,304.033785776983,303.080569371703,2012.63582469061,2013.58904109589,SC1_KY417150.1,main,main
251,119,0.190792291157415,102.884548194974,24.7947164452019,102.910313412949,24.816520993209,304.033785776983,303.842993485825,2013.39824880473,2013.58904109589,SC1_KT444582.1,main,main
184,50,15.5310029968364,125.679461128696,41.2617305843015,125.867138076008,41.4992773848547,304.063922763284,288.532919766448,1998.08817508536,2013.61917808219,SC1_KU182964.1,main,main
173,174,0.641705895354761,115.520240783643,24.5592575205346,115.5117706155,24.5746456740767,304.220164376307,303.578458480953,2013.13371379986,2013.77541969521,NA,main,main
254,257,2.74907757908333,102.90583110673,25.05318102646,102.73595690332,25.0922154948076,304.221114089977,301.472036510893,2011.0272918298,2013.77636940888,NA,main,main
257,258,0.124539504539642,102.73595690332,25.0922154948076,102.745064032389,25.0957200911012,304.345653594516,304.221114089977,2013.77636940888,2013.90090891342,NA,main,main
222,223,2.9383765314131,114.84557391514,23.4337863014628,114.746499589369,23.4975328226959,304.396598221862,301.458221690449,2011.01347700936,2013.95185354077,NA,main,main
186,188,5.13258849301564,124.825050744496,42.4276257904997,124.910336428899,42.5596061848724,304.721462432747,299.588873939732,2009.14412925864,2014.27671775165,NA,main,main
245,114,2.47772113630003,102.872935595314,24.852714244169,103.001129399791,25.1270494797542,304.842004955065,302.364283818765,2011.91953913767,2014.39726027397,SC1_KY417142.1,main,main
170,171,2.16329756025347,114.580453288818,25.1177668422333,114.130047600397,24.8418546020882,305.08367810412,302.920380543867,2012.47563586277,2014.63893342303,NA,main,main
253,111,2.36292224949723,102.983132196734,25.2679355846487,102.968969534253,24.8510194529451,305.294059749586,302.931137500088,2012.486392819,2014.84931506849,SC1_KY417151.1,main,main
258,259,1.11332232752186,102.745064032389,25.0957200911012,102.939128052457,24.9338759666966,305.458975922038,304.345653594516,2013.90090891342,2015.01423124095,NA,main,main
269,270,3.81461029066865,113.080962167777,26.7338831458426,122.027831614525,29.792136660407,305.586560257719,301.77194996705,2011.32720528596,2015.14181557663,NA,main,main
230,231,14.6966329383457,116.252884004649,27.0077191692141,114.662124743566,29.8957413740146,305.671772394215,290.975139455869,2000.53039477478,2015.22702771312,NA,main,main
258,260,1.33764982227563,102.745064032389,25.0957200911012,102.817070545791,25.1258047898788,305.683303416792,304.345653594516,2013.90090891342,2015.2385587357,NA,main,main
270,131,0.392430998716051,122.027831614525,29.792136660407,122.03255582547,29.780778929006,305.978991256435,305.586560257719,2015.14181557663,2015.53424657534,SC1_MG772934.1,main,main
269,271,4.259687990293,113.080962167777,26.7338831458426,112.580759710011,27.7554544529581,306.031637957343,301.77194996705,2011.32720528596,2015.58689327625,NA,main,main
251,121,2.42914845554092,102.884548194974,24.7947164452019,102.892475623901,24.8661781156562,306.272141941366,303.842993485825,2013.39824880473,2015.82739726027,SC1_KY417152.1,main,main
188,189,1.73180454915807,124.910336428899,42.5596061848724,124.550040053741,41.7386321416187,306.453266981905,304.721462432747,2014.27671775165,2016.00852230081,NA,main,main
204,205,11.8248721260842,113.64898269227,26.9894203134881,113.803319115919,26.5775952353158,306.453403726465,294.628531600381,2004.18378691929,2016.00865904537,NA,main,main
274,275,2.81226163387131,102.903997495143,23.2772266939678,102.950638343226,23.2197349369773,306.490146784406,303.677885150535,2013.23314046944,2016.04540210331,NA,main,main
175,176,2.53881133475146,115.484872379664,24.5263928549357,115.379164859412,24.4786356291056,306.519042748504,303.980231413753,2013.53548673266,2016.07429806741,NA,main,main
260,261,0.948549296628008,102.817070545791,25.1258047898788,102.785196647242,25.115687710078,306.63185271342,305.683303416792,2015.2385587357,2016.18710803233,NA,main,main
162,12,9.47742196106198,112.525652858605,34.9274420842749,126.981450739885,35.2499246096384,306.775450572252,297.29802861119,2006.8532839301,2016.33070589116,SC1_KY938558.1,main,main
174,33,2.76020422873152,115.5117706155,24.5746456740767,115.148205423243,24.3844698992717,306.980368605039,304.220164376307,2013.77541969521,2016.53562392395,SC1_OK017812.1,main,main
238,126,26.3278018318567,102.996080090815,24.4312701523508,101.855975404881,26.1486190212498,307.065068058591,280.737266226734,1990.29252154564,2016.6203233775,SC1_MK211374.1,main,main
200,62,19.0297026296354,109.019720468264,32.6935309874325,107.056713046208,31.3863303430734,307.065068058591,288.035365428955,1997.59062074786,2016.6203233775,SC1_OK017846.1,main,main
257,108,2.84395396861407,102.73595690332,25.0922154948076,103.851628695837,25.9498792590955,307.065068058591,304.221114089977,2013.77636940888,2016.6203233775,SC1_OK017847.1,main,main
259,104,1.60609213655257,102.939128052457,24.9338759666966,102.74194798525,24.9140173828621,307.065068058591,305.458975922038,2015.01423124095,2016.6203233775,SC1_OK017849.1,main,main
260,107,1.3817646417988,102.817070545791,25.1258047898788,102.826075932573,25.0819868177048,307.065068058591,305.683303416792,2015.2385587357,2016.6203233775,SC1_OK017851.1,main,main
261,106,0.433215345170797,102.785196647242,25.115687710078,102.634648116824,25.2248156770387,307.065068058591,306.63185271342,2016.18710803233,2016.6203233775,SC1_OK017850.1,main,main
261,105,0.433215345170797,102.785196647242,25.115687710078,102.790268998918,25.091288553329,307.065068058591,306.63185271342,2016.18710803233,2016.6203233775,SC1_OK017848.1,main,main
240,100,12.641692451118,103.339164524006,25.1785740096926,103.695181110012,24.9998667295938,307.149767512143,294.508075061025,2004.06333037993,2016.70502283105,SC1_MK211375.1,main,main
253,112,4.21863001205436,102.983132196734,25.2679355846487,103.397610210103,25.388046210184,307.149767512143,302.931137500088,2012.486392819,2016.70502283105,SC1_MK211377.1,main,main
252,110,3.61798557248479,102.727572718312,24.9901314433255,104.186353064269,25.8941316784459,307.149767512143,303.531781939658,2013.08703725857,2016.70502283105,SC1_MK211378.1,main,main
259,103,1.69079159010462,102.939128052457,24.9338759666966,102.927124217789,24.8000810071133,307.149767512143,305.458975922038,2015.01423124095,2016.70502283105,SC1_MK211376.1,main,main
176,177,0.638380081461617,115.379164859412,24.4786356291056,111.503033238207,23.2730775581235,307.157422829966,306.519042748504,2016.07429806741,2016.71267814887,NA,main,main
176,178,0.882905417410075,115.379164859412,24.4786356291056,115.403488609491,24.2951108722051,307.401948165914,306.519042748504,2016.07429806741,2016.95720348482,NA,main,main
270,130,1.9814720946063,122.027831614525,29.792136660407,122.288708423983,29.9376568675543,307.568032352325,305.586560257719,2015.14181557663,2017.12328767123,SC1_MG772933.1,main,main
222,224,6.25805930211335,114.84557391514,23.4337863014628,114.942715057609,23.3690721941305,307.716280992562,301.458221690449,2011.01347700936,2017.27153631147,NA,main,main
224,225,0.037066832202906,114.942715057609,23.3690721941305,114.943033495883,23.3752926143606,307.753347824765,307.716280992562,2017.27153631147,2017.30860314367,NA,main,main
225,228,0.0993787345883197,114.943033495883,23.3752926143606,114.969913157406,23.4459869301834,307.852726559353,307.753347824765,2017.30860314367,2017.40798187826,NA,main,main
225,226,0.121882273431679,114.943033495883,23.3752926143606,114.980775099869,23.3992367468073,307.875230098197,307.753347824765,2017.30860314367,2017.4304854171,NA,main,main
224,229,0.236424156680281,114.942715057609,23.3690721941305,114.539628971301,23.175010225051,307.952705149242,307.716280992562,2017.27153631147,2017.50796046815,NA,main,main
226,227,0.178479306981206,114.980775099869,23.3992367468073,114.963562139251,23.3448571668905,308.053709405178,307.875230098197,2017.4304854171,2017.60896472409,NA,main,main
264,124,6.22260006553775,110.807849974025,21.9531233189806,111.028149969668,22.3070940954223,308.063922763284,301.841322697746,2011.39657801665,2017.61917808219,SC1_OK017792.1,main,main
171,26,3.06517616601353,114.130047600397,24.8418546020882,114.297250025015,24.9234975537281,308.148854270134,305.08367810412,2014.63893342303,2017.70410958904,SC1_OK017819.1,main,main
171,27,3.06517616601353,114.130047600397,24.8418546020882,114.075909905324,25.0587647105431,308.148854270134,305.08367810412,2014.63893342303,2017.70410958904,SC1_OK017813.1,main,main
177,21,0.991431440167681,111.503033238207,23.2730775581235,111.51647724108,23.2771039989459,308.148854270134,307.157422829966,2016.71267814887,2017.70410958904,SC1_OK017823.1,main,main
178,23,0.746906104219223,115.403488609491,24.2951108722051,115.25967060989,24.4928301829586,308.148854270134,307.401948165914,2016.95720348482,2017.70410958904,SC1_OK017822.1,main,main
178,24,0.746906104219223,115.403488609491,24.2951108722051,115.400377070368,24.2812980904801,308.148854270134,307.401948165914,2016.95720348482,2017.70410958904,SC1_OK017824.1,main,main
228,94,0.296127710780216,114.969913157406,23.4459869301834,114.924423107146,23.5430233530284,308.148854270134,307.852726559353,2017.40798187826,2017.70410958904,SC1_OK017816.1,main,main
228,91,0.296127710780216,114.969913157406,23.4459869301834,114.931551745143,23.3661189239018,308.148854270134,307.852726559353,2017.40798187826,2017.70410958904,SC1_OK017820.1,main,main
226,89,0.273624171936857,114.980775099869,23.3992367468073,114.158451495979,22.9596231740468,308.148854270134,307.875230098197,2017.4304854171,2017.70410958904,SC1_OK017821.1,main,main
229,90,0.196149120891161,114.539628971301,23.175010225051,114.542605870576,23.2226157169439,308.148854270134,307.952705149242,2017.50796046815,2017.70410958904,SC1_OK017815.1,main,main
229,92,0.196149120891161,114.539628971301,23.175010225051,114.533084230205,23.1661198079269,308.148854270134,307.952705149242,2017.50796046815,2017.70410958904,SC1_OK017817.1,main,main
227,93,0.0951448649556506,114.963562139251,23.3448571668905,114.944719764553,23.3347150039317,308.148854270134,308.053709405178,2017.60896472409,2017.70410958904,SC1_OK017814.1,main,main
227,95,0.0951448649556506,114.963562139251,23.3448571668905,114.972086846219,23.3635868469958,308.148854270134,308.053709405178,2017.60896472409,2017.70410958904,SC1_OK017818.1,main,main
180,181,175.203459595938,102.992334953561,25.1793808509124,101.258064460926,21.7146257683711,308.803270524525,133.599810928586,1843.15506624749,2018.35852584343,NA,main,main
264,265,7.19153599672083,110.807849974025,21.9531233189806,110.703765289311,22.1172494436799,309.032858694467,301.841322697746,2011.39657801665,2018.58811401337,NA,main,main
275,132,2.5737759788778,102.950638343226,23.2197349369773,102.960223595724,23.2809030291053,309.063922763284,306.490146784406,2016.04540210331,2018.61917808219,SC1_MW703458.1,main,main
145,146,27.4023092534704,102.389543633868,24.7670631197683,102.364737857543,24.639090739989,309.490186523812,282.087877270342,1991.64313258925,2019.04544184272,NA,main,main
189,190,3.14831881933498,124.550040053741,41.7386321416187,124.671050101007,41.7257369223435,309.601585801241,306.453266981905,2016.00852230081,2019.15684112015,NA,main,main
146,147,0.350343618958636,102.364737857543,24.639090739989,102.522190661193,24.5340627004376,309.840530142771,309.490186523812,2019.04544184272,2019.39578546168,NA,main,main
181,1,1.15928237574603,101.258064460926,21.7146257683711,101.567218842559,21.6897302836664,309.962552900271,308.803270524525,2018.35852584343,2019.51780821918,SC1_EPI_ISL_412977,main,main
265,122,1.03106406881692,110.703765289311,22.1172494436799,110.553718976411,22.0975206462382,310.063922763284,309.032858694467,2018.58811401337,2019.61917808219,SC1_OK017826.1,main,main
265,123,1.03106406881692,110.703765289311,22.1172494436799,110.705665702381,22.2673391887381,310.063922763284,309.032858694467,2018.58811401337,2019.61917808219,SC1_OK017825.1,main,main
223,96,5.7522560482717,114.746499589369,23.4975328226959,113.551337458792,23.1480283044465,310.148854270134,304.396598221862,2013.95185354077,2019.70410958904,SC1_OK017828.1,main,main
223,97,5.7522560482717,114.746499589369,23.4975328226959,114.836187344528,23.3136465484089,310.148854270134,304.396598221862,2013.95185354077,2019.70410958904,SC1_OK017827.1,main,main
177,22,2.99143144016768,111.503033238207,23.2730775581235,111.292184255795,24.6173216148371,310.148854270134,307.157422829966,2016.71267814887,2019.70410958904,SC1_OK017859.1,main,main
205,206,3.78892155621224,113.803319115919,26.5775952353158,113.915999073184,26.6971459946192,310.242325282677,306.453403726465,2016.00865904537,2019.79758060158,NA,main,main
175,179,6.33784588734513,115.484872379664,24.5263928549357,114.908033258763,25.229613607089,310.318077301098,303.980231413753,2013.53548673266,2019.87333262001,NA,main,main
186,187,10.7571495453621,124.825050744496,42.4276257904997,124.926655904595,42.5379707874435,310.346023485094,299.588873939732,2009.14412925864,2019.901278804,NA,main,main
147,149,0.703714977508845,102.522190661193,24.5340627004376,102.340047413739,24.3302369752543,310.54424512028,309.840530142771,2019.39578546168,2020.09950043919,NA,main,main
190,191,0.950816719606135,124.671050101007,41.7257369223435,124.703863989249,41.7005415078082,310.552402520847,309.601585801241,2019.15684112015,2020.10765783975,NA,main,main
147,148,0.719096888647612,102.522190661193,24.5340627004376,102.511624440479,24.6367991668458,310.559627031418,309.840530142771,2019.39578546168,2020.11488235033,NA,main,main
231,232,5.02479144881407,114.662124743566,29.8957413740146,115.047421297368,30.222227355372,310.696563843029,305.671772394215,2015.22702771312,2020.25181916194,NA,main,main
181,182,1.91497140540635,101.258064460926,21.7146257683711,102.357796587723,18.7651376374155,310.718241929931,308.803270524525,2018.35852584343,2020.27349724884,NA,main,main
235,236,9.1659748405599,119.111864099161,27.8466194827709,118.864678076025,27.9556382994044,310.747320381968,301.581345541408,2011.13660086032,2020.30257570088,NA,main,main
149,150,0.252028199739858,102.340047413739,24.3302369752543,102.420754562529,24.2921647472846,310.796273320019,310.54424512028,2020.09950043919,2020.35152863893,NA,main,main
170,172,7.93488377031993,114.580453288818,25.1177668422333,114.656970014132,25.3384304694223,310.855264314187,302.920380543867,2012.47563586277,2020.41051963309,NA,main,main
275,133,4.38912892445768,102.950638343226,23.2197349369773,101.47497569397,21.561509117151,310.879275708864,306.490146784406,2016.04540210331,2020.43453102777,SC1_MZ081381.1,main,main
262,98,7.27618467126932,102.388035024101,25.0356513804592,102.318072706214,24.9264101108062,310.898401391924,303.622216720655,2013.17747203956,2020.45365671083,SC1_OK017858.1,main,main
146,34,1.40821486811203,102.364737857543,24.639090739989,102.366104634618,24.614689505133,310.898401391924,309.490186523812,2019.04544184272,2020.45365671083,SC1_OK017857.1,main,main
149,37,0.354156271644549,102.340047413739,24.3302369752543,102.703208748728,24.3038308580824,310.898401391924,310.54424512028,2020.09950043919,2020.45365671083,SC1_OK017855.1,main,main
148,36,0.338774360505782,102.511624440479,24.6367991668458,102.487211919869,24.680693392639,310.898401391924,310.559627031418,2020.11488235033,2020.45365671083,SC1_OK017856.1,main,main
148,35,0.338774360505782,102.511624440479,24.6367991668458,102.533899900334,24.6265929323164,310.898401391924,310.559627031418,2020.11488235033,2020.45365671083,SC1_OK017854.1,main,main
150,38,0.102128071904691,102.420754562529,24.2921647472846,102.414711753014,24.2949174421922,310.898401391924,310.796273320019,2020.35152863893,2020.45365671083,SC1_OK017852.1,main,main
150,39,0.102128071904691,102.420754562529,24.2921647472846,102.430513837653,24.2724322200647,310.898401391924,310.796273320019,2020.35152863893,2020.45365671083,SC1_OK017853.1,main,main
158,165,38.088083761828,102.104470960734,24.7473001035014,116.733703160074,27.6209282137284,310.92299184889,272.834908087062,1982.39016340597,2020.4782471678,NA,main,main
273,135,18.1336031434877,103.627165450726,24.1017309166579,100.909509940672,13.5733765191002,310.947581719793,292.813978576305,2002.36923389521,2020.5028370387,SC1_MW251308.1,main,main
232,73,0.283804762010014,115.047421297368,30.222227355372,115.051458099908,30.219207192593,310.980368605039,310.696563843029,2020.25181916194,2020.53562392395,SC1_OK017801.1,main,main
232,74,0.283804762010014,115.047421297368,30.222227355372,115.093314435236,30.0694712610987,310.980368605039,310.696563843029,2020.25181916194,2020.53562392395,SC1_OK017802.1,main,main
182,2,0.278520117730945,102.357796587723,18.7651376374155,102.346608428112,18.7737404236557,310.996762047662,310.718241929931,2020.27349724884,2020.55201736657,SC1_MZ937002.1,main,main
182,3,0.286716839042323,102.357796587723,18.7651376374155,102.004215170938,18.6655324901307,311.004958768973,310.718241929931,2020.27349724884,2020.56021408788,SC1_MZ937004.1,main,main
271,272,4.98582866830129,112.580759710011,27.7554544529581,112.422868424658,27.5256505505644,311.017466625644,306.031637957343,2015.58689327625,2020.57272194455,NA,main,main
262,99,7.52755079148788,102.388035024101,25.0356513804592,102.569387355649,25.3044626736607,311.149767512143,303.622216720655,2013.17747203956,2020.70502283105,SC1_OK017793.1,main,main
188,42,6.42830507939529,124.910336428899,42.5596061848724,124.365692481979,42.3500409371677,311.149767512143,304.721462432747,2014.27671775165,2020.70502283105,SC1_OK017800.1,main,main
189,48,4.69650053023723,124.550040053741,41.7386321416187,122.156342547279,41.9044332693569,311.149767512143,306.453266981905,2016.00852230081,2020.70502283105,SC1_OK017795.1,main,main
190,46,1.54818171090225,124.671050101007,41.7257369223435,124.574586605708,41.7154602611928,311.149767512143,309.601585801241,2019.15684112015,2020.70502283105,SC1_OK017794.1,main,main
187,45,0.803744027048804,124.926655904595,42.5379707874435,124.934212400078,42.5457012951563,311.149767512143,310.346023485094,2019.901278804,2020.70502283105,SC1_OK017798.1,main,main
187,47,0.803744027048804,124.926655904595,42.5379707874435,124.891699248028,42.4048361656059,311.149767512143,310.346023485094,2019.901278804,2020.70502283105,SC1_OK017796.1,main,main
191,44,0.597364991296113,124.703863989249,41.7005415078082,124.703098044974,41.7886162184141,311.149767512143,310.552402520847,2020.10765783975,2020.70502283105,SC1_OK017797.1,main,main
191,43,0.597364991296113,124.703863989249,41.7005415078082,124.703744552213,41.6616685581878,311.149767512143,310.552402520847,2020.10765783975,2020.70502283105,SC1_OK017799.1,main,main
202,203,20.0499248632062,108.707486246531,22.724891103945,105.020405924859,26.7537210655285,311.20516511569,291.155240252484,2000.71049557139,2020.7604204346,NA,main,main
236,237,0.62687293931753,118.864678076025,27.9556382994044,118.277056521567,27.3431286908691,311.374193321285,310.747320381968,2020.30257570088,2020.92944864019,NA,main,main
206,207,1.16425218049537,113.915999073184,26.6971459946192,113.96799849522,26.6309284119345,311.406577463173,310.242325282677,2019.79758060158,2020.96183278208,NA,main,main
165,166,0.543001338573946,116.733703160074,27.6209282137284,116.918929432779,27.2332777163916,311.465993187464,310.92299184889,2020.4782471678,2021.02124850637,NA,main,main
206,60,1.32570706964784,113.915999073184,26.6971459946192,113.908603253516,26.5566673289633,311.568032352325,310.242325282677,2019.79758060158,2021.12328767123,SC1_OK017832.1,main,main
272,128,0.550565726680673,112.422868424658,27.5256505505644,112.389459502317,27.5232925012319,311.568032352325,311.017466625644,2020.57272194455,2021.12328767123,SC1_OK017803.1,main,main
272,129,0.550565726680673,112.422868424658,27.5256505505644,112.493437323942,27.4685792562613,311.568032352325,311.017466625644,2020.57272194455,2021.12328767123,SC1_OK017804.1,main,main
207,58,0.16145488915247,113.96799849522,26.6309284119345,113.977654172114,26.6182177612851,311.568032352325,311.406577463173,2020.96183278208,2021.12328767123,SC1_OK017833.1,main,main
167,20,33.9495800754092,112.065591270372,26.1240992703906,111.624361836504,26.7031612343231,311.644744681092,277.695164605683,1987.25041992459,2021.2,SC1_OK017834.1,main,main
154,8,9.59043429300665,105.583045801707,24.9696976613013,105.613402466135,24.9678751285185,311.644744681092,302.054310388086,2011.60956570699,2021.2,SC1_OK017830.1,main,main
271,127,5.6131067237491,112.580759710011,27.7554544529581,112.589329610107,27.7946050756942,311.644744681092,306.031637957343,2015.58689327625,2021.2,SC1_OK017805.1,main,main
205,61,5.19134095462722,113.803319115919,26.5775952353158,113.779974117048,26.613479179874,311.644744681092,306.453403726465,2016.00865904537,2021.2,SC1_OK017835.1,main,main
203,56,0.439579565402518,105.020405924859,26.7537210655285,105.020520965643,26.742335063934,311.644744681092,311.20516511569,2020.7604204346,2021.2,SC1_OK017829.1,main,main
203,57,0.439579565402518,105.020405924859,26.7537210655285,105.268837629267,26.5569774908349,311.644744681092,311.20516511569,2020.7604204346,2021.2,SC1_OK017831.1,main,main
274,134,8.09179103740669,102.903997495143,23.2772266939678,102.660452500326,22.9397915685158,311.769676187942,303.677885150535,2013.23314046944,2021.32493150685,SC1_OK017806.1,main,main
233,234,12.1430855357907,115.678904294827,26.9457252268234,115.672477293485,27.0048086568307,311.782828469756,299.639742933965,2009.19499825287,2021.33808378866,NA,main,main
174,30,7.5917035924563,115.5117706155,24.5746456740767,116.144509173631,24.9380296799185,311.811867968764,304.220164376307,2013.77541969521,2021.36712328767,SC1_OK017808.1,main,main
236,70,1.06454758679588,118.864678076025,27.9556382994044,118.543352342152,27.4889087482575,311.811867968764,310.747320381968,2020.30257570088,2021.36712328767,SC1_OK017809.1,main,main
237,69,0.437674647478352,118.277056521567,27.3431286908691,118.292397124188,27.3329240729033,311.811867968764,311.374193321285,2020.92944864019,2021.36712328767,SC1_OK017810.1,main,main
237,68,0.437674647478352,118.277056521567,27.3431286908691,118.438946988516,27.3976442720166,311.811867968764,311.374193321285,2020.92944864019,2021.36712328767,SC1_OK017811.1,main,main
204,54,17.350459656054,113.64898269227,26.9894203134881,114.066059070777,27.2039648696031,311.978991256435,294.628531600381,2004.18378691929,2021.53424657534,SC1_OK017841.1,main,main
231,75,6.30721886222017,114.662124743566,29.8957413740146,116.568566461928,30.3128063824122,311.978991256435,305.671772394215,2015.22702771312,2021.53424657534,SC1_OK017807.1,main,main
179,31,1.66091395533696,114.908033258763,25.229613607089,115.104477997401,25.3013060398221,311.978991256435,310.318077301098,2019.87333262001,2021.53424657534,SC1_OK017844.1,main,main
179,32,1.66091395533696,114.908033258763,25.229613607089,115.022708710598,25.2422240247965,311.978991256435,310.318077301098,2019.87333262001,2021.53424657534,SC1_OK017845.1,main,main
172,28,1.12372694224841,114.656970014132,25.3384304694223,114.810616402963,25.5433010104849,311.978991256435,310.855264314187,2020.41051963309,2021.53424657534,SC1_OK017842.1,main,main
172,29,1.12372694224841,114.656970014132,25.3384304694223,114.715216646535,25.3505881848112,311.978991256435,310.855264314187,2020.41051963309,2021.53424657534,SC1_OK017843.1,main,main
165,19,1.05599940754493,116.733703160074,27.6209282137284,116.631836795705,27.5672273298609,311.978991256435,310.92299184889,2020.4782471678,2021.53424657534,SC1_OK017839.1,main,main
207,59,0.572413793262218,113.96799849522,26.6309284119345,113.975497862266,26.6621312847569,311.978991256435,311.406577463173,2020.96183278208,2021.53424657534,SC1_OK017860.1,main,main
166,17,0.512998068970986,116.918929432779,27.2332777163916,116.879690494201,27.1934499751053,311.978991256435,311.465993187464,2021.02124850637,2021.53424657534,SC1_OK017838.1,main,main
166,18,0.512998068970986,116.918929432779,27.2332777163916,116.602683538417,27.2315831036067,311.978991256435,311.465993187464,2021.02124850637,2021.53424657534,SC1_OK017840.1,main,main
234,71,0.196162786678947,115.672477293485,27.0048086568307,115.677254717048,26.9931573716919,311.978991256435,311.782828469756,2021.33808378866,2021.53424657534,SC1_OK017836.1,main,main
234,72,0.196162786678947,115.672477293485,27.0048086568307,115.681970154547,26.999753081168,311.978991256435,311.782828469756,2021.33808378866,2021.53424657534,SC1_OK017837.1,main,main
