node1,node2,length,startLon,startLat,endLon,endLat,endNodeL,startNodeL,startYear,endYear,tipLabel,startClade,endClade
202,203,8.04789588979031,109.551259278809,32.0555237441099,109.532987546175,32.019108112291,675.695894577097,667.647998687307,1948.23951898722,1956.28741487701,NA,main,main
146,163,0.724230249690017,103.378082493294,24.4195208300259,103.463046311951,24.5767731907274,682.24195482488,681.51772457519,1962.10924487511,1962.8334751248,NA,main,main
163,170,2.37100433656846,103.463046311951,24.5767731907274,103.499628503922,24.7120311380807,684.612959161449,682.24195482488,1962.8334751248,1965.20447946136,NA,main,main
269,270,14.033101374965,113.829198174383,26.2273823040845,113.893930319433,26.215823930145,688.671662853992,674.638561479027,1955.23008177894,1969.26318315391,NA,main,main
146,147,7.84348040580197,103.378082493294,24.4195208300259,104.506968819364,24.7601602041217,689.361204980992,681.51772457519,1962.10924487511,1969.95272528091,NA,main,main
269,274,18.8050521377406,113.829198174383,26.2273823040845,101.40922898297,21.1337535758002,693.443613616768,674.638561479027,1955.23008177894,1974.03513391668,NA,main,main
203,204,22.1030711137836,109.532987546175,32.019108112291,110.931227432623,31.9725165665348,697.798965690881,675.695894577097,1956.28741487701,1978.3904859908,NA,main,main
274,275,5.08511415789497,101.40922898297,21.1337535758002,102.944087402869,18.8902373729191,698.528727774663,693.443613616768,1974.03513391668,1979.12024807458,NA,main,main
147,152,13.3803026292156,104.506968819364,24.7601602041217,104.855977902199,24.9565404535233,702.741507610208,689.361204980992,1969.95272528091,1983.33302791012,NA,main,main
170,171,21.2581336971151,103.499628503922,24.7120311380807,103.5181702739,24.6033086430668,705.871092858564,684.612959161449,1965.20447946136,1986.46261315848,NA,main,main
226,227,11.8002931249149,116.479846453797,30.2883332747093,117.632104778689,26.4436443651015,706.475093737569,694.674800612654,1975.26632091257,1987.06661403749,NA,main,main
204,217,9.17790826464662,110.931227432623,31.9725165665348,111.299717128077,31.5056505818984,706.976873955527,697.798965690881,1978.3904859908,1987.56839425544,NA,main,main
144,145,36.1282265771055,103.393348086511,24.5890030181796,98.5266680683879,24.4607119190786,706.996804432583,670.868577855477,1951.46009815539,1987.5883247325,NA,main,main
147,148,18.8705266440762,104.506968819364,24.7601602041217,108.807023358263,22.7802206428181,708.231731625068,689.361204980992,1969.95272528091,1988.82325192498,NA,main,main
227,240,2.07476149085715,117.632104778689,26.4436443651015,117.673168660307,26.5605894725983,708.549855228426,706.475093737569,1987.06661403749,1989.14137552834,NA,main,main
240,250,0.600460236641862,117.673168660307,26.5605894725983,117.640723305993,26.551603061811,709.150315465068,708.549855228426,1989.14137552834,1989.74183576498,NA,main,main
204,205,11.5270045666268,110.931227432623,31.9725165665348,110.980563274253,32.024128536577,709.325970257507,697.798965690881,1978.3904859908,1989.91749055742,NA,main,main
152,154,7.57075533961973,104.855977902199,24.9565404535233,104.822809887951,24.9898929704753,710.312262949828,702.741507610208,1983.33302791012,1990.90378324974,NA,main,main
171,196,7.90086671810394,103.5181702739,24.6033086430668,103.517713535013,24.7629653620195,713.771959576668,705.871092858564,1986.46261315848,1994.36347987658,NA,main,main
163,164,33.454414631217,103.463046311951,24.5767731907274,112.567155452577,23.9667902406789,715.696369456097,682.24195482488,1962.8334751248,1996.28788975601,NA,main,main
154,155,5.73434020783692,104.822809887951,24.9898929704753,104.824186842067,25.0261343726455,716.046603157664,710.312262949828,1990.90378324974,1996.63812345758,NA,main,main
171,172,13.4062202521557,103.5181702739,24.6033086430668,102.992054391074,24.9554687971839,719.27731311072,705.871092858564,1986.46261315848,1999.86883341064,NA,main,main
205,215,10.2012974846162,110.980563274253,32.024128536577,111.263282926489,32.0260911145024,719.527267742124,709.325970257507,1989.91749055742,2000.11878804204,NA,main,main
219,221,21.5307730728956,110.872878872219,30.0481769912622,111.019472809698,30.1384446519187,719.606604079555,698.07583100666,1978.66735130658,2000.19812437947,NA,main,main
164,165,4.0913776553302,112.567155452577,23.9667902406789,112.5031703275,23.4145447948034,719.787747111428,715.696369456097,1996.28788975601,2000.37926741134,NA,main,main
172,189,0.903942296349257,102.992054391074,24.9554687971839,102.842843623402,24.8372286201108,720.181255407069,719.27731311072,1999.86883341064,2000.77277570698,NA,main,main
227,228,14.5142567675979,117.632104778689,26.4436443651015,114.05394764888,22.2221811869815,720.989350505167,706.475093737569,1987.06661403749,2001.58087080508,NA,main,main
228,229,0.205999683716488,114.05394764888,22.2221811869815,114.054203061825,22.2560843026165,721.195350188884,720.989350505167,2001.58087080508,2001.7868704888,NA,main,main
229,230,0.0478632561278864,114.054203061825,22.2560843026165,114.058921105703,22.257349277039,721.243213445012,721.195350188884,2001.7868704888,2001.83473374493,NA,main,main
228,234,0.545071391364356,114.05394764888,22.2221811869815,114.042834401924,22.2377996533089,721.534421896532,720.989350505167,2001.58087080508,2002.12594219645,NA,main,main
234,235,0.157938369871189,114.042834401924,22.2377996533089,113.991594515103,22.6163594971287,721.692360266403,721.534421896532,2002.12594219645,2002.28388056632,NA,main,main
230,232,1.58884155043425,114.058921105703,22.257349277039,114.086591638553,22.2817313949971,722.832054995446,721.243213445012,2001.83473374493,2003.42357529536,NA,main,main
172,173,3.80188497207672,102.992054391074,24.9554687971839,102.956610594907,25.0083575949174,723.079198082796,719.27731311072,1999.86883341064,2003.67071838271,NA,main,main
221,222,3.61996808673207,111.019472809698,30.1384446519187,111.345545737401,30.4219267688356,723.226572166287,719.606604079555,2000.19812437947,2003.8180924662,NA,main,main
222,22,0.220263698179796,111.345545737401,30.4219267688356,111.343904170884,30.414069433773,723.446835864467,723.226572166287,2003.8180924662,2004.03835616438,SC1_DQ648857.1,main,main
235,236,1.92323244780221,113.991594515103,22.6163594971287,114.131323497722,22.4901594001169,723.615592714205,721.692360266403,2002.28388056632,2004.20711301412,NA,main,main
236,237,0.0790217153845347,114.131323497722,22.4901594001169,114.122610401114,22.488304754731,723.694614429589,723.615592714205,2004.20711301412,2004.28613472951,NA,main,main
250,251,14.5559082286378,117.640723305993,26.551603061811,117.935486115635,26.6515087553545,723.706223693706,709.150315465068,1989.74183576498,2004.29774399362,NA,main,main
148,149,15.5130485745142,108.807023358263,22.7802206428181,110.689764800029,24.6044472244842,723.744780199583,708.231731625068,1988.82325192498,2004.3363004995,NA,main,main
274,277,30.3035871488474,101.40922898297,21.1337535758002,101.465065868594,21.1125815498318,723.747200765616,693.443613616768,1974.03513391668,2004.33872106553,NA,main,main
237,238,0.119349825725955,114.122610401114,22.488304754731,114.392626463798,22.3191367215697,723.813964255315,723.694614429589,2004.28613472951,2004.40548455523,NA,main,main
189,190,3.8863048755673,102.842843623402,24.8372286201108,102.806367890652,24.7811467696604,724.067560282636,720.181255407069,2000.77277570698,2004.65908058255,NA,main,main
190,191,0.139960984268416,102.806367890652,24.7811467696604,102.843578104082,24.8306759181888,724.207521266904,724.067560282636,2004.65908058255,2004.79904156682,NA,main,main
232,233,1.39894771578956,114.086591638553,22.2817313949971,114.097876429343,22.2125280208941,724.231002711235,722.832054995446,2003.42357529536,2004.82252301115,NA,main,main
215,38,4.75290145567699,111.263282926489,32.0260911145024,111.15186601076,30.9369623932652,724.2801691978,719.527267742124,2000.11878804204,2004.87168949772,SC1_DQ412042.1,main,main
222,21,1.05359703151305,111.345545737401,30.4219267688356,111.324745967015,30.4781222519591,724.2801691978,723.226572166287,2003.8180924662,2004.87168949772,SC1_DQ412043.1,main,main
148,98,16.130404785847,108.807023358263,22.7802206428181,108.202342326822,22.9562675596827,724.362136410915,708.231731625068,1988.82325192498,2004.95365671083,SC1_DQ071615.1,main,main
234,49,3.04118109122333,114.042834401924,22.2377996533089,113.960065834473,22.161413528171,724.575602987755,721.534421896532,2002.12594219645,2005.16712328767,SC1_DQ022305.2,main,main
235,57,2.90242080354387,113.991594515103,22.6163594971287,114.035861345282,22.5707205338964,724.594781069947,721.692360266403,2002.28388056632,2005.18630136986,SC1_DQ084199.1,main,main
237,52,0.957700886932543,114.122610401114,22.488304754731,114.116210175821,22.4669527233892,724.652315316522,723.694614429589,2004.28613472951,2005.24383561644,SC1_DQ084200.1,main,main
238,239,0.997519814313165,114.392626463798,22.3191367215697,114.299273134835,22.5024718033266,724.811484069629,723.813964255315,2004.40548455523,2005.40300436954,NA,main,main
233,58,0.93364137240998,114.097876429343,22.2125280208941,114.149744911693,22.1555501309863,725.164644083645,724.231002711235,2004.82252301115,2005.75616438356,SC1_GQ153540.1,main,main
239,48,0.353160014016758,114.299273134835,22.5024718033266,114.293959296572,22.5181437774318,725.164644083645,724.811484069629,2005.40300436954,2005.75616438356,SC1_GQ153539.1,main,main
230,231,4.0118261732966,114.058921105703,22.257349277039,114.072309774989,22.2556983490143,725.255039618308,721.243213445012,2001.83473374493,2005.84655991822,NA,main,main
232,55,2.57094525258305,114.086591638553,22.2817313949971,114.280177879695,22.48808597904,725.403000248029,722.832054995446,2003.42357529536,2005.99452054794,SC1_GQ153541.1,main,main
155,88,9.40023270680276,104.824186842067,25.0261343726455,105.229852911976,25.5861196684982,725.446835864467,716.046603157664,1996.63812345758,2006.03835616438,SC1_FJ588686.1,main,main
231,59,0.315083917391995,114.072309774989,22.2556983490143,114.321533952755,22.3000721301147,725.5701235357,725.255039618308,2005.84655991822,2006.16164383562,SC1_GQ153543.1,main,main
231,60,0.315083917391995,114.072309774989,22.2556983490143,114.0367628082,22.2876877693616,725.5701235357,725.255039618308,2005.84655991822,2006.16164383562,SC1_GQ153542.1,main,main
215,216,6.06851486332172,111.263282926489,32.0260911145024,114.42749072983,35.2599230062576,725.595782605445,719.527267742124,2000.11878804204,2006.18730290536,NA,main,main
173,174,2.73440357514695,102.956610594907,25.0083575949174,102.945003280807,25.0239544257678,725.813601657943,723.079198082796,2003.67071838271,2006.40512195786,NA,main,main
251,258,2.12026941827071,117.935486115635,26.6515087553545,118.192842856235,26.8065790140701,725.826493111977,723.706223693706,2004.29774399362,2006.41801341189,NA,main,main
229,53,4.90628019613155,114.054203061825,22.2560843026165,114.072170737136,22.2412110244447,726.101630385015,721.195350188884,2001.7868704888,2006.69315068493,SC1_GQ153545.1,main,main
238,54,2.28766612969979,114.392626463798,22.3191367215697,114.265222411662,22.1336793146273,726.101630385015,723.813964255315,2004.40548455523,2006.69315068493,SC1_GQ153544.1,main,main
236,56,3.00932534204305,114.131323497722,22.4901594001169,114.19064498467,22.327801377611,726.624918056248,723.615592714205,2004.20711301412,2007.21643835616,SC1_GQ153546.1,main,main
221,223,7.18008755535294,111.019472809698,30.1384446519187,111.503234516232,29.8560507827107,726.786691634908,719.606604079555,2000.19812437947,2007.37821193482,NA,main,main
239,50,2.00247508250978,114.299273134835,22.5024718033266,114.266582400029,22.5194806547496,726.813959152138,724.811484069629,2005.40300436954,2007.40547945205,SC1_GQ153547.1,main,main
233,51,3.08706602994427,114.097876429343,22.2125280208941,114.086358154784,22.15268319273,727.31806874118,724.231002711235,2004.82252301115,2007.9095890411,SC1_GQ153548.1,main,main
205,206,18.2355242107316,110.980563274253,32.024128536577,126.914367218821,35.2415824035998,727.561494468239,709.325970257507,1989.91749055742,2008.15301476816,NA,main,main
189,195,7.83145752956757,102.842843623402,24.8372286201108,102.905486560474,24.8903604695371,728.012712936636,720.181255407069,2000.77277570698,2008.60423323655,NA,main,main
270,273,39.9124111396179,113.893930319433,26.215823930145,122.090686916133,29.819226059771,728.58407399361,688.671662853992,1969.26318315391,2009.17559429353,NA,main,main
173,179,5.61805497127544,102.956610594907,25.0083575949174,102.980700717918,25.0349624679035,728.697253054072,723.079198082796,2003.67071838271,2009.28877335399,NA,main,main
191,194,4.55477082576324,102.843578104082,24.8306759181888,102.915457525382,24.7572053336988,728.762292092668,724.207521266904,2004.79904156682,2009.35381239258,NA,main,main
179,180,0.412645741271589,102.980700717918,25.0349624679035,102.874803197686,24.9648025874461,729.109898795343,728.697253054072,2009.28877335399,2009.70141909526,NA,main,main
206,207,1.73206477468334,126.914367218821,35.2415824035998,125.722134907789,42.184290669276,729.293559242922,727.561494468239,2008.15301476816,2009.88507954284,NA,main,main
180,181,0.208469333903381,102.874803197686,24.9648025874461,102.875565288594,24.963547727257,729.318368129247,729.109898795343,2009.70141909526,2009.90988842916,NA,main,main
191,192,5.32066478825851,102.843578104082,24.8306759181888,102.721055891882,24.7698165243366,729.528186055163,724.207521266904,2004.79904156682,2010.11970635508,NA,main,main
155,156,13.6631454280807,104.824186842067,25.0261343726455,105.612300513937,24.6517014428036,729.709748585745,716.046603157664,1996.63812345758,2010.30126888566,NA,main,main
174,175,4.11216753059266,102.945003280807,25.0239544257678,102.937897967012,25.058436747114,729.925769188536,725.813601657943,2006.40512195786,2010.51728948845,NA,main,main
144,85,59.5782580089897,103.393348086511,24.5890030181796,101.527669661059,22.8477860968763,730.446835864467,670.868577855477,1951.46009815539,2011.03835616438,SC1_JX993988.1,main,main
145,83,23.4500314318842,98.5266680683879,24.4607119190786,99.0112266237532,25.2439180772278,730.446835864467,706.996804432583,1987.5883247325,2011.03835616438,SC1_KF569996.1,main,main
195,129,2.72453388673508,102.905486560474,24.8903604695371,103.009479841791,24.9638778293775,730.737246823371,728.012712936636,2008.60423323655,2011.32876712329,SC1_KC881005.1,main,main
174,177,5.28490061010227,102.945003280807,25.0239544257678,102.962781911716,25.03620149072,731.098502268045,725.813601657943,2006.40512195786,2011.69002256796,NA,main,main
202,44,63.4645906018182,109.551259278809,32.0555237441099,108.504441080877,32.3073625308222,731.112589289125,667.647998687307,1948.23951898722,2011.70410958904,SC1_JX993987.1,main,main
192,193,1.59291103620045,102.721055891882,24.7698165243366,102.731461294735,24.7639774927518,731.121097091363,729.528186055163,2010.11970635508,2011.71261739128,NA,main,main
207,208,1.88241140275984,125.722134907789,42.184290669276,125.735021243184,42.2100465603884,731.175970645682,729.293559242922,2009.88507954284,2011.7674909456,NA,main,main
175,176,1.3396819213725,102.937897967012,25.058436747114,102.984766437558,25.0435135583044,731.265451109908,729.925769188536,2010.51728948845,2011.85697140982,NA,main,main
181,182,2.0002627401701,102.875565288594,24.963547727257,102.856448800377,24.7575324533997,731.318630869417,729.318368129247,2009.90988842916,2011.91015116933,NA,main,main
223,224,4.62354812902036,111.503234516232,29.8560507827107,111.526155840579,29.9414248929163,731.410239763929,726.786691634908,2007.37821193482,2012.00176006384,NA,main,main
217,42,24.4699619089401,111.299717128077,31.5056505818984,112.65345107027,35.1326120731431,731.446835864467,706.976873955527,1987.56839425544,2012.03835616438,SC1_KY770860.1,main,main
145,84,24.4500314318842,98.5266680683879,24.4607119190786,98.5675338814013,24.3118203016378,731.446835864467,706.996804432583,1987.5883247325,2012.03835616438,SC1_KU973692.1,main,main
250,61,22.296520399399,117.640723305993,26.551603061811,119.142295567875,28.2924586814357,731.446835864467,709.150315465068,1989.74183576498,2012.03835616438,SC1_KF294457.1,main,main
208,37,0.270865218785081,125.735021243184,42.2100465603884,125.760601831323,42.2738645682529,731.446835864467,731.175970645682,2011.7674909456,2012.03835616438,SC1_KJ473811.1,main,main
180,185,2.35862465477779,102.874803197686,24.9648025874461,102.888286176268,24.8907088836433,731.468523450121,729.109898795343,2009.70141909526,2012.06004375004,NA,main,main
194,110,2.89765852589783,102.915457525382,24.7572053336988,102.654428739676,24.7071048794071,731.659950618566,728.762292092668,2009.35381239258,2012.25147091848,SC1_KC881006.1,main,main
156,157,2.07325348660052,105.612300513937,24.6517014428036,105.652883295625,25.0583842449392,731.783002072346,729.709748585745,2010.30126888566,2012.37452237226,NA,main,main
240,241,23.555688263311,117.673168660307,26.5605894725983,113.561361885892,24.1013171904569,732.105543491737,708.549855228426,1989.14137552834,2012.69706379165,NA,main,main
194,111,3.35121043846623,102.915457525382,24.7572053336988,103.050849947877,25.0607281355063,732.113502531134,728.762292092668,2009.35381239258,2012.70502283105,SC1_KF367457.1,main,main
190,106,8.09239033592948,102.806367890652,24.7811467696604,102.788139429354,24.9310473304479,732.159950618566,724.067560282636,2004.65908058255,2012.75147091848,SC1_KY417144.1,main,main
177,115,1.0614483505201,102.962781911716,25.03620149072,102.929954593876,25.0881104534045,732.159950618566,731.098502268045,2011.69002256796,2012.75147091848,SC1_KY417143.1,main,main
176,114,0.894499508657219,102.984766437558,25.0435135583044,102.980228401619,25.0526015706416,732.159950618566,731.265451109908,2011.85697140982,2012.75147091848,SC1_KY417145.1,main,main
196,197,18.4794847854549,103.517713535013,24.7629653620195,102.321192653955,24.7903404562802,732.251444362123,713.771959576668,1994.36347987658,2012.84296466204,NA,main,main
226,261,37.7145909288382,116.479846453797,30.2883332747093,116.181528985784,30.2396671571091,732.389391541493,694.674800612654,1975.26632091257,2012.98091184141,NA,main,main
275,276,33.8640745647029,102.944087402869,18.8902373729191,102.348635328648,18.4733356635335,732.392802339366,698.528727774663,1979.12024807458,2012.98432263928,NA,main,main
149,99,8.70205566488468,110.689764800029,24.6044472244842,111.456941871535,24.3291512017424,732.446835864467,723.744780199583,2004.3363004995,2013.03835616438,SC1_KJ473815.1,main,main
216,39,6.85105325902201,114.42749072983,35.2599230062576,115.008756895313,36.1822415338744,732.446835864467,725.595782605445,2006.18730290536,2013.03835616438,SC1_KJ473812.1,main,main
216,40,6.85105325902201,114.42749072983,35.2599230062576,111.879728120376,37.4489557902978,732.446835864467,725.595782605445,2006.18730290536,2013.03835616438,SC1_KJ473813.1,main,main
193,107,1.32573877310376,102.731461294735,24.7639774927518,102.793545892423,24.7094079529294,732.446835864467,731.121097091363,2011.71261739128,2013.03835616438,SC1_KJ473816.1,main,main
157,96,0.663833792121585,105.652883295625,25.0583842449392,105.610436117329,25.0844105220375,732.446835864467,731.783002072346,2012.37452237226,2013.03835616438,SC1_KY770859.1,main,main
157,97,0.663833792121585,105.652883295625,25.0583842449392,105.656558163349,25.0022276567696,732.446835864467,731.783002072346,2012.37452237226,2013.03835616438,SC1_KY770858.1,main,main
251,252,8.77076409107612,117.935486115635,26.6515087553545,117.148614786733,27.8019538910571,732.476987784782,723.706223693706,2004.29774399362,2013.0685080847,NA,main,main
177,178,1.42910677694158,102.962781911716,25.03620149072,102.945527835056,25.0561500164041,732.527609044987,731.098502268045,2011.69002256796,2013.1191293449,NA,main,main
181,183,3.37184039290544,102.875565288594,24.963547727257,102.930584863071,24.9559456024608,732.690208522152,729.318368129247,2009.90988842916,2013.28172882207,NA,main,main
241,242,0.606887020611664,113.561361885892,24.1013171904569,113.530154818653,24.0765291637512,732.712430512349,732.105543491737,2012.69706379165,2013.30395081227,NA,main,main
175,112,2.81147763483558,102.937897967012,25.058436747114,102.582854244754,25.0111018538489,732.737246823371,729.925769188536,2010.51728948845,2013.32876712329,SC1_KY417149.1,main,main
182,127,1.41861595395468,102.856448800377,24.7575324533997,102.698038628803,24.6584158047615,732.737246823371,731.318630869417,2011.91015116933,2013.32876712329,SC1_KY417147.1,main,main
182,128,1.41861595395468,102.856448800377,24.7575324533997,102.939643616,24.871901914196,732.737246823371,731.318630869417,2011.91015116933,2013.32876712329,SC1_KY417148.1,main,main
185,122,1.26872337325036,102.888286176268,24.8907088836433,102.892703601379,24.8955389779679,732.737246823371,731.468523450121,2012.06004375004,2013.32876712329,SC1_KY417146.1,main,main
197,103,0.584432598234997,102.321192653955,24.7903404562802,102.289806599182,24.9820046711725,732.835876960358,732.251444362123,2012.84296466204,2013.42739726027,SC1_KP886808.1,main,main
197,104,0.584432598234997,102.321192653955,24.7903404562802,101.927604230546,25.2943976283681,732.835876960358,732.251444362123,2012.84296466204,2013.42739726027,SC1_KP886809.1,main,main
178,116,0.469911750986977,102.945527835056,25.0561500164041,102.577402215974,24.9503730949149,732.997520795974,732.527609044987,2013.1191293449,2013.58904109589,SC1_KY417150.1,main,main
178,117,0.469911750986977,102.945527835056,25.0561500164041,103.0581761327,24.8482275238576,732.997520795974,732.527609044987,2013.1191293449,2013.58904109589,SC1_KT444582.1,main,main
207,36,3.7340985393531,125.722134907789,42.184290669276,126.015138735764,41.907569426673,733.027657782275,729.293559242922,2009.88507954284,2013.61917808219,SC1_KU182964.1,main,main
252,253,0.711780897972215,117.148614786733,27.8019538910571,116.929333933925,27.8463443416223,733.188768682754,732.476987784782,2013.0685080847,2013.78028898267,NA,main,main
219,220,35.2381438401506,110.872878872219,30.0481769912622,109.3248719952,28.9146514475247,733.31397484681,698.07583100666,1978.66735130658,2013.90549514673,NA,main,main
270,271,44.9363220247108,113.893930319433,26.215823930145,111.247503117748,28.5574967553315,733.607984878703,688.671662853992,1969.26318315391,2014.19950517862,NA,main,main
183,118,1.11553145190418,102.930584863071,24.9559456024608,102.768238175341,25.1179978222564,733.805739974056,732.690208522152,2013.28172882207,2014.39726027397,SC1_KY417142.1,main,main
165,166,14.2277013458438,112.5031703275,23.4145447948034,112.322198580159,23.3031166231254,734.015448457271,719.787747111428,2000.37926741134,2014.60696875719,NA,main,main
152,153,31.4985728858471,104.855977902199,24.9565404535233,102.341856707747,23.412358018189,734.240080496055,702.741507610208,1983.33302791012,2014.83160079597,NA,main,main
193,109,3.13669767721337,102.731461294735,24.7639774927518,102.821131697559,24.8986800185805,734.257794768577,731.121097091363,2011.71261739128,2014.84931506849,SC1_KY417151.1,main,main
185,186,3.00020950074584,102.888286176268,24.8907088836433,101.860083653386,24.9434631556021,734.468732950867,731.468523450121,2012.06004375004,2015.06025325078,NA,main,main
183,184,1.78585164695642,102.930584863071,24.9559456024608,102.928619816777,24.9654901296096,734.476060169109,732.690208522152,2013.28172882207,2015.06758046902,NA,main,main
186,187,0.163693443271449,101.860083653386,24.9434631556021,101.8779802943,24.9383909243818,734.632426394138,734.468732950867,2015.06025325078,2015.22394669405,NA,main,main
277,278,11.0803022894467,101.465065868594,21.1125815498318,101.730722816157,23.9909424985165,734.827503055062,723.747200765616,2004.33872106553,2015.41902335498,NA,main,main
273,17,6.35865228181582,122.090686916133,29.819226059771,122.066112634767,29.8358891828552,734.942726275426,728.58407399361,2009.17559429353,2015.53424657534,SC1_MG772934.1,main,main
241,244,2.97485004487893,113.561361885892,24.1013171904569,113.614789973763,24.0925736816826,735.080393536616,732.105543491737,2012.69706379165,2015.67191383653,NA,main,main
170,198,50.4994987459783,103.499628503922,24.7120311380807,107.738963950646,28.6773248991666,735.112457907427,684.612959161449,1965.20447946136,2015.70397820734,NA,main,main
277,279,11.3801221886468,101.465065868594,21.1125815498318,101.671583323238,21.5102379463472,735.127322954262,723.747200765616,2004.33872106553,2015.71884325418,NA,main,main
258,259,9.33946611513644,118.192842856235,26.8065790140701,118.485932382725,26.8424896508819,735.165959227113,725.826493111977,2006.41801341189,2015.75747952703,NA,main,main
176,113,3.97042585044917,102.984766437558,25.0435135583044,102.976815502655,24.9205652254081,735.235876960357,731.265451109908,2011.85697140982,2015.82739726027,SC1_KY417152.1,main,main
166,167,1.71981100999415,112.322198580159,23.3031166231254,110.914850292494,21.7779533751504,735.735259467265,734.015448457271,2014.60696875719,2016.32677976718,NA,main,main
206,28,8.17769112300417,126.914367218821,35.2415824035998,126.919712144763,35.2707671687991,735.739185591243,727.561494468239,2008.15301476816,2016.33070589116,SC1_KY938558.1,main,main
187,188,1.20034403495463,101.8779802943,24.9383909243818,102.269831149699,24.9837476852096,735.832770429093,734.632426394138,2015.22394669405,2016.42429072901,NA,main,main
244,245,0.78240321173541,113.614789973763,24.0925736816826,113.635160873147,24.0951713167929,735.862796748352,735.080393536616,2015.67191383653,2016.45431704827,NA,main,main
242,80,3.23167311168108,113.530154818653,24.0765291637512,113.544026565097,23.9759436474414,735.94410362403,732.712430512349,2013.30395081227,2016.53562392395,SC1_OK017812.1,main,main
203,41,60.332908500485,109.532987546175,32.019108112291,106.707646240266,30.8241753857429,736.028803077582,675.695894577097,1956.28741487701,2016.6203233775,SC1_OK017846.1,main,main
217,43,29.0519291220548,111.299717128077,31.5056505818984,106.620995311713,31.4662670826844,736.028803077582,706.976873955527,1987.56839425544,2016.6203233775,SC1_MK211374.1,main,main
184,120,1.55274290847341,102.928619816777,24.9654901296096,102.937701576544,25.0301342262388,736.028803077582,734.476060169109,2015.06758046902,2016.6203233775,SC1_OK017848.1,main,main
184,119,1.55274290847341,102.928619816777,24.9654901296096,102.869941926206,24.9936342497225,736.028803077582,734.476060169109,2015.06758046902,2016.6203233775,SC1_OK017850.1,main,main
187,121,1.39637668344356,101.8779802943,24.9383909243818,102.065076549875,24.871657181304,736.028803077582,734.632426394138,2015.22394669405,2016.6203233775,SC1_OK017847.1,main,main
188,125,0.196032648488933,102.269831149699,24.9837476852096,102.26163339456,25.0090694626537,736.028803077582,735.832770429093,2016.42429072901,2016.6203233775,SC1_OK017851.1,main,main
188,124,0.196032648488933,102.269831149699,24.9837476852096,101.892942443192,25.0084262178154,736.028803077582,735.832770429093,2016.42429072901,2016.6203233775,SC1_OK017849.1,main,main
244,246,0.974250073741358,113.614789973763,24.0925736816826,113.632598055432,24.1010932687192,736.054643610358,735.080393536616,2015.67191383653,2016.64616391027,NA,main,main
246,247,0.0411501451556049,113.632598055432,24.1010932687192,113.631841036534,24.1203012152808,736.095793755513,736.054643610358,2016.64616391027,2016.68731405543,NA,main,main
195,130,8.10078959449762,102.905486560474,24.8903604695371,103.013986394495,24.721722967089,736.113502531134,728.012712936636,2008.60423323655,2016.70502283105,SC1_MK211377.1,main,main
179,126,7.41624947706228,102.980700717918,25.0349624679035,101.916267775179,22.9778545131568,736.113502531134,728.697253054072,2009.28877335399,2016.70502283105,SC1_MK211376.1,main,main
192,108,6.58531647597095,102.721055891882,24.7698165243366,102.803334430073,25.5888560830806,736.113502531134,729.528186055163,2010.11970635508,2016.70502283105,SC1_MK211375.1,main,main
186,123,1.64476958026706,101.860083653386,24.9434631556021,102.975172916588,24.9209232139952,736.113502531134,734.468732950867,2015.06025325078,2016.70502283105,SC1_MK211378.1,main,main
166,168,2.38676764306313,112.322198580159,23.3031166231254,112.411829096162,23.2407033495815,736.402216100334,734.015448457271,2014.60696875719,2016.99373640025,NA,main,main
273,16,7.94769337770607,122.090686916133,29.819226059771,122.055292988608,29.8146875249449,736.531767371316,728.58407399361,2009.17559429353,2017.12328767123,SC1_MG772933.1,main,main
242,243,4.15771751549103,113.530154818653,24.0765291637512,112.081346543753,22.8337742848995,736.87014802784,732.712430512349,2013.30395081227,2017.46166832776,NA,main,main
247,248,0.834316484942446,113.631841036534,24.1203012152808,113.387332201933,24.0412265848128,736.930110240456,736.095793755513,2016.68731405543,2017.52163054037,NA,main,main
247,249,0.835934227067558,113.631841036534,24.1203012152808,113.613209649953,23.9922788195031,736.931727982581,736.095793755513,2016.68731405543,2017.5232482825,NA,main,main
154,158,26.6379194100588,104.822809887951,24.9898929704753,104.568422302769,25.2340485247387,736.950182359886,710.312262949828,1990.90378324974,2017.5417026598,NA,main,main
153,87,2.78757728622047,102.341856707747,23.412358018189,110.710899338872,22.0694035707388,737.027657782275,734.240080496055,2014.83160079597,2017.61917808219,SC1_OK017792.1,main,main
165,136,17.3248421776974,112.5031703275,23.4145447948034,112.266827341614,23.4025311619309,737.112589289125,719.787747111428,2000.37926741134,2017.70410958904,SC1_OK017823.1,main,main
167,137,1.37732982185942,110.914850292494,21.7779533751504,110.763962536447,21.960347602376,737.112589289125,735.735259467265,2016.32677976718,2017.70410958904,SC1_OK017822.1,main,main
245,76,1.24979254077315,113.635160873147,24.0951713167929,113.658792963636,24.0677121580683,737.112589289125,735.862796748352,2016.45431704827,2017.70410958904,SC1_OK017816.1,main,main
245,78,1.24979254077315,113.635160873147,24.0951713167929,112.830420658908,23.9664146203388,737.112589289125,735.862796748352,2016.45431704827,2017.70410958904,SC1_OK017821.1,main,main
246,73,1.0579456787672,113.632598055432,24.1010932687192,113.593629519846,24.0278869851343,737.112589289125,736.054643610358,2016.64616391027,2017.70410958904,SC1_OK017815.1,main,main
168,139,0.71037318879044,112.411829096162,23.2407033495815,112.419491046696,23.1845324016285,737.112589289125,736.402216100334,2016.99373640025,2017.70410958904,SC1_OK017824.1,main,main
243,81,0.242441261284794,112.081346543753,22.8337742848995,111.668826713054,22.777890547458,737.112589289125,736.87014802784,2017.46166832776,2017.70410958904,SC1_OK017813.1,main,main
243,82,0.242441261284794,112.081346543753,22.8337742848995,112.049449272868,22.9271049755785,737.112589289125,736.87014802784,2017.46166832776,2017.70410958904,SC1_OK017819.1,main,main
248,77,0.182479048669153,113.387332201933,24.0412265848128,113.395190125796,24.0449376514614,737.112589289125,736.930110240456,2017.52163054037,2017.70410958904,SC1_OK017818.1,main,main
248,79,0.182479048669153,113.387332201933,24.0412265848128,113.453413312917,24.014649724304,737.112589289125,736.930110240456,2017.52163054037,2017.70410958904,SC1_OK017817.1,main,main
249,75,0.180861306544041,113.613209649953,23.9922788195031,113.567856419599,23.9898123457147,737.112589289125,736.931727982581,2017.5232482825,2017.70410958904,SC1_OK017820.1,main,main
249,74,0.180861306544041,113.613209649953,23.9922788195031,113.610986444057,23.9813307907809,737.112589289125,736.931727982581,2017.5232482825,2017.70410958904,SC1_OK017814.1,main,main
271,272,3.99671954414576,111.247503117748,28.5574967553315,111.155443583579,28.4261526123338,737.604704422849,733.607984878703,2014.19950517862,2018.19622472277,NA,main,main
208,209,6.5895869347056,125.735021243184,42.2100465603884,125.240306660745,41.8171487951523,737.765557580388,731.175970645682,2011.7674909456,2018.3570778803,NA,main,main
278,10,3.20015472721317,101.730722816157,23.9909424985165,101.71178737923,23.9929225596012,738.027657782275,734.827503055062,2015.41902335498,2018.61917808219,SC1_MW703458.1,main,main
209,210,0.284125237194133,125.240306660745,41.8171487951523,125.094926848688,41.6913259071932,738.049682817582,737.765557580388,2018.3570778803,2018.6412031175,NA,main,main
164,169,22.3662004054794,112.567155452577,23.9667902406789,112.67923490635,23.7616398127402,738.062569861577,715.696369456097,1996.28788975601,2018.65409016149,NA,main,main
252,255,5.94665592541937,117.148614786733,27.8019538910571,116.093132494011,27.285187925479,738.423643710201,732.476987784782,2013.0685080847,2019.01516401012,NA,main,main
259,260,3.50350468024599,118.485932382725,26.8424896508819,118.467020634572,26.7649524192709,738.669463907359,735.165959227113,2015.75747952703,2019.26098420728,NA,main,main
158,159,1.75840893529825,104.568422302769,25.2340485247387,103.915466687437,25.3545235292212,738.708591295185,736.950182359886,2017.5417026598,2019.3001115951,NA,main,main
253,254,5.60594976264288,116.929333933925,27.8463443416223,116.986517526112,28.0546961140314,738.794718445397,733.188768682754,2013.78028898267,2019.38623874531,NA,main,main
279,11,3.79896496499944,101.671583323238,21.5102379463472,101.635288067651,21.4750923513996,738.926287919262,735.127322954262,2015.71884325418,2019.51780821918,SC1_EPI_ISL_412977,main,main
261,262,6.6174264820991,116.181528985784,30.2396671571091,116.017173895725,29.8713483508669,739.006818023592,732.389391541493,2012.98091184141,2019.59833832351,NA,main,main
169,134,0.965087920698761,112.67923490635,23.7616398127402,112.733850474343,23.7924850320955,739.027657782275,738.062569861577,2018.65409016149,2019.61917808219,SC1_OK017826.1,main,main
169,135,0.965087920698761,112.67923490635,23.7616398127402,112.68882992705,23.7340972915599,739.027657782275,738.062569861577,2018.65409016149,2019.61917808219,SC1_OK017825.1,main,main
224,225,7.65715783947617,111.526155840579,29.9414248929163,111.212030791257,29.8027290283377,739.067397603405,731.410239763929,2012.00176006384,2019.65891790332,NA,main,main
224,24,7.70234952519619,111.526155840579,29.9414248929163,108.470870189983,23.2321898148267,739.112589289125,731.410239763929,2012.00176006384,2019.70410958904,SC1_OK017859.1,main,main
167,138,3.37732982185942,110.914850292494,21.7779533751504,110.879042673151,21.7696080031861,739.112589289125,735.735259467265,2016.32677976718,2019.70410958904,SC1_OK017827.1,main,main
168,140,2.71037318879044,112.411829096162,23.2407033495815,112.722128510541,22.4565593816555,739.112589289125,736.402216100334,2016.99373640025,2019.70410958904,SC1_OK017828.1,main,main
159,160,0.573614786146925,103.915466687437,25.3545235292212,104.205864115353,25.292295631311,739.282206081332,738.708591295185,2019.3001115951,2019.87372638125,NA,main,main
160,161,0.00639425824831896,104.205864115353,25.292295631311,104.204918251842,25.2923949241074,739.28860033958,739.282206081332,2019.87372638125,2019.8801206395,NA,main,main
149,150,15.5479763175229,110.689764800029,24.6044472244842,116.08137816582,26.109315633032,739.292756517105,723.744780199583,2004.3363004995,2019.88427681702,NA,main,main
161,162,0.0547635482602518,104.204918251842,25.2923949241074,104.126942002232,25.1597448103877,739.34336388784,739.28860033958,2019.8801206395,2019.93488418776,NA,main,main
210,213,1.68683232942191,125.094926848688,41.6913259071932,125.042324016507,41.6111219131013,739.736515147004,738.049682817582,2018.6412031175,2020.32803544692,NA,main,main
150,151,0.473464922671966,116.08137816582,26.109315633032,115.905687548272,26.1697974922508,739.766221439777,739.292756517105,2019.88427681702,2020.35774173969,NA,main,main
279,12,4.71568777359292,101.671583323238,21.5102379463472,101.539906992998,21.3473359190247,739.843010727855,735.127322954262,2015.71884325418,2020.43453102777,SC1_MZ081381.1,main,main
209,214,2.08236733926552,125.240306660745,41.8171487951523,124.666083964566,41.9773806388744,739.847924919653,737.765557580388,2018.3570778803,2020.43944521957,NA,main,main
156,95,10.1523878251703,105.612300513937,24.6517014428036,99.9203325211811,23.8972160716989,739.862136410915,729.709748585745,2010.30126888566,2020.45365671083,SC1_OK017858.1,main,main
158,94,2.9119540510291,104.568422302769,25.2340485247387,104.584943246228,25.2154324860256,739.862136410915,736.950182359886,2017.5417026598,2020.45365671083,SC1_OK017857.1,main,main
159,90,1.15354511573085,103.915466687437,25.3545235292212,103.903054926563,25.3658589417091,739.862136410915,738.708591295185,2019.3001115951,2020.45365671083,SC1_OK017853.1,main,main
160,92,0.579930329583929,104.205864115353,25.292295631311,103.982368302181,25.2221929249392,739.862136410915,739.282206081332,2019.87372638125,2020.45365671083,SC1_OK017855.1,main,main
161,89,0.57353607133561,104.204918251842,25.2923949241074,104.130604071487,25.3275517464783,739.862136410915,739.28860033958,2019.8801206395,2020.45365671083,SC1_OK017852.1,main,main
162,91,0.518772523075358,104.126942002232,25.1597448103877,104.223955337416,25.0575713167883,739.862136410915,739.34336388784,2019.93488418776,2020.45365671083,SC1_OK017854.1,main,main
162,93,0.518772523075358,104.126942002232,25.1597448103877,104.157358572068,25.1552257587678,739.862136410915,739.34336388784,2019.93488418776,2020.45365671083,SC1_OK017856.1,main,main
275,18,41.3825889641211,102.944087402869,18.8902373729191,101.259953169092,13.542544386562,739.911316738784,698.528727774663,1979.12024807458,2020.5028370387,SC1_MW251308.1,main,main
262,46,0.937285600438427,116.017173895725,29.8713483508669,115.99897076114,29.8998465987363,739.94410362403,739.006818023592,2019.59833832351,2020.53562392395,SC1_OK017802.1,main,main
262,47,0.937285600438427,116.017173895725,29.8713483508669,115.686515582981,30.065045257468,739.94410362403,739.006818023592,2019.59833832351,2020.53562392395,SC1_OK017801.1,main,main
276,8,7.56769472728709,102.348635328648,18.4733356635335,101.991117463251,18.5502063105611,739.960497066653,732.392802339366,2012.98432263928,2020.55201736657,SC1_MZ937002.1,main,main
276,7,7.57589144859847,102.348635328648,18.4733356635335,102.34427464723,18.4988377693867,739.968693787964,732.392802339366,2012.98432263928,2020.56021408788,SC1_MZ937004.1,main,main
210,211,1.96034426405406,125.094926848688,41.6913259071932,125.106471136332,41.5901889045216,740.010027081636,738.049682817582,2018.6412031175,2020.60154738155,NA,main,main
211,212,0.036304502640732,125.106471136332,41.5901889045216,125.112432108746,41.5906394019453,740.046331584277,740.010027081636,2020.60154738155,2020.63785188419,NA,main,main
153,86,5.87342203507904,102.341856707747,23.412358018189,102.171481167301,23.3074273780573,740.113502531134,734.240080496055,2014.83160079597,2020.70502283105,SC1_OK017793.1,main,main
213,32,0.376987384130179,125.042324016507,41.6111219131013,125.030185809459,41.6156529370408,740.113502531134,739.736515147004,2020.32803544692,2020.70502283105,SC1_OK017798.1,main,main
213,31,0.376987384130179,125.042324016507,41.6111219131013,125.046493757586,41.6151089023384,740.113502531134,739.736515147004,2020.32803544692,2020.70502283105,SC1_OK017800.1,main,main
214,34,0.265577611480702,124.666083964566,41.9773806388744,123.872613691365,42.0219140339301,740.113502531134,739.847924919653,2020.43944521957,2020.70502283105,SC1_OK017794.1,main,main
214,35,0.265577611480702,124.666083964566,41.9773806388744,124.651925888604,41.9411297832305,740.113502531134,739.847924919653,2020.43944521957,2020.70502283105,SC1_OK017799.1,main,main
211,30,0.103475449498034,125.106471136332,41.5901889045216,125.268090169766,41.7752277736367,740.113502531134,740.010027081636,2020.60154738155,2020.70502283105,SC1_OK017796.1,main,main
212,29,0.0671709468573021,125.112432108746,41.5906394019453,125.198267452302,41.7156258428088,740.113502531134,740.046331584277,2020.63785188419,2020.70502283105,SC1_OK017797.1,main,main
212,33,0.0671709468573021,125.112432108746,41.5906394019453,125.107143254798,41.5955123686926,740.113502531134,740.046331584277,2020.63785188419,2020.70502283105,SC1_OK017795.1,main,main
255,256,1.98753162751089,116.093132494011,27.285187925479,116.013286877993,27.3599081269472,740.411175337712,738.423643710201,2019.01516401012,2021.00269563763,NA,main,main
198,199,5.31072243196118,107.738963950646,28.6773248991666,107.776693959901,28.8176855126077,740.423180339388,735.112457907427,2015.70397820734,2021.0147006393,NA,main,main
256,257,0.1172199579224,116.013286877993,27.3599081269472,115.89623006396,27.3172383870968,740.528395295635,740.411175337712,2021.00269563763,2021.11991559555,NA,main,main
223,23,13.7450757364081,111.503234516232,29.8560507827107,111.239854523293,29.8652428840831,740.531767371316,726.786691634908,2007.37821193482,2021.12328767123,SC1_OK017833.1,main,main
272,13,2.92706294846741,111.155443583579,28.4261526123338,111.264947119679,28.7701790612039,740.531767371316,737.604704422849,2018.19622472277,2021.12328767123,SC1_OK017803.1,main,main
272,14,2.92706294846741,111.155443583579,28.4261526123338,111.228767875081,28.3882373353031,740.531767371316,737.604704422849,2018.19622472277,2021.12328767123,SC1_OK017804.1,main,main
225,25,1.46436976791161,111.212030791257,29.8027290283377,111.281263560389,29.5726923201323,740.531767371316,739.067397603405,2019.65891790332,2021.12328767123,SC1_OK017832.1,main,main
220,19,7.29450485327319,109.3248719952,28.9146514475247,109.592832037831,28.7412556827843,740.608479700084,733.31397484681,2013.90549514673,2021.2,SC1_OK017834.1,main,main
220,20,7.29450485327319,109.3248719952,28.9146514475247,109.9848617125,28.7311080657073,740.608479700084,733.31397484681,2013.90549514673,2021.2,SC1_OK017835.1,main,main
271,15,7.00049482138031,111.247503117748,28.5574967553315,111.554757544724,28.5277162366304,740.608479700084,733.607984878703,2014.19950517862,2021.2,SC1_OK017805.1,main,main
198,133,5.49602179265658,107.738963950646,28.6773248991666,107.759744913316,28.6990868800344,740.608479700084,735.112457907427,2015.70397820734,2021.2,SC1_OK017829.1,main,main
199,131,0.185299360695407,107.776693959901,28.8176855126077,107.761673508745,28.8372217517264,740.608479700084,740.423180339388,2021.0147006393,2021.2,SC1_OK017830.1,main,main
199,132,0.185299360695407,107.776693959901,28.8176855126077,107.913767019711,28.7798594049844,740.608479700084,740.423180339388,2021.0147006393,2021.2,SC1_OK017831.1,main,main
278,9,5.90590815187076,101.730722816157,23.9909424985165,100.870636080161,23.1398157347887,740.733411206933,734.827503055062,2015.41902335498,2021.32493150685,SC1_OK017806.1,main,main
258,71,14.9491098757782,118.192842856235,26.8065790140701,118.358028324091,27.0193849353827,740.775602987755,725.826493111977,2006.41801341189,2021.36712328767,SC1_OK017809.1,main,main
259,72,5.60964376064176,118.485932382725,26.8424896508819,118.444527875452,26.9040898829825,740.775602987755,735.165959227113,2015.75747952703,2021.36712328767,SC1_OK017808.1,main,main
260,69,2.10613908039577,118.467020634572,26.7649524192709,118.371256519176,26.6980876387356,740.775602987755,738.669463907359,2019.26098420728,2021.36712328767,SC1_OK017811.1,main,main
260,70,2.10613908039577,118.467020634572,26.7649524192709,117.702260476781,25.890902890835,740.775602987755,738.669463907359,2019.26098420728,2021.36712328767,SC1_OK017810.1,main,main
261,45,8.55333473393362,116.181528985784,30.2396671571091,115.939862167647,30.3658521450805,740.942726275426,732.389391541493,2012.98091184141,2021.53424657534,SC1_OK017807.1,main,main
253,66,7.75395759267188,116.929333933925,27.8463443416223,116.721298373238,28.0122480806553,740.942726275426,733.188768682754,2013.78028898267,2021.53424657534,SC1_OK017836.1,main,main
255,62,2.51908256522472,116.093132494011,27.285187925479,116.208489162631,27.5391440378778,740.942726275426,738.423643710201,2019.01516401012,2021.53424657534,SC1_OK017844.1,main,main
254,68,2.148007830029,116.986517526112,28.0546961140314,116.978745224675,28.1039060319991,740.942726275426,738.794718445397,2019.38623874531,2021.53424657534,SC1_OK017845.1,main,main
254,67,2.148007830029,116.986517526112,28.0546961140314,115.49552878949,27.2217151211434,740.942726275426,738.794718445397,2019.38623874531,2021.53424657534,SC1_OK017837.1,main,main
225,26,1.87532867202136,111.212030791257,29.8027290283377,116.042262281959,29.6666778960486,740.942726275426,739.067397603405,2019.65891790332,2021.53424657534,SC1_OK017860.1,main,main
150,100,1.64996975832075,116.08137816582,26.109315633032,116.207308560373,26.1832032896586,740.942726275426,739.292756517105,2019.88427681702,2021.53424657534,SC1_OK017843.1,main,main
151,101,1.17650483564879,115.905687548272,26.1697974922508,115.889336360817,26.1964968169378,740.942726275426,739.766221439777,2020.35774173969,2021.53424657534,SC1_OK017842.1,main,main
151,102,1.17650483564879,115.905687548272,26.1697974922508,115.903973552916,26.183513602638,740.942726275426,739.766221439777,2020.35774173969,2021.53424657534,SC1_OK017841.1,main,main
256,65,0.531550937713838,116.013286877993,27.3599081269472,116.114540818362,27.3690151334921,740.942726275426,740.411175337712,2021.00269563763,2021.53424657534,SC1_OK017839.1,main,main
257,64,0.414330979791438,115.89623006396,27.3172383870968,115.904337885104,27.3274026044262,740.942726275426,740.528395295635,2021.11991559555,2021.53424657534,SC1_OK017840.1,main,main
257,63,0.414330979791438,115.89623006396,27.3172383870968,116.133937050578,27.4449514254199,740.942726275426,740.528395295635,2021.11991559555,2021.53424657534,SC1_OK017838.1,main,main
