node1,node2,length,startLon,startLat,endLon,endLat,endNodeL,startNodeL,startYear,endYear,tipLabel,startClade,endClade,distance,dispersal_velocity
143,144,435.431551147364,111.382536369294,30.9993199376993,123.612012522292,33.4536452015967,435.431551147364,0.0,1127.67733005342,1563.10888120079,,main,main,1183.6489163897402,2.718335208532363
144,145,256.119949764209,123.612012522292,33.4536452015967,122.875211872998,32.0511083050698,691.551500911573,435.431551147364,1563.10888120079,1819.22883096499,,main,main,170.17705721383567,0.6644428025638194
143,162,716.145056934621,111.382536369294,30.9993199376993,110.377687366885,29.1479671163943,716.145056934621,0.0,1127.67733005342,1843.82238698804,,main,main,226.94406968648715,0.3168967899574646
162,270,17.0821555246358,110.377687366885,29.1479671163943,109.915275664642,29.8390758024822,733.227212459257,716.145056934621,1843.82238698804,1860.90454251268,,main,main,88.76397233929983,5.1962981025014585
162,163,25.0270454736706,110.377687366885,29.1479671163943,108.54584479986,30.2129471559948,741.172102408291,716.145056934621,1843.82238698804,1868.84943246171,,main,main,213.00844492667795,8.51113029505504
163,164,23.8071038566725,108.54584479986,30.2129471559948,105.176799540721,25.1439067527735,764.979206264964,741.172102408291,1868.84943246171,1892.65653631838,,main,main,652.5807297994622,27.411176669293233
163,217,26.6246874129293,108.54584479986,30.2129471559948,110.520178005855,29.9628248805207,767.796789821221,741.172102408291,1868.84943246171,1895.47411987464,,main,main,192.33438419092568,7.223911447596021
217,218,23.5962800550013,110.520178005855,29.9628248805207,114.874072099363,29.1429195742354,791.393069876222,767.796789821221,1895.47411987464,1919.07039992964,,main,main,431.6066010744205,18.29129846180734
218,224,16.0864541659833,114.874072099363,29.1429195742354,114.876194468575,28.9046430294875,807.479524042205,791.393069876222,1919.07039992964,1935.15685409563,,main,main,26.410466045855415,1.641782941930326
218,219,29.2208783778412,114.874072099363,29.1429195742354,114.855234480447,29.1208568412983,820.613948254063,791.393069876222,1919.07039992964,1948.29127830748,,main,main,3.056219708559423,0.10459027511222997
219,220,7.23718609857852,114.855234480447,29.1208568412983,114.261847203029,28.4183089942975,827.851134352642,820.613948254063,1948.29127830748,1955.52846440606,,main,main,97.06010083402175,13.41130371831749
224,225,20.3907338760911,114.876194468575,28.9046430294875,114.340259615947,28.5297298766726,827.870257918296,807.479524042205,1935.15685409563,1955.54758797172,,main,main,66.84588190901657,3.278247968671489
145,146,137.300597856866,122.875211872998,32.0511083050698,119.258675167029,28.1118110390674,828.852098768439,691.551500911573,1819.22883096499,1956.52942882186,,main,main,558.7071312626671,4.069225771654043
224,228,22.0684848176176,114.876194468575,28.9046430294875,114.829303029744,28.7321008057365,829.548008859823,807.479524042205,1935.15685409563,1957.22533891324,,main,main,19.663441072337335,0.89101908150213
146,151,3.67930499472875,119.258675167029,28.1118110390674,119.108665214258,27.9940884946811,832.531403763167,828.852098768439,1956.52942882186,1960.20873381659,,main,main,19.690198112320562,5.3516080185062735
146,147,3.87548956926591,119.258675167029,28.1118110390674,119.301144528487,28.1266808307566,832.727588337705,828.852098768439,1956.52942882186,1960.40491839113,,main,main,4.4863631205982815,1.1576248730423193
220,221,9.17337712890751,114.261847203029,28.4183089942975,108.265960521023,28.471441543224,837.024511481549,827.851134352642,1955.52846440606,1964.70184153497,,main,main,587.2953916891621,64.02172105608234
164,167,81.5628481843467,105.176799540721,25.1439067527735,103.442678864939,25.7127444471322,846.542054449311,764.979206264964,1892.65653631838,1974.21938450273,,main,main,185.47818749270792,2.2740523611129158
147,148,14.1069231635159,119.301144528487,28.1266808307566,114.787447626686,27.3614360160062,846.834511501221,832.727588337705,1960.40491839113,1974.51184155464,,main,main,452.99735235402113,32.11170480644481
228,229,18.6274785871556,114.829303029744,28.7321008057365,114.861728075557,28.5154264981465,848.175487446978,829.548008859823,1957.22533891324,1975.8528175004,,main,main,24.222359056619297,1.300356295850024
151,152,20.6641844312113,119.108665214258,27.9940884946811,102.494862181151,21.8493422617257,853.195588194379,832.531403763167,1960.20873381659,1980.8729182478,,main,main,1808.804258913033,87.53330018585224
167,168,7.2094227703877,103.442678864939,25.7127444471322,103.376357840083,25.6623774287048,853.751477219698,846.542054449311,1974.21938450273,1981.42880727312,,main,main,8.686485856156317,1.204879521261476
148,149,10.1195073350276,114.787447626686,27.3614360160062,114.254583330424,26.7704801272154,856.954018836248,846.834511501221,1974.51184155464,1984.63134888967,,main,main,84.15273273930681,8.315892261673753
168,171,3.51124539235531,103.376357840083,25.6623774287048,103.292021874711,25.8328344711715,857.262722612054,853.751477219698,1981.42880727312,1984.94005266547,,main,main,20.692986919119175,5.893346834764663
171,172,1.37216452665547,103.292021874711,25.8328344711715,103.16947902584,25.7053075370181,858.634887138709,857.262722612054,1984.94005266547,1986.31221719213,,main,main,18.727207914652052,13.647931826584943
168,169,5.46278952833789,103.376357840083,25.6623774287048,103.847994407314,25.8966137042248,859.214266748036,853.751477219698,1981.42880727312,1986.89159680146,,main,main,53.95677483817272,9.877146933498942
172,173,2.29208605799856,103.16947902584,25.7053075370181,103.076276525985,25.127839373309,860.926973196708,858.634887138709,1986.31221719213,1988.60430325013,,main,main,64.65498090924484,28.207920328131703
229,242,13.443416273564,114.861728075557,28.5154264981465,115.269185907764,28.4150117322102,861.618903720542,848.175487446978,1975.8528175004,1989.29623377396,,main,main,41.42757094024793,3.0816252429610302
164,165,97.0306391978068,105.176799540721,25.1439067527735,99.1586805783558,25.2325810149734,862.009845462771,764.979206264964,1892.65653631838,1989.68717551619,,main,main,606.6296265782001,6.251938888514627
270,271,131.666996059346,109.915275664642,29.8390758024822,111.473205627941,31.0749677808482,864.894208518603,733.227212459257,1860.90454251268,1992.57153857202,,main,main,202.87358276752764,1.5408081663539044
173,174,4.01053126358953,103.076276525985,25.127839373309,102.817799756979,25.1793649317233,864.937504460297,860.926973196708,1988.60430325013,1992.61483451372,,main,main,26.678442194042102,6.652096802298507
221,222,28.235058214595,108.265960521023,28.471441543224,106.622860032366,31.7836045839856,865.259569696144,837.024511481549,1964.70184153497,1992.93689974957,,main,main,399.8351255839202,14.160945677712158
173,198,4.52276302525019,103.076276525985,25.127839373309,102.95769294506,25.1035590942187,865.449736221958,860.926973196708,1988.60430325013,1993.12706627538,,main,main,12.258494462304968,2.7103994602120136
198,199,1.49964408939485,102.95769294506,25.1035590942187,102.9669190635,25.101695479455,866.949380311353,865.449736221958,1993.12706627538,1994.62671036477,,main,main,0.953225347085492,0.6356343840691868
220,223,39.3855134881746,114.261847203029,28.4183089942975,111.313100578068,27.4846530019203,867.236647840816,827.851134352642,1955.52846440606,1994.91397789424,,main,main,308.0564449277825,7.821567313582839
152,153,14.0489138705323,102.494862181151,21.8493422617257,102.008987139653,21.9742754791314,867.244502064911,853.195588194379,1980.8729182478,1994.92183211833,,main,main,52.074529058765414,3.7066587167277127
174,175,2.73058227287215,102.817799756979,25.1793649317233,102.511468702564,25.0085033670509,867.668086733169,864.937504460297,1992.61483451372,1995.34541678659,,main,main,36.23643325068888,13.270588332273089
174,187,4.21930867120709,102.817799756979,25.1793649317233,102.953117853912,25.2912616456963,869.156813131504,864.937504460297,1992.61483451372,1996.83414318493,,main,main,18.42664486440946,4.367218968869095
199,201,2.34426615990049,102.9669190635,25.101695479455,103.036534849032,25.1360384593195,869.293646471253,866.949380311353,1994.62671036477,1996.97097652467,,main,main,7.985398230929638,3.4063530701089864
217,265,101.533276171812,110.520178005855,29.9628248805207,110.754419603138,30.0700106354171,869.330065993033,767.796789821221,1895.47411987464,1997.00739604645,,main,main,25.53074644111729,0.2514520106483594
153,154,3.23208547345423,102.008987139653,21.9742754791314,101.330852229874,21.2867361070424,870.476587538365,867.244502064911,1994.92183211833,1998.15391759179,,main,main,103.55776242349309,32.040539544524385
271,272,5.59153374526723,111.473205627941,31.0749677808482,111.510431470207,30.9531955419838,870.48574226387,864.894208518603,1992.57153857202,1998.16307231729,,main,main,13.960978693598037,2.496806659785403
229,230,22.4768974059358,114.861728075557,28.5154264981465,114.209310350939,22.5887948032725,870.652384852914,848.175487446978,1975.8528175004,1998.32971490634,,main,main,659.823534656862,29.355632262778972
165,166,9.0441555019337,99.1586805783558,25.2325810149734,98.9341744810611,25.2844392521472,871.054000964704,862.009845462771,1989.68717551619,1998.73133101813,,main,main,23.334448427193777,2.58005829534938
201,202,2.19343703326965,103.036534849032,25.1360384593195,102.896784325537,25.097887508366,871.487083504523,869.293646471253,1996.97097652467,1999.16441355794,,main,main,14.714404638554191,6.708377954492791
202,203,0.895278782727512,102.896784325537,25.097887508366,103.005361521596,25.1344877043682,872.38236228725,871.487083504523,1999.16441355794,2000.05969234067,,main,main,11.67700387010504,13.04286898716672
187,188,3.66023264484003,102.953117853912,25.2912616456963,103.050328961155,24.9895457440422,872.817045776344,869.156813131504,1996.83414318493,2000.49437582977,,main,main,34.83034492716771,9.515882815883131
175,176,5.17811304641596,102.511468702564,25.0085033670509,102.573723378167,25.0088103296796,872.846199779585,867.668086733169,1995.34541678659,2000.52352983301,,main,main,6.284266646659188,1.2136209832284088
242,245,11.3425296597758,115.269185907764,28.4150117322102,115.106183636383,27.2518134865209,872.961433380318,861.618903720542,1989.29623377396,2000.63876343374,,main,main,129.8981744790438,11.452310760949901
203,204,0.76612904411672,103.005361521596,25.1344877043682,105.743498804518,25.1084736004924,873.148491331367,872.38236228725,2000.05969234067,2000.82582138479,,main,main,276.15309858108543,360.4524599370409
245,246,0.936598177361237,115.106183636383,27.2518134865209,115.198949946257,27.2822716023153,873.89803155768,872.961433380318,2000.63876343374,2001.5753616111,,main,main,9.78605865820256,10.448513455122997
265,269,5.93285614597657,110.754419603138,30.0700106354171,111.005029938713,30.5404626285555,875.26292213901,869.330065993033,1997.00739604645,2002.94025219243,,main,main,57.45478546287872,9.684169656101016
246,247,1.4090957568231,115.198949946257,27.2822716023153,115.156866019969,27.325078684217,875.307127314503,873.89803155768,2001.5753616111,2002.98445736792,,main,main,6.312938078488524,4.480134190966171
230,232,5.09844775235618,114.209310350939,22.5887948032725,114.02282275441,22.1627524250087,875.75083260527,870.652384852914,1998.32971490634,2003.42816265869,,main,main,50.93747990564615,9.990781975181774
242,243,14.4040563014846,115.269185907764,28.4150117322102,115.979305622781,28.6939529538132,876.022960022027,861.618903720542,1989.29623377396,2003.70029007545,,main,main,76.05425843213182,5.280058397459404
269,59,1.09810397195261,111.005029938713,30.5404626285555,111.11475805757,30.5996071671222,876.361026110962,875.26292213901,2002.94025219243,2004.03835616438,SC1_DQ648857.1,main,main,12.401379335532107,11.293447298510731
232,233,0.757075081065409,114.02282275441,22.1627524250087,113.993269431674,22.2507057930105,876.507907686336,875.75083260527,2003.42816265869,2004.18523773976,,main,main,10.204944357386823,13.47943501591112
233,237,0.362535985262674,113.993269431674,22.2507057930105,114.07628935055,22.3676239976714,876.870443671598,876.507907686336,2004.18523773976,2004.54777372502,,main,main,15.51754872204173,42.80278193845654
272,131,6.7086171804255,111.510431470207,30.9531955419838,111.34455298907,30.7853471803196,877.194359444296,870.48574226387,1998.16307231729,2004.87168949772,SC1_DQ412042.1,main,main,24.452937424893804,3.6450041442583636
269,58,1.93143730528586,111.005029938713,30.5404626285555,111.220567533874,30.5291955454713,877.194359444296,875.26292213901,2002.94025219243,2004.87168949772,SC1_DQ412043.1,main,main,20.721680005295383,10.728631961589091
169,123,18.0620599093743,103.847994407314,25.8966137042248,108.149132157089,22.7354999110445,877.27632665741,859.214266748036,1986.89159680146,2004.95365671083,SC1_DQ071615.1,main,main,559.5506885274019,30.979339639826588
233,234,0.819637075987718,113.993269431674,22.2507057930105,113.972539545873,22.2516099152241,877.327544762323,876.507907686336,2004.18523773976,2005.00487481574,,main,main,2.13916685515516,2.6098951814463978
234,235,0.0650132427807826,113.972539545873,22.2516099152241,113.975224860297,22.2511806341196,877.392558005104,877.327544762323,2005.00487481574,2005.06988805853,,main,main,0.2808520430061122,4.31992054223651
234,51,0.162248471926411,113.972539545873,22.2516099152241,113.977954861759,22.29205659937,877.48979323425,877.327544762323,2005.00487481574,2005.16712328767,SC1_DQ022305.2,main,main,4.513462686147974,27.818213833132972
237,45,0.638527644843183,114.07628935055,22.3676239976714,114.000413070911,22.5504636573755,877.508971316442,876.870443671598,2004.54777372502,2005.18630136986,SC1_DQ084199.1,main,main,21.700994476422697,33.985990507509314
271,275,12.6294172967903,111.473205627941,31.0749677808482,126.12960917152,41.5024348256896,877.523625815393,864.894208518603,1992.57153857202,2005.20095586881,,main,main,1748.2867029054298,138.42972021755492
235,53,0.173947557912772,113.975224860297,22.2511806341196,113.960194877896,22.1743926096292,877.566505563017,877.392558005104,2005.06988805853,2005.24383561644,SC1_DQ084200.1,main,main,8.643046319773376,49.68765542605393
272,273,7.14344116645163,111.510431470207,30.9531955419838,113.133996580332,36.4585939180163,877.629183430322,870.48574226387,1998.16307231729,2005.30651348374,,main,main,628.886445551393,88.03690418910253
235,236,0.391425220703368,113.975224860297,22.2511806341196,113.951799145929,22.2427004864947,877.783983225808,877.392558005104,2005.06988805853,2005.46131327923,,main,main,2.5909361475852015,6.619236601385681
246,254,4.00738802133347,115.198949946257,27.2822716023153,117.443507868126,27.2662697807535,877.905419579013,873.89803155768,2001.5753616111,2005.58274963243,,main,main,222.24439982924218,55.45866750265169
237,238,1.10740862107439,114.07628935055,22.3676239976714,114.060677640503,22.3521844746511,877.977852292673,876.870443671598,2004.54777372502,2005.65518234609,,main,main,2.347068200049612,2.1194238110342
238,239,0.0915916188612051,114.060677640503,22.3521844746511,114.224432299142,22.362261522817,878.069443911534,877.977852292673,2005.65518234609,2005.74677396496,,main,main,16.903851769872414,184.55675289993454
232,55,2.32800172487002,114.02282275441,22.1627524250087,113.991486564686,22.1928254406378,878.07883433014,875.75083260527,2003.42816265869,2005.75616438356,SC1_GQ153539.1,main,main,4.6404552664260645,1.9933212320472642
239,50,0.0093904186063369,114.224432299142,22.362261522817,114.225050008498,22.3618430986102,878.07883433014,878.069443911534,2005.74677396496,2005.75616438356,SC1_GQ153540.1,main,main,0.0787065988469272,8.381585757403181
239,240,0.0469802810211899,114.224432299142,22.362261522817,114.216495911542,22.3619378173989,878.116424192555,878.069443911534,2005.74677396496,2005.79375424598,,main,main,0.8182171889313463,17.416183367704825
236,52,0.533207268716243,113.951799145929,22.2427004864947,113.966418311692,22.2790749770742,878.317190494524,877.783983225808,2005.46131327923,2005.99452054795,SC1_GQ153541.1,main,main,4.300511676427348,8.065365813150517
230,231,7.70283427933409,114.209310350939,22.5887948032725,114.113197598453,22.3497297620901,878.355219132248,870.652384852914,1998.32971490634,2006.03254918567,,main,main,28.26095729656778,3.6689037141028744
204,84,5.21253477959523,105.743498804518,25.1084736004924,105.861432183616,24.9775604973214,878.361026110962,873.148491331367,2000.82582138479,2006.03835616438,SC1_FJ588686.1,main,main,18.760032243641334,3.599022939295977
231,56,0.129094649946907,114.113197598453,22.3497297620901,114.116357198809,22.3497039528591,878.484313782195,878.355219132248,2006.03254918567,2006.16164383562,SC1_GQ153542.1,main,main,0.32547365801248285,2.521201755040515
231,57,0.129094649946907,114.113197598453,22.3497297620901,114.389743044083,22.505175916153,878.484313782195,878.355219132248,2006.03254918567,2006.16164383562,SC1_GQ153543.1,main,main,33.26953314932936,257.7142675007228
247,248,3.50029800635065,115.156866019969,27.325078684217,115.491249688063,27.8667762462082,878.807425320853,875.307127314503,2002.98445736792,2006.48475537427,,main,main,68.50593160009055,19.57145690904005
240,241,0.79927974103569,114.216495911542,22.3619378173989,114.110078649171,22.4476941499756,878.915703933591,878.116424192555,2005.79375424598,2006.59303398701,,main,main,14.499809681796206,18.141094960079503
241,49,0.100116697919328,114.110078649171,22.4476941499756,114.10851742828,22.4614347213529,879.01582063151,878.915703933591,2006.59303398701,2006.69315068493,SC1_GQ153544.1,main,main,1.5300443245853481,15.28260875941221
241,48,0.100116697919328,114.110078649171,22.4476941499756,114.228941219943,22.537447252432,879.01582063151,878.915703933591,2006.59303398701,2006.69315068493,SC1_GQ153545.1,main,main,15.760229477088258,157.41859055107403
175,177,11.5587841898977,102.511468702564,25.0085033670509,102.505491155546,24.929237225036,879.226870923067,867.668086733169,1995.34541678659,2006.90420097649,,main,main,8.801223882606086,0.7614316296603493
154,155,8.79792826502331,101.330852229874,21.2867361070424,102.004619533626,21.6586119604582,879.274515803389,870.476587538365,1998.15391759179,2006.95184585681,,main,main,81.06450118425613,9.214044345704988
188,189,6.52045525211604,103.050328961155,24.9895457440422,103.05533723516,24.9647019172086,879.33750102846,872.817045776344,2000.49437582977,2007.01483108188,,main,main,2.7980872511731354,0.4291245232094938
240,46,1.42268411018778,114.216495911542,22.3619378173989,114.296829798709,22.2604739055974,879.539108302743,878.116424192555,2005.79375424598,2007.21643835616,SC1_GQ153546.1,main,main,13.955292266896683,9.809129213550241
236,54,1.94416617282576,113.951799145929,22.2427004864947,114.411723578113,22.258466093535,879.728149398633,877.783983225808,2005.46131327923,2007.40547945205,SC1_GQ153547.1,main,main,47.441009969480575,24.40172585686292
188,194,7.36505151989778,103.050328961155,24.9895457440422,102.753096691119,25.0126891564605,880.182097296242,872.817045776344,2000.49437582977,2007.85942734966,,main,main,30.114667556076803,4.088860407115627
238,47,2.25440669500183,114.060677640503,22.3521844746511,113.942947635357,22.3905399905023,880.232258987675,877.977852292673,2005.65518234609,2007.9095890411,SC1_GQ153548.1,main,main,12.847521659593639,5.698848254876749
275,276,3.23383589490112,126.12960917152,41.5024348256896,126.027888706363,41.3459696422052,880.757461710294,877.523625815393,2005.20095586881,2008.43479176372,,main,main,19.346216711577668,5.982436134771524
265,266,11.4329373708985,110.754419603138,30.0700106354171,111.505822891198,26.7284981655079,880.763003363932,869.330065993033,1997.00739604645,2008.44033341735,,main,main,377.57272881084936,33.02499756291208
189,191,3.77906046623884,103.05533723516,24.9647019172086,102.971315311495,25.0113511491692,883.116561494699,879.33750102846,2007.01483108188,2010.79389154812,,main,main,9.932837989249679,2.6283882139455335
165,127,21.3511806481916,99.1586805783558,25.2325810149734,98.9986898957482,25.1079855596049,883.361026110962,862.009845462771,1989.68717551619,2011.03835616438,SC1_JX993988.1,main,main,21.228153836626472,0.9942379387073591
166,126,12.3070251462579,98.9341744810611,25.2844392521472,99.1147601436243,25.1033146202076,883.361026110962,871.054000964704,1998.73133101813,2011.03835616438,SC1_KF569996.1,main,main,27.089933701888935,2.2011764321555773
273,274,5.83416947416247,113.133996580332,36.4585939180163,113.169727895447,36.4646200925154,883.463352904484,877.629183430322,2005.30651348374,2011.14068295791,,main,main,3.2718528080527474,0.5608086673763348
276,277,2.75326706571987,126.027888706363,41.3459696422052,126.197834415938,41.4376980132282,883.510728776014,880.757461710294,2008.43479176372,2011.18805882944,,main,main,17.48729563821367,6.351470896500713
203,81,11.2690747826162,103.005361521596,25.1344877043682,103.053301029289,25.0775408427601,883.651437069866,872.38236228725,2000.05969234067,2011.32876712329,SC1_KC881005.1,main,main,7.948245129067487,0.7053147913552352
222,67,18.7672098394757,106.622860032366,31.7836045839856,108.099756521518,33.286331593889,884.02677953562,865.259569696144,1992.93689974957,2011.70410958904,SC1_JX993987.1,main,main,216.8345809347419,11.55390613678989
177,178,4.93751100061101,102.505491155546,24.929237225036,102.531889896118,24.9805811059011,884.164381923678,879.226870923067,2006.90420097649,2011.8417119771,,main,main,6.281285115029243,1.2721561763106843
245,256,11.317874245478,115.106183636383,27.2518134865209,113.562413619663,24.8179894300686,884.279307625796,872.961433380318,2000.63876343374,2011.95663767922,,main,main,310.76291856039546,27.457710858075597
147,13,51.6334377732576,119.301144528487,28.1266808307566,119.374343108779,28.247859379618,884.361026110962,832.727588337705,1960.40491839113,2012.03835616438,SC1_KF294457.1,main,main,15.231739212755166,0.2949975804369956
166,125,13.3070251462579,98.9341744810611,25.2844392521472,98.6507640467925,24.5634969754853,884.361026110962,871.054000964704,1998.73133101813,2012.03835616438,SC1_KU973692.1,main,main,84.83610860047325,6.375287313883992
273,130,6.73184268064061,113.133996580332,36.4585939180163,112.570432531433,35.1839599242422,884.361026110962,877.629183430322,2005.30651348374,2012.03835616438,SC1_KY770860.1,main,main,150.31691605956817,22.32923780168669
276,133,3.60356440066807,126.027888706363,41.3459696422052,125.843136548834,41.114797733138,884.361026110962,880.757461710294,2008.43479176372,2012.03835616438,SC1_KJ473811.1,main,main,29.984469772110327,8.320780881993246
194,195,4.25184388559777,102.753096691119,25.0126891564605,102.78566129602,25.1305594508191,884.43394118184,880.182097296242,2007.85942734966,2012.11127123526,,main,main,13.463974704695676,3.1666201927831987
247,251,9.18800319788994,115.156866019969,27.325078684217,114.766025039395,27.2098999461554,884.495130512393,875.307127314503,2002.98445736792,2012.17246056581,,main,main,40.7507799836654,4.43521612977061
172,206,25.8854992242789,103.16947902584,25.7053075370181,102.401010212255,25.1442567282714,884.520386362988,858.634887138709,1986.31221719213,2012.19771641641,,main,main,99.19386784801188,3.832024524177403
195,108,0.140199683220791,102.78566129602,25.1305594508191,102.695640150055,25.0755225400698,884.574140865061,884.43394118184,2012.11127123526,2012.25147091848,SC1_KC881006.1,main,main,10.936947017396799,78.00978408897645
178,185,0.442668285363769,102.531889896118,24.9805811059011,102.43652947894,24.9576803303827,884.607050209042,884.164381923678,2011.8417119771,2012.28438026246,,main,main,9.957597914806826,22.494491347226347
185,186,0.101488536466986,102.43652947894,24.9576803303827,102.788053106407,24.7007374139783,884.708538745509,884.607050209042,2012.28438026246,2012.38586879893,,main,main,45.528177644390844,448.6041402242613
178,179,0.579282648308686,102.531889896118,24.9805811059011,102.556477841149,24.9666295183317,884.743664571987,884.164381923678,2011.8417119771,2012.42099462541,,main,main,2.924405656510362,5.048322550396875
191,192,1.81232739909819,102.971315311495,25.0113511491692,102.996127321624,25.0345988315168,884.928888893797,883.116561494699,2010.79389154812,2012.60621894722,,main,main,3.5921197271088214,1.9820479064082195
195,107,0.593751595789191,102.78566129602,25.1305594508191,102.871463619359,25.0826850016656,885.027692777629,884.43394118184,2012.11127123526,2012.70502283105,SC1_KF367457.1,main,main,10.149920658869629,17.094557270837743
201,86,15.7804943938075,103.036534849032,25.1360384593195,102.572646341916,24.811550269153,885.074140865061,869.293646471253,1996.97097652467,2012.75147091848,SC1_KY417145.1,main,main,59.041729818321464,3.741437267104275
186,92,0.365602119551877,102.788053106407,24.7007374139783,102.757590184496,24.6775071919668,885.074140865061,884.708538745509,2012.38586879893,2012.75147091848,SC1_KY417144.1,main,main,4.0156759589998074,10.983732708994879
192,110,0.145251971263271,102.996127321624,25.0345988315168,102.888310448898,24.8861352681282,885.074140865061,884.928888893797,2012.60621894722,2012.75147091848,SC1_KY417143.1,main,main,19.723067130116217,135.78519422891628
204,205,11.9383494883075,105.743498804518,25.1084736004924,105.625911356882,24.8501571710722,885.086840819675,873.148491331367,2000.82582138479,2012.7641708731,,main,main,30.979626352767838,2.59496728447341
199,200,18.2009342784432,102.9669190635,25.101695479455,101.799570701929,25.1016364520574,885.150314589796,866.949380311353,1994.62671036477,2012.82764464322,,main,main,117.74640153942954,6.469250409792748
144,19,449.929474963598,123.612012522292,33.4536452015967,141.511988563249,39.4903128009582,885.361026110962,435.431551147364,1563.10888120079,2013.03835616438,SC1_LC556375.1,main,main,1734.5431037214507,3.8551444176040826
219,64,64.7470778568991,114.855234480447,29.1208568412983,115.314640099378,29.7494359209751,885.361026110962,820.613948254063,1948.29127830748,2013.03835616438,SC1_KJ473814.1,main,main,82.71224693059314,1.2774668706037946
225,70,57.4907681926659,114.340259615947,28.5297298766726,111.712723828288,24.2011652196656,885.361026110962,827.870257918296,1955.54758797172,2013.03835616438,SC1_KJ473815.1,main,main,546.5421504862804,9.506607193952973
198,89,19.9112898890045,102.95769294506,25.1035590942187,102.824436409575,25.0042426703933,885.361026110962,865.449736221958,1993.12706627538,2013.03835616438,SC1_KJ473816.1,main,main,17.373583396790984,0.8725493674011094
274,129,1.89767320647814,113.169727895447,36.4646200925154,113.07895975642,36.3855532765734,885.361026110962,883.463352904484,2011.14068295791,2013.03835616438,SC1_KJ473813.1,main,main,11.968148759628544,6.306749085549893
274,128,1.89767320647814,113.169727895447,36.4646200925154,114.371003843382,36.4353746008585,885.361026110962,883.463352904484,2011.14068295791,2013.03835616438,SC1_KJ473812.1,main,main,107.74098003335898,56.77530760594637
205,83,0.274185291287683,105.625911356882,24.8501571710722,105.615995361005,24.8488035678369,885.361026110962,885.086840819675,2012.7641708731,2013.03835616438,SC1_KY770858.1,main,main,1.0133905256700315,3.696006160325914
205,82,0.274185291287683,105.625911356882,24.8501571710722,105.466343758406,25.2612231849115,885.361026110962,885.086840819675,2012.7641708731,2013.03835616438,SC1_KY770859.1,main,main,48.298115448820106,176.15137275232007
192,193,0.598917004358585,102.996127321624,25.0345988315168,102.87715730318,24.9199772974124,885.527805898156,884.928888893797,2012.60621894722,2013.20513595158,,main,main,17.478718660797508,29.18387444937631
176,90,12.8052372902812,102.573723378167,25.0088103296796,102.621996338826,24.9431429213352,885.651437069866,872.846199779585,2000.52352983301,2013.32876712329,SC1_KY417148.1,main,main,8.756146219593546,0.6837941399367277
194,106,5.46933977362442,102.753096691119,25.0126891564605,102.833431254005,25.0407350344355,885.651437069866,880.182097296242,2007.85942734966,2013.32876712329,SC1_KY417147.1,main,main,8.682850698072238,1.587550062247877
191,112,2.53487557516732,102.971315311495,25.0113511491692,102.589883003026,25.1137545455774,885.651437069866,883.116561494699,2010.79389154812,2013.32876712329,SC1_KY417149.1,main,main,40.12301691901194,15.828396988031072
185,94,1.04438686082472,102.43652947894,24.9576803303827,102.586399010914,24.6393210851472,885.651437069866,884.607050209042,2012.28438026246,2013.32876712329,SC1_KY417146.1,main,main,38.38272900633795,36.751447615903835
200,88,0.599752617056854,101.799570701929,25.1016364520574,101.869645219069,25.2560668641424,885.750067206853,885.150314589796,2012.82764464322,2013.42739726027,SC1_KP886808.1,main,main,18.508104987424186,30.859565195810887
200,87,0.599752617056854,101.799570701929,25.1016364520574,101.834814718479,25.057862970701,885.750067206853,885.150314589796,2012.82764464322,2013.42739726027,SC1_KP886809.1,main,main,6.012875816027793,10.025593294673023
256,257,1.53936342295382,113.562413619663,24.8179894300686,113.480006622411,24.6519948674865,885.81867104875,884.279307625796,2011.95663767922,2013.49600110217,,main,main,20.188726986934164,13.114984210937571
189,190,6.50367371738214,103.05533723516,24.9647019172086,103.067373669112,25.1052793494678,885.841174745842,879.33750102846,2007.01483108188,2013.51850479926,,main,main,15.619547880637539,2.401649984206883
193,111,0.383905144313138,102.87715730318,24.9199772974124,102.640706745603,24.6675365841934,885.911711042469,885.527805898156,2013.20513595158,2013.58904109589,SC1_KY417150.1,main,main,36.79098427636854,95.83352768609795
193,109,0.383905144313138,102.87715730318,24.9199772974124,102.838300100498,24.9199540350606,885.911711042469,885.527805898156,2013.20513595158,2013.58904109589,SC1_KT444582.1,main,main,3.9251761444773026,10.224338492520104
277,134,2.43111925275638,126.197834415938,41.4376980132282,126.037453280533,41.6052465176304,885.94184802877,883.510728776014,2011.18805882944,2013.61917808219,SC1_KU182964.1,main,main,22.923477598634687,9.429186812882282
190,114,0.878755474708871,103.067373669112,25.1052793494678,103.05106378676,25.0208265394581,886.719930220551,885.841174745842,2013.51850479926,2014.39726027397,SC1_KY417142.1,main,main,9.498798586041119,10.80937628205166
266,267,6.13701618723965,111.505822891198,26.7284981655079,111.779029470798,26.6362761722543,886.900019551171,880.763003363932,2008.44033341735,2014.57734960459,,main,main,29.049263624533637,4.733450709309539
254,255,9.18801601377375,117.443507868126,27.2662697807535,117.503037526409,27.2726723186827,887.093435592787,877.905419579013,2005.58274963243,2014.77076564621,,main,main,5.9370013784294935,0.6461679397956358
190,113,1.33081026922943,103.067373669112,25.1052793494678,102.638387186296,25.1189857992851,887.171985015072,885.841174745842,2013.51850479926,2014.84931506849,SC1_KY417151.1,main,main,43.29345171848821,32.531648364538185
248,249,8.56442379272663,115.491249688063,27.8667762462082,114.089599620161,29.4125711482559,887.37184911358,878.807425320853,2006.48475537427,2015.049179167,,main,main,219.3853287701524,25.615888947072683
179,180,2.97330879417696,102.556477841149,24.9666295183317,102.535853078182,25.0216136618022,887.716973366164,884.743664571987,2012.42099462541,2015.39430341958,,main,main,6.436819008922498,2.164867309284729
149,12,30.9028976856731,114.254583330424,26.7704801272154,122.353755565224,30.1910255679782,887.856916521921,856.954018836248,1984.63134888967,2015.53424657534,SC1_MG772934.1,main,main,878.694868802623,28.434060706546457
180,181,0.168005981481573,102.535853078182,25.0216136618022,102.533539135908,25.0219520395582,887.884979347645,887.716973366164,2015.39430341958,2015.56230940107,,main,main,0.23654023708611666,1.4079274737730725
181,182,0.0642947923655557,102.533539135908,25.0219520395582,102.521109216468,25.0524895638049,887.949274140011,887.884979347645,2015.56230940107,2015.62660419343,,main,main,3.6078459332841164,56.11412371893634
182,183,0.0168081347530382,102.521109216468,25.0524895638049,102.509995879612,25.0502301868556,887.966082274764,887.949274140011,2015.62660419343,2015.64341232819,,main,main,1.1490148135208644,68.36063789369437
249,250,0.75257427439541,114.089599620161,29.4125711482559,114.084325130781,29.3821508637672,888.124423387975,887.37184911358,2015.049179167,2015.8017534414,,main,main,3.410501014923809,4.531779959743744
186,93,3.44152846134383,102.788053106407,24.7007374139783,102.587197515851,24.689109315286,888.150067206853,884.708538745509,2012.38586879893,2015.82739726027,SC1_KY417152.1,main,main,20.366936886919337,5.917991705047983
167,212,41.8031383738216,103.442678864939,25.7127444471322,111.467105299827,23.0694665490707,888.345192823132,846.542054449311,1974.21938450273,2016.02252287655,,main,main,864.8483335482467,20.688598205579734
212,214,0.166939554226562,111.467105299827,23.0694665490707,111.682077400161,23.3562185368156,888.512132377359,888.345192823132,2016.02252287655,2016.18946243078,,main,main,38.63561363827983,231.43474784798758
181,184,0.656436870980865,102.533539135908,25.0219520395582,102.961867184907,24.9917667462766,888.541416218626,887.884979347645,2015.56230940107,2016.21874627205,,main,main,43.36643414635784,66.06337343842156
214,215,0.102432642827622,111.682077400161,23.3562185368156,111.892030638014,23.4461750370753,888.614565020186,888.512132377359,2016.18946243078,2016.29189507361,,main,main,23.660516639829066,230.98609961324524
275,132,11.1297500223451,126.12960917152,41.5024348256896,127.236414202835,35.5933409677286,888.653375837738,877.523625815393,2005.20095586881,2016.33070589116,SC1_KY938558.1,main,main,662.9913692082356,59.569295615548754
256,259,4.47534421295116,113.562413619663,24.8179894300686,112.814801123989,24.4911258282814,888.754651838747,884.279307625796,2011.95663767922,2016.43198189217,,main,main,83.89561647289271,18.746181853477978
257,39,3.03962282177502,113.480006622411,24.6519948674865,113.294065098539,24.5822425187614,888.858293870525,885.81867104875,2013.49600110217,2016.53562392395,SC1_OK017812.1,main,main,20.352150686887132,6.695617147328258
270,142,155.71578086482,109.915275664642,29.8390758024822,103.757442979866,30.8989612219418,888.942993324077,733.227212459257,1860.90454251268,2016.6203233775,SC1_MK211374.1,main,main,603.3963558863815,3.8749852618354845
222,68,23.6834236279328,106.622860032366,31.7836045839856,106.62975611926,30.900302606256,888.942993324077,865.259569696144,1992.93689974957,2016.6203233775,SC1_OK017846.1,main,main,97.93863252158245,4.135324100949293
179,102,4.1993287520903,102.556477841149,24.9666295183317,102.64627787778,25.0137719780774,888.942993324077,884.743664571987,2012.42099462541,2016.6203233775,SC1_OK017848.1,main,main,10.462476068127392,2.4914639185892473
180,100,1.22601995791334,102.535853078182,25.0216136618022,102.76842649319,25.1206031919261,888.942993324077,887.716973366164,2015.39430341958,2016.6203233775,SC1_OK017851.1,main,main,25.900515611638834,21.125688406998663
182,99,0.993719184066209,102.521109216468,25.0524895638049,102.71464494585,24.9945537219932,888.942993324077,887.949274140011,2015.62660419343,2016.6203233775,SC1_OK017849.1,main,main,20.560977941099907,20.690933888350877
183,101,0.976911049313171,102.509995879612,25.0502301868556,102.481489897022,24.5709122735372,888.942993324077,887.966082274764,2015.64341232819,2016.6203233775,SC1_OK017847.1,main,main,53.172247375703634,54.42895482970228
183,95,0.976911049313171,102.509995879612,25.0502301868556,102.7267625195,25.2778982259233,888.942993324077,887.966082274764,2015.64341232819,2016.6203233775,SC1_OK017850.1,main,main,33.370965453204356,34.159676540321875
259,260,0.223398791014089,112.814801123989,24.4911258282814,112.851544238166,24.5016880155682,888.978050629762,888.754651838747,2016.43198189217,2016.65538068318,,main,main,3.9036345536652908,17.473839209000474
202,85,17.5406092731062,102.896784325537,25.097887508366,102.845693930779,25.1159069256502,889.027692777629,871.487083504523,1999.16441355794,2016.70502283105,SC1_MK211375.1,main,main,5.526202099631909,0.3150518897940935
177,96,9.80082185456205,102.505491155546,24.929237225036,102.383504745223,24.9935927628945,889.027692777629,879.226870923067,2006.90420097649,2016.70502283105,SC1_MK211378.1,main,main,14.232443897455045,1.4521684108389523
184,97,0.486276559002948,102.961867184907,24.9917667462766,102.910032849418,24.9845699153692,889.027692777629,888.541416218626,2016.21874627205,2016.70502283105,SC1_MK211376.1,main,main,5.29355640626457,10.885896735632036
184,98,0.486276559002948,102.961867184907,24.9917667462766,102.978772129394,24.9778997014984,889.027692777629,888.541416218626,2016.21874627205,2016.70502283105,SC1_MK211377.1,main,main,2.2962181655280034,4.7220416510228755
251,252,4.55878962945643,114.766025039395,27.2098999461554,114.256536212804,26.8761726542397,889.053920141849,884.495130512393,2012.17246056581,2016.73125019527,,main,main,62.63135313820064,13.738592527611003
267,268,2.17739873617141,111.779029470798,26.6362761722543,111.717858117621,26.633794536042,889.077418287343,886.900019551171,2014.57734960459,2016.75474834076,,main,main,6.097236580080649,2.8002388716370867
257,258,3.36097297180915,113.480006622411,24.6519948674865,113.600715518332,24.7208524178858,889.179644020559,885.81867104875,2013.49600110217,2016.85697407398,,main,main,14.40184156207754,4.285021534798387
260,261,0.38000298736422,112.851544238166,24.5016880155682,112.965101273541,24.4496636815197,889.358053617126,888.978050629762,2016.65538068318,2017.03538367055,,main,main,12.873494157798799,33.8773498784629
151,1,56.914553854644,119.108665214258,27.9940884946811,122.128413558553,30.1807326856772,889.445957617811,832.531403763167,1960.20873381659,2017.12328767123,SC1_MG772933.1,main,main,380.980537529031,6.693903610349473
261,262,0.201505164614563,112.965101273541,24.4496636815197,112.955697956434,24.4428639379562,889.55955878174,889.358053617126,2017.03538367055,2017.23688883516,,main,main,1.2150652972000366,6.0299461779265116
277,278,6.18784046820834,126.197834415938,41.4376980132282,124.863850508357,40.8622484305686,889.698569244222,883.510728776014,2011.18805882944,2017.37589929764,,main,main,128.93080421689766,20.836155178743475
261,263,0.528538317804429,112.965101273541,24.4496636815197,112.9781548701,24.7116862282508,889.88659193493,889.358053617126,2017.03538367055,2017.56392198835,,main,main,29.05346985904998,54.96946745458182
263,264,0.0427427126313038,112.9781548701,24.7116862282508,112.955071443854,24.7063829301802,889.929334647562,889.88659193493,2017.56392198835,2017.60666470098,,main,main,2.408469894627523,56.34808242993014
206,74,5.4214616657825,102.401010212255,25.1442567282714,112.315505327763,24.162447441385,889.94184802877,884.520386362988,2012.19771641641,2017.61917808219,SC1_OK017792.1,main,main,1009.2968029026331,186.166916806366
228,20,60.478770675797,114.829303029744,28.7321008057365,112.631895745641,24.4632781300879,890.02677953562,829.548008859823,1957.22533891324,2017.70410958904,SC1_OK017823.1,main,main,521.1250417649725,8.616660622262309
214,122,1.51464715826109,111.682077400161,23.3562185368156,111.750554764947,23.4208960246227,890.02677953562,888.512132377359,2016.18946243078,2017.70410958904,SC1_OK017824.1,main,main,10.015566717837418,6.612475165064791
215,119,1.41221451543347,111.892030638014,23.4461750370753,111.896532564007,23.4479650121354,890.02677953562,888.614565020186,2016.29189507361,2017.70410958904,SC1_OK017822.1,main,main,0.5009120393686162,0.3546996818786164
259,38,1.27212769687242,112.814801123989,24.4911258282814,112.829445035217,24.5196412464008,890.02677953562,888.754651838747,2016.43198189217,2017.70410958904,SC1_OK017817.1,main,main,3.489848600634536,2.7433162639367707
260,34,1.04872890585833,112.851544238166,24.5016880155682,112.864900958235,24.429901907494,890.02677953562,888.978050629762,2016.65538068318,2017.70410958904,SC1_OK017815.1,main,main,8.065869262350779,7.691090821749864
258,40,0.847135515060618,113.600715518332,24.7208524178858,112.725282350175,23.4338234212416,890.02677953562,889.179644020559,2016.85697407398,2017.70410958904,SC1_OK017819.1,main,main,168.06334466747379,198.39015326307947
258,41,0.847135515060618,113.600715518332,24.7208524178858,113.671583807253,24.7293151101961,890.02677953562,889.179644020559,2016.85697407398,2017.70410958904,SC1_OK017813.1,main,main,7.231014818279954,8.53584189273723
262,32,0.467220753879551,112.955697956434,24.4428639379562,112.877973529454,24.3800685540666,890.02677953562,889.55955878174,2017.23688883516,2017.70410958904,SC1_OK017821.1,main,main,10.513054893009686,22.50125835745717
262,36,0.467220753879551,112.955697956434,24.4428639379562,113.219648001758,24.5630974574284,890.02677953562,889.55955878174,2017.23688883516,2017.70410958904,SC1_OK017814.1,main,main,29.8835933985851,63.960329566800574
263,37,0.140187600689685,112.9781548701,24.7116862282508,113.003224580989,24.678656554742,890.02677953562,889.88659193493,2017.56392198835,2017.70410958904,SC1_OK017820.1,main,main,4.452193437862802,31.758824717444462
264,35,0.0974448880583814,112.955071443854,24.7063829301802,113.166867346643,24.7375431326732,890.02677953562,889.929334647562,2017.60666470098,2017.70410958904,SC1_OK017818.1,main,main,21.704873996973404,222.7399962117
264,33,0.0974448880583814,112.955071443854,24.7063829301802,112.955688813368,24.7094430690458,890.02677953562,889.929334647562,2017.60666470098,2017.70410958904,SC1_OK017816.1,main,main,0.3446755620944487,3.5371333372351548
153,157,23.1453964383752,102.008987139653,21.9742754791314,102.571236828772,23.120654006885,890.389898503286,867.244502064911,1994.92183211833,2018.06722855671,,main,main,139.49980360075025,6.027107981155975
212,213,2.41911607322743,111.467105299827,23.0694665490707,112.914841544089,22.4940084860577,890.76430889636,888.345192823132,2016.02252287655,2018.44163894978,,main,main,161.7447921157726,66.86111257984535
157,8,0.551949525484139,102.571236828772,23.120654006885,102.510662336986,23.1150100910158,890.94184802877,890.389898503286,2018.06722855671,2018.61917808219,SC1_MW703458.1,main,main,6.236248759590015,11.298585235887156
243,244,14.9581140459972,115.979305622781,28.6939529538132,116.147938287741,28.9626015046495,890.981074068024,876.022960022027,2003.70029007545,2018.65840412145,,main,main,34.02112882908826,2.274426356455835
215,216,3.05165138373389,111.892030638014,23.4461750370753,112.668850387927,22.4100580103377,891.66621640392,888.614565020186,2016.29189507361,2019.34354645734,,main,main,139.69644845032033,45.777328693224725
225,226,63.8490091990995,114.340259615947,28.5297298766726,114.959194978933,28.0055781177598,891.719267117396,827.870257918296,1955.54758797172,2019.39659717082,,main,main,84.03673241846724,1.3161791149556705
278,279,2.09260254538807,124.863850508357,40.8622484305686,124.783885245003,41.2057597776979,891.79117178961,889.698569244222,2017.37589929764,2019.46850184303,,main,main,38.73662186723031,18.511217981934866
154,3,21.3638906273915,101.330852229874,21.2867361070424,101.555672927705,21.3293485942988,891.840478165757,870.476587538365,1998.15391759179,2019.51780821918,SC1_EPI_ISL_412977,main,main,23.79876904385604,1.1139716758024725
206,207,7.37820167218895,102.401010212255,25.1442567282714,100.92233995448,24.0357722794349,891.898588035177,884.520386362988,2012.19771641641,2019.5759180886,,main,main,193.65812798661207,26.24733459327603
207,210,0.0062890816446805,100.92233995448,24.0357722794349,100.874662679397,23.9835483339858,891.904877116822,891.898588035177,2019.5759180886,2019.58220717024,,main,main,7.549072713744073,1200.345796135325
279,280,0.134412474886527,124.783885245003,41.2057597776979,125.104785853364,41.3564218449133,891.925584264497,891.79117178961,2019.46850184303,2019.60291431792,,main,main,31.6657811703034,235.58662391296733
216,121,0.275631624850138,112.668850387927,22.4100580103377,112.730576200841,22.4284536686003,891.94184802877,891.66621640392,2019.34354645734,2019.61917808219,SC1_OK017825.1,main,main,6.673535960565106,24.211793418819536
216,120,0.275631624850138,112.668850387927,22.4100580103377,112.606613063553,22.4582020388636,891.94184802877,891.66621640392,2019.34354645734,2019.61917808219,SC1_OK017826.1,main,main,8.335013264470104,30.239684103744935
207,208,0.0534092733419167,100.92233995448,24.0357722794349,100.924865219767,24.0328449450501,891.951997308519,891.898588035177,2019.5759180886,2019.62932736194,,main,main,0.4136569287979817,7.7450394456749745
268,62,2.94936124827724,111.717858117621,26.633794536042,111.211866901868,26.2289294048036,892.02677953562,889.077418287343,2016.75474834076,2019.70410958904,SC1_OK017859.1,main,main,67.52455722175458,22.894637698653067
213,118,1.26247063926022,112.914841544089,22.4940084860577,112.894200128947,22.4854889662057,892.02677953562,890.76430889636,2018.44163894978,2019.70410958904,SC1_OK017827.1,main,main,2.3241709238681634,1.840970278112825
213,117,1.26247063926022,112.914841544089,22.4940084860577,112.862837831725,22.4792302525046,892.02677953562,890.76430889636,2018.44163894978,2019.70410958904,SC1_OK017828.1,main,main,5.596131331421818,4.432682359013931
155,156,12.9595576408299,102.004619533626,21.6586119604582,102.022303411205,18.696629159241,892.234073444219,879.274515803389,2006.95184585681,2019.91140349764,,main,main,327.91655829195213,25.303067232698623
280,281,0.496587120468758,125.104785853364,41.3564218449133,125.170624747432,41.3587518743341,892.422171384966,891.925584264497,2019.60291431792,2020.09950143839,,main,main,5.515395543872195,11.106602077528484
210,211,0.560419926859227,100.874662679397,23.9835483339858,100.645104729522,24.0885109863581,892.465297043681,891.904877116822,2019.58220717024,2020.1426270971,,main,main,26.085273237213162,46.545941689481666
278,283,2.95741554441013,124.863850508357,40.8622484305686,125.003679613461,40.9065681418616,892.655984788633,889.698569244222,2017.37589929764,2020.33331484205,,main,main,12.771526195677668,4.318475372802237
280,282,0.803619248145437,125.104785853364,41.3564218449133,125.092817089788,41.3388035993687,892.729203512642,891.925584264497,2019.60291431792,2020.40653356606,,main,main,2.198186140687143,2.7353577527666695
155,4,13.4826851709617,102.004619533626,21.6586119604582,101.801644498479,21.2865058404442,892.75720097435,879.274515803389,2006.95184585681,2020.43453102777,SC1_MZ081381.1,main,main,46.26042541062007,3.4310988370664735
208,209,0.817461234620359,100.924865219767,24.0328449450501,100.980496929558,24.0225132558707,892.769458543139,891.951997308519,2019.62932736194,2020.44678859656,,main,main,5.77394501578393,7.063264618860409
176,91,19.9301268778252,102.573723378167,25.0088103296796,103.744634027645,26.5399779130603,892.77632665741,872.846199779585,2000.52352983301,2020.45365671083,SC1_OK017858.1,main,main,206.31947278131744,10.352140457814853
210,80,0.871449540588868,100.874662679397,23.9835483339858,101.039532005569,23.976558873368,892.77632665741,891.904877116822,2019.58220717024,2020.45365671083,SC1_OK017856.1,main,main,16.79617979233783,19.273840893860683
208,77,0.824329348891631,100.924865219767,24.0328449450501,101.137653838896,23.7029921119115,892.77632665741,891.951997308519,2019.62932736194,2020.45365671083,SC1_OK017852.1,main,main,42.47853975745813,51.53102921128979
211,76,0.311029613729641,100.645104729522,24.0885109863581,100.837189297437,24.1031676952745,892.77632665741,892.465297043681,2020.1426270971,2020.45365671083,SC1_OK017853.1,main,main,19.597793579322076,63.00941361923575
211,79,0.311029613729641,100.645104729522,24.0885109863581,100.585473639218,24.0485864419478,892.77632665741,892.465297043681,2020.1426270971,2020.45365671083,SC1_OK017857.1,main,main,7.505366843501986,24.13071460785706
209,75,0.0068681142712725,100.980496929558,24.0225132558707,100.99268693082,24.0260373924083,892.77632665741,892.769458543139,2020.44678859656,2020.45365671083,SC1_OK017854.1,main,main,1.3000990342967496,189.2949043865969
209,78,0.0068681142712725,100.980496929558,24.0225132558707,100.980621421399,24.0226436434654,892.77632665741,892.769458543139,2020.44678859656,2020.45365671083,SC1_OK017855.1,main,main,0.019208375739630648,2.796746673242492
152,2,39.6299187909004,102.494862181151,21.8493422617257,101.350145394029,13.7512131772655,892.825506985279,853.195588194379,1980.8729182478,2020.5028370387,SC1_MW251308.1,main,main,904.45997660447,22.822655311929307
226,227,1.12675736950907,114.959194978933,28.0055781177598,114.921681613219,27.7256113565035,892.846024486905,891.719267117396,2019.39659717082,2020.52335454033,,main,main,31.24434850393694,27.729437898018944
249,21,5.48644475694524,114.089599620161,29.4125711482559,114.042484337778,29.4505843681318,892.858293870525,887.37184911358,2015.049179167,2020.53562392395,SC1_OK017802.1,main,main,6.217205143325577,1.1331937928392104
250,22,4.73387048254982,114.084325130781,29.3821508637672,114.027961182589,29.558185818384,892.858293870525,888.124423387975,2015.8017534414,2020.53562392395,SC1_OK017801.1,main,main,20.263749729815327,4.280588115900585
156,6,0.640613868929556,102.022303411205,18.696629159241,102.014519390968,18.6743791240962,892.874687313148,892.234073444219,2019.91140349764,2020.55201736657,SC1_MZ937002.1,main,main,2.5960974060241764,4.052515145140656
156,5,0.648810590240934,102.022303411205,18.696629159241,101.905432145022,18.6622727134667,892.882884034459,892.234073444219,2019.91140349764,2020.56021408788,SC1_MZ937004.1,main,main,12.902150655439858,19.8858508931685
171,124,35.7649701655754,103.292021874711,25.8328344711715,103.272957333198,25.8248131572024,893.027692777629,857.262722612054,1984.94005266547,2020.70502283105,SC1_OK017793.1,main,main,2.107926165851922,0.058938289507671646
279,139,1.23652098801854,124.783885245003,41.2057597776979,124.738949368363,41.0967478606211,893.027692777629,891.79117178961,2019.46850184303,2020.70502283105,SC1_OK017795.1,main,main,12.68053614596204,10.255010848042245
281,137,0.605521392663258,125.170624747432,41.3587518743341,125.246889534974,40.8850495985741,893.027692777629,892.422171384966,2020.09950143839,2020.70502283105,SC1_OK017797.1,main,main,52.996035729046326,87.52132686172234
281,136,0.605521392663258,125.170624747432,41.3587518743341,125.19601334555,41.6251872246991,893.027692777629,892.422171384966,2020.09950143839,2020.70502283105,SC1_OK017800.1,main,main,29.667075521937473,48.99426491185242
283,140,0.371707988996479,125.003679613461,40.9065681418616,124.823087900106,40.9132393408003,893.027692777629,892.655984788633,2020.33331484205,2020.70502283105,SC1_OK017794.1,main,main,15.23281192805999,40.980587931900175
283,141,0.371707988996479,125.003679613461,40.9065681418616,125.143991567205,40.8943796833757,893.027692777629,892.655984788633,2020.33331484205,2020.70502283105,SC1_OK017799.1,main,main,11.900139489262447,32.01475308989168
282,135,0.29848926498658,125.092817089788,41.3388035993687,125.087011597246,41.3391447137888,893.027692777629,892.729203512642,2020.40653356606,2020.70502283105,SC1_OK017796.1,main,main,0.48740972268008526,1.632922117658064
282,138,0.29848926498658,125.092817089788,41.3388035993687,125.092058498061,41.3098834934133,893.027692777629,892.729203512642,2020.40653356606,2020.70502283105,SC1_OK017798.1,main,main,3.212500095916787,10.762531429936752
149,150,36.1327178313407,114.254583330424,26.7704801272154,113.860113982276,26.9550443198263,893.086736667589,856.954018836248,1984.63134888967,2020.76406672101,,main,main,44.213924474863965,1.223653440110553
169,170,33.9265699824832,103.847994407314,25.8966137042248,104.475746833774,26.0053988278661,893.140836730519,859.214266748036,1986.89159680146,2020.81816678394,,main,main,64.01976361293,1.887009610638045
266,61,12.6829542538799,111.505822891198,26.7284981655079,111.48752389974,26.5582433552433,893.445957617811,880.763003363932,2008.44033341735,2021.12328767123,SC1_OK017832.1,main,main,18.95166370430168,1.4942625609884297
268,63,4.36853933046884,111.717858117621,26.633794536042,111.874992499269,26.8261385896773,893.445957617811,889.077418287343,2016.75474834076,2021.12328767123,SC1_OK017833.1,main,main,26.430806000916903,6.050261655325488
150,10,0.359220950222604,113.860113982276,26.9550443198263,113.705804828613,27.0372109684175,893.445957617811,893.086736667589,2020.76406672101,2021.12328767123,SC1_OK017803.1,main,main,17.81805539074375,49.601938249153235
150,11,0.359220950222604,113.860113982276,26.9550443198263,113.791016582793,26.7761784447796,893.445957617811,893.086736667589,2020.76406672101,2021.12328767123,SC1_OK017804.1,main,main,20.974360094448446,58.3884655988214
221,69,56.4981584650295,108.265960521023,28.471441543224,108.332744774592,28.6169567376584,893.522669946579,837.024511481549,1964.70184153497,2021.2,SC1_OK017829.1,main,main,17.40121349569952,0.3079961182534878
148,9,46.6881584453581,114.787447626686,27.3614360160062,112.917516437056,27.5771107957922,893.522669946579,846.834511501221,1974.51184155464,2021.2,SC1_OK017805.1,main,main,186.3600247763362,3.991590822637485
223,65,26.2860221057624,111.313100578068,27.4846530019203,109.804960731952,27.3474586956097,893.522669946579,867.236647840816,1994.91397789424,2021.2,SC1_OK017835.1,main,main,149.90729964672164,5.702928310855338
223,66,26.2860221057624,111.313100578068,27.4846530019203,110.933738684454,27.5898995616238,893.522669946579,867.236647840816,1994.91397789424,2021.2,SC1_OK017834.1,main,main,39.24581569670852,1.493029852094094
170,115,0.381833216059214,104.475746833774,26.0053988278661,104.469938919172,25.9990290221343,893.522669946579,893.140836730519,2020.81816678394,2021.2,SC1_OK017831.1,main,main,0.9143908446618165,2.3947388708058717
170,116,0.381833216059214,104.475746833774,26.0053988278661,104.499305326882,26.0592072174711,893.522669946579,893.140836730519,2020.81816678394,2021.2,SC1_OK017830.1,main,main,6.410752701967031,16.789405510946597
157,7,3.25770295014173,102.571236828772,23.120654006885,102.478067314203,23.0584646926918,893.647601453428,890.389898503286,2018.06722855671,2021.32493150685,SC1_OK017806.1,main,main,11.770844247087156,3.6132343639787825
252,253,4.62877913351594,114.256536212804,26.8761726542397,114.227856141402,27.1440341303573,893.682699275365,889.053920141849,2016.73125019527,2021.36002932879,,main,main,29.816211858972114,6.441485108477025
243,44,17.6668332122229,115.979305622781,28.6939529538132,118.508055401663,27.3650908341635,893.68979323425,876.022960022027,2003.70029007545,2021.36712328767,SC1_OK017808.1,main,main,288.9872322716482,16.357613659459396
254,29,15.7843736552369,117.443507868126,27.2662697807535,117.580949913868,27.435442668863,893.68979323425,877.905419579013,2005.58274963243,2021.36712328767,SC1_OK017809.1,main,main,23.159154112514816,1.4672203419887446
255,30,6.59635764146318,117.503037526409,27.2726723186827,119.024863674525,25.3076307645112,893.68979323425,887.093435592787,2014.77076564621,2021.36712328767,SC1_OK017810.1,main,main,265.50685405156923,40.2505243776739
255,31,6.59635764146318,117.503037526409,27.2726723186827,117.48411120203,27.2964131844019,893.68979323425,887.093435592787,2014.77076564621,2021.36712328767,SC1_OK017811.1,main,main,3.2297856158982072,0.48963167121147605
248,24,15.049491201068,115.491249688063,27.8667762462082,115.409983171965,27.8985595710813,893.856916521921,878.807425320853,2006.48475537427,2021.53424657534,SC1_OK017837.1,main,main,8.743010313811402,0.5809505581950137
251,28,9.36178600952867,114.766025039395,27.2098999461554,117.224413159647,31.0882173776622,893.856916521921,884.495130512393,2012.17246056581,2021.53424657534,SC1_OK017807.1,main,main,491.8910848758255,52.54244055302759
267,60,6.95689697075,111.779029470798,26.6362761722543,116.071767268128,26.492457295596,893.856916521921,886.900019551171,2014.57734960459,2021.53424657534,SC1_OK017860.1,main,main,427.9812837044181,61.51899122609528
250,23,5.73249313394591,114.084325130781,29.3821508637672,115.177049614363,29.0586799481401,893.856916521921,888.124423387975,2015.8017534414,2021.53424657534,SC1_OK017836.1,main,main,112.13291830072252,19.560933729987187
252,27,4.80299638007224,114.256536212804,26.8761726542397,114.453311503509,26.920838507975,893.856916521921,889.053920141849,2016.73125019527,2021.53424657534,SC1_OK017838.1,main,main,20.165157708985156,4.198453655441202
244,43,2.87584245389703,116.147938287741,28.9626015046495,116.506923200551,28.7811879851545,893.856916521921,890.981074068024,2018.65840412145,2021.53424657534,SC1_OK017845.1,main,main,40.38350780892204,14.042322712844957
244,42,2.87584245389703,116.147938287741,28.9626015046495,117.68396250608,29.2880214186438,893.856916521921,890.981074068024,2018.65840412145,2021.53424657534,SC1_OK017844.1,main,main,153.77608766150254,53.47166617320147
226,73,2.13764940452529,114.959194978933,28.0055781177598,114.874383182072,29.2803351450464,893.856916521921,891.719267117396,2019.39659717082,2021.53424657534,SC1_OK017841.1,main,main,141.5243408281571,66.20559036882176
227,71,1.01089203501622,114.921681613219,27.7256113565035,115.054151886137,27.7608569679809,893.856916521921,892.846024486905,2020.52335454033,2021.53424657534,SC1_OK017842.1,main,main,13.632271257225431,13.485387939580212
227,72,1.01089203501622,114.921681613219,27.7256113565035,114.976939337505,27.7216154192366,893.856916521921,892.846024486905,2020.52335454033,2021.53424657534,SC1_OK017843.1,main,main,5.4670202023080305,5.40811482624879
253,26,0.174217246556302,114.227856141402,27.1440341303573,114.262229520502,27.1139998500754,893.856916521921,893.682699275365,2021.36002932879,2021.53424657534,SC1_OK017839.1,main,main,4.763256624776481,27.34090177023395
253,25,0.174217246556302,114.227856141402,27.1440341303573,114.214013146847,27.1474641918746,893.856916521921,893.682699275365,2021.36002932879,2021.53424657534,SC1_OK017840.1,main,main,1.423872024354468,8.172968247976032
197,104,5.15180411827513,107.400502783725,23.3580975324726,107.400224773729,23.3799566892621,892.361026110962,887.209221992687,2014.88655204611,2020.03835616438,Ghost2,,,2.421050960084998,0.46994235504737847
197,103,5.15180411827513,107.400502783725,23.3580975324726,107.169654409382,23.5061951924332,892.361026110962,887.209221992687,2014.88655204611,2020.03835616438,Ghost1,,,28.73258964874439,5.57718985215694
187,196,0.854292122319809,102.953117853912,25.2912616456963,102.939195351816,25.3607569669573,870.011105253824,869.156813131504,1996.83414318493,1997.68843530725,sc_ghost_mrca,,,7.825110466973332,9.159759598068678
187,196,6.119281472599823,102.953117853912,25.2912616456963,109.69687752932518,21.653213622305277,870.011105253824,869.156813131504,1996.83414318493,2002.95342465753,ghostMRCAparent_to_SC1_AY394995.1,,,797.916068266179,130.39375159305726
196,105,5.264989350289,102.939195351816,25.3607569669573,109.69687752932518,21.653213622305277,875.276094604113,870.011105253824,1997.68843530725,2002.95342465753,SC1_AY394995.1,,,802.890667046116,152.49616164979415
