node1,node2,length,startLon,startLat,endLon,endLat,endNodeL,startNodeL,startYear,endYear,tipLabel
224,235,13.10644941,110.373016122465,26.1231365786124,108.081722070048,25.3634691738976,332.2057792281,319.0993298181,1947.27437423344,1960.38082364344,NA
224,225,20.93683515,110.373016122465,26.1231365786124,111.306711552466,27.2295872276917,340.0361649681,319.0993298181,1947.27437423344,1968.21120938344,NA
148,156,18.92826787,103.120264863217,22.0552761920823,102.390113208603,21.8978123516727,345.29178895,326.36352108,1954.53856549534,1973.46683336534,NA
166,167,26.96417778,104.000172902563,24.5397016571796,103.801730123897,26.1755481726674,345.696792213,318.732614433,1946.90765884834,1973.87183662834,NA
201,202,28.48551264,105.960543932734,25.5255375439617,104.898613399631,26.8411111219405,347.571621373,319.086108733,1947.26115314834,1975.74666578834,NA
225,226,14.3075842,111.306711552466,27.2295872276917,111.357097373627,29.6917374627681,354.3437491681,340.0361649681,1968.21120938344,1982.51879358344,NA
148,149,30.27034425,103.120264863217,22.0552761920823,102.767325633029,20.939488465757,356.63386533,326.36352108,1954.53856549534,1984.80890974534,NA
235,262,34.67324965,108.081722070048,25.3634691738976,113.710650160669,21.542708032759,366.8790288781,332.2057792281,1960.38082364344,1995.05407329344,NA
167,168,22.95923738,103.801730123897,26.1755481726674,103.199469616403,25.1834820739814,368.656029593,345.696792213,1973.87183662834,1996.83107400834,NA
235,236,37.13995666,108.081722070048,25.3634691738976,110.902956720827,24.025269106112,369.3457358881,332.2057792281,1960.38082364344,1997.52078030344,NA
166,188,53.12917206,104.000172902563,24.5397016571796,103.289967870148,24.6451405389037,371.861786493,318.732614433,1946.90765884834,2000.03683090834,NA
226,230,19.13867126,111.357097373627,29.6917374627681,111.079874132778,30.7359312591112,373.4824204281,354.3437491681,1982.51879358344,2001.65746484344,NA
149,150,17.44836643,102.767325633029,20.939488465757,103.444352276067,22.22539872407,374.08223176,356.63386533,1984.80890974534,2002.25727617534,NA
168,169,6.055550835,103.199469616403,25.1834820739814,102.759662385257,24.2360153761333,374.711580428,368.656029593,1996.83107400834,2002.88662484334,NA
262,265,8.517958618,113.710650160669,21.542708032759,113.801812334138,21.657137313572,375.3969874961,366.8790288781,1995.05407329344,2003.57203191144,NA
169,176,1.073613236,102.759662385257,24.2360153761333,102.915233495001,24.3315917387546,375.785193664,374.711580428,2002.88662484334,2003.96023807934,NA
202,204,28.56507072,104.898613399631,26.8411111219405,99.0567865438386,25.6969060078699,376.136692093,347.571621373,1975.74666578834,2004.31173650834,NA
188,189,5.449195504,103.289967870148,24.6451405389037,103.246888720349,24.6512897170183,377.310981997,371.861786493,2000.03683090834,2005.48602641234,NA
217,218,31.25304294,105.395280379413,30.3558467117935,108.886131841622,32.3180676031395,377.4136778981,346.1606349581,1974.33567937344,2005.58872231344,NA
168,178,9.972048552,103.199469616403,25.1834820739814,103.013316487004,24.9916596998375,378.628078145,368.656029593,1996.83107400834,2006.80312256034,NA
188,196,7.767956311,103.289967870148,24.6451405389037,102.953626420121,24.9261803860926,379.629742804,371.861786493,2000.03683090834,2007.80478721934,NA
189,190,2.7509876,103.246888720349,24.6512897170183,103.243663774957,24.7049122877339,380.061969597,377.310981997,2005.48602641234,2008.23701401234,NA
262,263,13.36339551,113.710650160669,21.542708032759,115.32316256003,22.9461488073299,380.2424243881,366.8790288781,1995.05407329344,2008.41746880344,NA
226,227,25.94808735,111.357097373627,29.6917374627681,111.92430554683,31.3559038363723,380.2918365181,354.3437491681,1982.51879358344,2008.46688093344,NA
196,197,1.098318057,102.953626420121,24.9261803860926,102.783165470517,24.8265686229096,380.728060861,379.629742804,2007.80478721934,2008.90310527634,NA
265,267,5.470577442,113.801812334138,21.657137313572,116.5613888044,27.0216295440948,380.8675649381,375.3969874961,2003.57203191144,2009.04260935344,NA
201,205,62.45611513,105.960543932734,25.5255375439617,111.797694436759,26.4525691789396,381.542223863,319.086108733,1947.26115314834,2009.71726827834,NA
230,231,8.361664852,111.079874132778,30.7359312591112,111.224521675506,26.1090013670166,381.8440852801,373.4824204281,2001.65746484344,2010.01912969544,NA
225,232,42.09570224,111.306711552466,27.2295872276917,111.617003392954,27.4628714327001,382.1318672081,340.0361649681,1968.21120938344,2010.30691162344,NA
267,277,1.602449226,116.5613888044,27.0216295440948,116.465611237459,27.0493087812829,382.4700141641,380.8675649381,2009.04260935344,2010.64505857944,NA
176,177,6.772684191,102.915233495001,24.3315917387546,102.966276617167,24.6708571907421,382.557877855,375.785193664,2003.96023807934,2010.73292227034,NA
267,268,1.921757336,116.5613888044,27.0216295440948,116.604848790959,27.1751119709978,382.7893222741,380.8675649381,2009.04260935344,2010.96436668944,NA
202,203,36.15318723,104.898613399631,26.8411111219405,104.748437596585,26.3676065663559,383.724808603,347.571621373,1975.74666578834,2011.89985301834,NA
227,228,3.751801348,111.92430554683,31.3559038363723,115.23484615406,30.2705727802242,384.0436378661,380.2918365181,2008.46688093344,2012.21868228144,NA
236,237,15.19281645,110.902956720827,24.025269106112,110.346271013952,21.4455192241495,384.5385523381,369.3457358881,1997.52078030344,2012.71359675344,NA
268,269,1.866674175,116.604848790959,27.1751119709978,117.232185432576,26.9127992805919,384.6559964491,382.7893222741,2010.96436668944,2012.83104086444,NA
236,249,15.52430259,110.902956720827,24.025269106112,113.162227479425,24.4700712766325,384.8700384781,369.3457358881,1997.52078030344,2013.04508289344,NA
178,179,6.355971136,103.013316487004,24.9916596998375,103.005526602119,24.9803922599122,384.984049281,378.628078145,2006.80312256034,2013.15909369634,NA
232,233,3.460227522,111.617003392954,27.4628714327001,112.221552207853,28.9627419271759,385.5920947301,382.1318672081,2010.30691162344,2013.76713914544,NA
269,270,1.280869785,117.232185432576,26.9127992805919,113.691354468449,25.6929049759387,385.9368662341,384.6559964491,2012.83104086444,2014.11191064944,NA
190,191,6.883857598,103.243663774957,24.7049122877339,103.35219225151,24.7783763829023,386.945827195,380.061969597,2008.23701401234,2015.12087161034,NA
150,152,12.94294089,103.444352276067,22.22539872407,112.414726351355,27.3461172990691,387.02517265,374.08223176,2002.25727617534,2015.20021706534,NA
152,153,0.2691584879,112.414726351355,27.3461172990691,112.376810486577,27.2192060755901,387.2943311379,387.02517265,2015.20021706534,2015.46937555324,NA
150,151,13.21364895,103.444352276067,22.22539872407,102.940499972226,23.1697365475489,387.29588071,374.08223176,2002.25727617534,2015.47092512534,NA
178,185,10.15482627,103.013316487004,24.9916596998375,103.045035670484,25.0512031456979,388.782904415,378.628078145,2006.80312256034,2016.95794883034,NA
277,278,6.393804311,116.465611237459,27.0493087812829,116.87816660419,26.9578032865568,388.8638184751,382.4700141641,2010.64505857944,2017.03886289044,NA
219,220,55.16228928,104.746017758506,30.6091723225592,113.555471362844,35.2823065469016,389.1237912681,333.9615019881,1962.13654640344,2017.29883568344,NA
205,206,7.918312869,111.797694436759,26.4525691789396,127.007791154665,42.6109658883155,389.460536732,381.542223863,2009.71726827834,2017.63558114734,NA
153,154,2.668715169,112.376810486577,27.2192060755901,122.413138422923,30.0500811690765,389.9630463069,387.2943311379,2015.46937555324,2018.13809072224,NA
269,273,5.630382196,117.232185432576,26.9127992805919,117.254379922013,26.9841382388147,390.2863786451,384.6559964491,2012.83104086444,2018.46142306044,NA
249,250,5.564940563,113.162227479425,24.4700712766325,113.532143945994,24.0931517911266,390.4349790411,384.8700384781,2013.04508289344,2018.61002345644,NA
156,157,45.17176869,102.390113208603,21.8978123516727,101.663388096205,21.5749511186192,390.46355764,345.29178895,1973.46683336534,2018.63860205534,NA
270,272,4.556640604,113.691354468449,25.6929049759387,113.686984331233,25.6523089355631,390.4935068381,385.9368662341,2014.11191064944,2018.66855125344,NA
228,229,6.519222036,115.23484615406,30.2705727802242,115.536954098077,29.4520255411388,390.5628599021,384.0436378661,2012.21868228144,2018.73790431744,NA
206,207,1.166848462,127.007791154665,42.6109658883155,124.627472373169,41.6923956853627,390.627385194,389.460536732,2017.63558114734,2018.80242960934,NA
169,170,15.92979991,102.759662385257,24.2360153761333,101.427869418495,24.7891365605125,390.641380338,374.711580428,2002.88662484334,2018.81642475334,NA
207,208,0.227377139,124.627472373169,41.6923956853627,125.505942391198,41.3626166163612,390.854762333,390.627385194,2018.80242960934,2019.02980674834,NA
157,158,0.4536081847,101.663388096205,21.5749511186192,101.487017377894,18.5848437349106,390.9171658247,390.46355764,2018.63860205534,2019.09221024004,NA
191,193,3.986787854,103.35219225151,24.7783763829023,102.869754044442,25.0451824174927,390.932615049,386.945827195,2015.12087161034,2019.10765946434,NA
250,260,0.5009276648,113.532143945994,24.0931517911266,113.451965449872,23.9587962800482,390.9359067059,390.4349790411,2018.61002345644,2019.11095112124,NA
273,274,0.6837280016,117.254379922013,26.9841382388147,117.529336437179,27.0056658519136,390.9701066467,390.2863786451,2018.46142306044,2019.14515106204,NA
208,209,0.3428269842,125.505942391198,41.3626166163612,125.590927543325,41.3739892254333,391.1975893172,390.854762333,2019.02980674834,2019.37263373254,NA
250,251,0.9659591145,113.532143945994,24.0931517911266,113.587871246433,24.0858058072395,391.4009381556,390.4349790411,2018.61002345644,2019.57598257094,NA
237,238,6.919980531,110.346271013952,21.4455192241495,114.380627452915,22.5203208218518,391.4585328691,384.5385523381,2012.71359675344,2019.63357728444,NA
179,180,6.475010082,103.005526602119,24.9803922599122,101.936382049828,24.4819562216957,391.459059363,384.984049281,2013.15909369634,2019.63410377834,NA
206,212,2.143748445,127.007791154665,42.6109658883155,121.946333685504,39.9273481106048,391.604285177,389.460536732,2017.63558114734,2019.77932959234,NA
233,234,6.020528191,112.221552207853,28.9627419271759,110.564489784087,30.4559885944615,391.6126229211,385.5920947301,2013.76713914544,2019.78766733644,NA
251,252,0.2704323031,113.587871246433,24.0858058072395,113.932849684993,23.8382993693225,391.6713704587,391.4009381556,2019.57598257094,2019.84641487404,NA
252,253,0.07386144616,113.932849684993,23.8382993693225,113.806634133206,23.8258855256513,391.74523190486,391.6713704587,2019.84641487404,2019.9202763202,NA
152,155,4.729132241,112.414726351355,27.3461172990691,111.423157291575,25.7229765639888,391.754304891,387.02517265,2015.20021706534,2019.92934930634,NA
238,239,0.4608954636,114.380627452915,22.5203208218518,114.116738654772,22.0767031370923,391.9194283327,391.4585328691,2019.63357728444,2020.09447274804,NA
219,223,57.98453162,104.746017758506,30.6091723225592,101.810323125281,25.1752848006163,391.9460336081,333.9615019881,1962.13654640344,2020.12107802344,NA
260,261,1.027881972,113.451965449872,23.9587962800482,113.497482332415,24.0082435556848,391.9637886779,390.9359067059,2019.11095112124,2020.13883309324,NA
239,241,0.187932266,114.116738654772,22.0767031370923,114.263136636616,22.0875180107233,392.1073605987,391.9194283327,2020.09447274804,2020.28240501404,NA
268,275,9.36473589,116.604848790959,27.1751119709978,115.982649083288,27.4048466816785,392.1540581641,382.7893222741,2010.96436668944,2020.32910257944,NA
193,194,1.2610008,102.869754044442,25.0451824174927,102.849332686134,25.1105707826691,392.193615849,390.932615049,2019.10765946434,2020.36866026434,NA
180,183,0.7722225474,101.936382049828,24.4819562216957,101.71071265514,24.1461770000616,392.2312819104,391.459059363,2019.63410377834,2020.40632632574,NA
180,181,0.8585138204,101.936382049828,24.4819562216957,102.285798397404,24.6592798949121,392.3175731834,391.459059363,2019.63410377834,2020.49261759874,NA
183,184,0.09172580689,101.71071265514,24.1461770000616,101.907640566096,24.1826309286728,392.32300771729,392.2312819104,2020.40632632574,2020.49805213263,NA
185,186,3.570030448,103.045035670484,25.0512031456979,102.721883911551,25.0796893213907,392.352934863,388.782904415,2016.95794883034,2020.52797927834,NA
191,192,5.410443874,103.35219225151,24.7783763829023,103.05916100137,24.6570544965026,392.356271069,386.945827195,2015.12087161034,2020.53131548434,NA
275,276,0.3060054579,115.982649083288,27.4048466816785,115.956363043472,27.3549819741639,392.460063622,392.1540581641,2020.32910257944,2020.63510803734,NA
220,221,3.434127501,113.555471362844,35.2823065469016,112.581793310657,35.2056311805254,392.5579187691,389.1237912681,2017.29883568344,2020.73296318444,NA
163,164,29.13043339,105.191776195827,26.1093388008381,105.069517092741,25.082490740118,392.693330913,363.562897523,1991.73794193834,2020.86837532834,NA
170,171,2.072143807,101.427869418495,24.7891365605125,101.561265086328,24.6143828314877,392.713524145,390.641380338,2018.81642475334,2020.88856856034,NA
239,240,0.7962973314,114.116738654772,22.0767031370923,114.188063780969,22.129725343581,392.7157256641,391.9194283327,2020.09447274804,2020.89077007944,NA
171,173,0.01897367748,101.561265086328,24.6143828314877,101.526845953332,24.580100429802,392.73249782248,392.713524145,2020.88856856034,2020.90754223782,NA
251,254,1.354902048,113.587871246433,24.0858058072395,113.498374979948,23.7731162430276,392.7558402036,391.4009381556,2019.57598257094,2020.93088461894,NA
241,242,0.6819752547,114.263136636616,22.0875180107233,114.510256322179,22.5233663367994,392.7893358534,392.1073605987,2020.28240501404,2020.96438026874,NA
237,248,8.268641197,110.346271013952,21.4455192241495,111.351825635026,22.763870186221,392.8071935351,384.5385523381,2012.71359675344,2020.98223795044,NA
186,187,0.4577876139,102.721883911551,25.0796893213907,102.774107389145,25.1210156312854,392.8107224769,392.352934863,2020.52797927834,2020.98576689224,NA
173,175,0.09715539751,101.526845953332,24.580100429802,101.499507431181,24.5673461079267,392.82965321999,392.73249782248,2020.90754223782,2021.00469763533,NA
238,243,1.391842817,114.380627452915,22.5203208218518,114.199732608445,22.4707794373697,392.8503756861,391.4585328691,2019.63357728444,2021.02542010144,NA
144,146,1.414724016,106.98214786006,25.292866309008,107.233564313444,24.8522693304657,392.869336326,391.45461231,2019.62965672534,2021.04438074134,NA
144,145,1.436693062,106.98214786006,25.292866309008,107.476595804483,25.3982022959163,392.891305372,391.45461231,2019.62965672534,2021.06634978734,NA
243,244,0.04254661028,114.199732608445,22.4707794373697,114.258801436734,22.5238610821356,392.89292229638,392.8503756861,2021.02542010144,2021.06796671172,NA
171,172,0.1901371159,101.561265086328,24.6143828314877,101.572011609737,24.6446097587067,392.9036612609,392.713524145,2020.88856856034,2021.07870567624,NA
265,266,17.52276848,113.801812334138,21.657137313572,114.41009235911,22.055339896451,392.9197559761,375.3969874961,2003.57203191144,2021.09480039144,NA
197,200,12.2232792,102.783165470517,24.8265686229096,105.650441162799,24.9517372051268,392.951340061,380.728060861,2008.90310527634,2021.12638447634,NA
244,245,0.06817192148,114.258801436734,22.5238610821356,114.295487030443,22.5167437256629,392.96109421786,392.89292229638,2021.06796671172,2021.1361386332,NA
197,198,12.24017364,102.783165470517,24.8265686229096,102.732091855612,24.8470653781616,392.968234501,380.728060861,2008.90310527634,2021.14327891634,NA
254,257,0.2512230044,113.498374979948,23.7731162430276,113.905348080339,24.0841814542705,393.007063208,392.7558402036,2020.93088461894,2021.18210762334,NA
207,210,2.424462469,124.627472373169,41.6923956853627,123.395745180635,41.1396169176142,393.051847663,390.627385194,2018.80242960934,2021.22689207834,NA
198,199,0.08782605147,102.732091855612,24.8470653781616,102.947201244673,25.0708575294021,393.05606055247,392.968234501,2021.14327891634,2021.23110496781,NA
181,182,0.7954646647,102.285798397404,24.6592798949121,102.352287425171,24.9037465042347,393.1130378481,392.3175731834,2020.49261759874,2021.28808226344,NA
263,264,12.88475927,115.32316256003,22.9461488073299,116.151795775251,24.8409027694571,393.1271836581,380.2424243881,2008.41746880344,2021.30222807344,NA
146,147,0.2801696009,107.233564313444,24.8522693304657,106.757924131888,24.5248910173395,393.1495059269,392.869336326,2021.04438074134,2021.32455034224,NA
254,255,0.4023106143,113.498374979948,23.7731162430276,113.693427286174,23.9942840333609,393.1581508179,392.7558402036,2020.93088461894,2021.33319523324,NA
194,195,0.970726901,102.849332686134,25.1105707826691,102.613475124771,24.9420627067542,393.16434275,392.193615849,2020.36866026434,2021.33938716534,NA
212,213,1.56049341,121.946333685504,39.9273481106048,123.131465037135,40.9130592088963,393.164778587,391.604285177,2019.77932959234,2021.33982300234,NA
221,222,0.616947308,112.581793310657,35.2056311805254,112.628040530517,35.2068435539106,393.1748660771,392.5579187691,2020.73296318444,2021.34991049244,NA
257,258,0.1929702777,113.905348080339,24.0841814542705,113.167488425112,24.1795878275923,393.2000334857,393.007063208,2021.18210762334,2021.37507790104,NA
173,174,0.4866534365,101.526845953332,24.580100429802,101.546778899159,24.4653344880093,393.21915125898,392.73249782248,2020.90754223782,2021.39419567432,NA
270,271,7.341853061,113.691354468449,25.6929049759387,113.105655711429,24.2551578903234,393.2787192951,385.9368662341,2014.11191064944,2021.45376371044,NA
255,256,0.1266623884,113.693427286174,23.9942840333609,113.659086339392,23.9976611759066,393.2848132063,393.1581508179,2021.33319523324,2021.45985762164,NA
258,259,0.08659173278,113.167488425112,24.1795878275923,113.011214243493,24.1592890778808,393.28662521848,393.2000334857,2021.37507790104,2021.46166963382,NA
278,279,4.435811206,116.87816660419,26.9578032865568,116.522983239939,27.1058238153425,393.2996296811,388.8638184751,2017.03886289044,2021.47467409644,NA
210,211,0.2529450656,123.395745180635,41.1396169176142,123.522014854839,40.7997796826155,393.3047927286,393.051847663,2021.22689207834,2021.47983714394,NA
213,214,0.15237586,123.131465037135,40.9130592088963,123.680595351206,40.7705692282113,393.317154447,393.164778587,2021.33982300234,2021.49219886234,NA
245,246,0.3606851112,114.295487030443,22.5167437256629,114.362116589325,22.1232968535002,393.32177932906,392.96109421786,2021.1361386332,2021.4968237444,NA
246,247,0.007738294409,114.362116589325,22.1232968535002,114.354358012108,22.1157947091718,393.329517623469,393.32177932906,2021.4968237444,2021.50456203881,NA
217,9,47.19856715,105.395280379413,30.3558467117935,106.965734907861,30.4598530737863,393.3592021081,346.1606349581,1974.33567937344,2021.53424652344,SC1_MK211374.1
218,3,15.94552421,108.886131841622,32.3180676031395,100.652086617742,32.3876484149274,393.3592021081,377.4136778981,2005.58872231344,2021.53424652344,SC1_OK017846.1
218,4,15.94552421,108.886131841622,32.3180676031395,109.84361196709,32.597249625729,393.3592021081,377.4136778981,2005.58872231344,2021.53424652344,SC1_JX993987.1
231,56,11.51511683,111.224521675506,26.1090013670166,111.987536762631,26.4077716594089,393.3592021101,381.8440852801,2010.01912969544,2021.53424652544,SC1_OK017834.1
231,57,11.51511683,111.224521675506,26.1090013670166,111.047230632979,26.6626450923592,393.3592021101,381.8440852801,2010.01912969544,2021.53424652544,SC1_OK017835.1
220,8,4.235410843,113.555471362844,35.2823065469016,111.082163826663,30.6019797090067,393.3592021111,389.1237912681,2017.29883568344,2021.53424652644,SC1_DQ412042.1
221,5,0.8012833426,112.581793310657,35.2056311805254,113.661863340023,36.7440959351002,393.3592021117,392.5579187691,2020.73296318444,2021.53424652704,SC1_KJ473812.1
222,6,0.1843360346,112.628040530517,35.2068435539106,113.133990641942,36.0329343327284,393.3592021117,393.1748660771,2021.34991049244,2021.53424652704,SC1_KJ473813.1
222,7,0.1843360346,112.628040530517,35.2068435539106,112.537640448166,35.0958752941887,393.3592021117,393.1748660771,2021.34991049244,2021.53424652704,SC1_KY770860.1
199,107,0.3031415601,102.947201244673,25.0708575294021,102.95967693427,24.9645598048557,393.35920211257,393.05606055247,2021.23110496781,2021.53424652791,SC1_KT444582.1
199,106,0.3031415601,102.947201244673,25.0708575294021,102.872495527404,24.9676310535516,393.35920211257,393.05606055247,2021.23110496781,2021.53424652791,SC1_KY417150.1
198,108,0.3909676116,102.732091855612,24.8470653781616,102.699111185195,24.8590687087619,393.3592021126,392.968234501,2021.14327891634,2021.53424652794,SC1_KY417146.1
205,71,11.81697825,111.797694436759,26.4525691789396,112.704752534591,27.3929504264479,393.359202113,381.542223863,2009.71726827834,2021.53424652834,SC1_OK017832.1
196,109,13.72945931,102.953626420121,24.9261803860926,102.720911781401,25.0265692957217,393.359202114,379.629742804,2007.80478721934,2021.53424652934,SC1_KJ473816.1
277,51,10.88918795,116.465611237459,27.0493087812829,116.119527216366,26.682748159251,393.3592021141,382.4700141641,2010.64505857944,2021.53424652944,SC1_OK017842.1
234,60,1.746579193,110.564489784087,30.4559885944615,111.171887105367,30.9212663290042,393.3592021141,391.6126229211,2019.78766733644,2021.53424652944,SC1_DQ412043.1
234,61,1.746579193,110.564489784087,30.4559885944615,111.3831588533,30.233257758077,393.3592021141,391.6126229211,2019.78766733644,2021.53424652944,SC1_DQ648857.1
193,115,2.426587066,102.869754044442,25.0451824174927,102.870676362984,25.1231351072595,393.359202115,390.932615049,2019.10765946434,2021.53424653034,SC1_KY417144.1
194,116,1.165586266,102.849332686134,25.1105707826691,102.912531455361,24.6730543183191,393.359202115,392.193615849,2020.36866026434,2021.53424653034,SC1_KC881005.1
192,111,1.002931046,103.05916100137,24.6570544965026,102.957276424498,25.1015228423294,393.359202115,392.356271069,2020.53131548434,2021.53424653034,SC1_KY417151.1
192,112,1.002931046,103.05916100137,24.6570544965026,102.964853135966,24.6434400051944,393.359202115,392.356271069,2020.53131548434,2021.53424653034,SC1_KY417152.1
195,113,0.194859365,102.613475124771,24.9420627067542,102.610780388422,24.8947197943193,393.359202115,393.16434275,2021.33938716534,2021.53424653034,SC1_KC881006.1
195,114,0.194859365,102.613475124771,24.9420627067542,102.770233370439,25.0216956880363,393.359202115,393.16434275,2021.33938716534,2021.53424653034,SC1_KF367457.1
233,59,7.767107385,112.221552207853,28.9627419271759,114.685590064311,29.3372357781555,393.3592021151,385.5920947301,2013.76713914544,2021.53424653044,SC1_OK017860.1
223,1,1.413168507,101.810323125281,25.1752848006163,102.030480295351,25.3215375405958,393.3592021151,391.9460336081,2020.12107802344,2021.53424653044,SC1_KP886808.1
223,2,1.413168507,101.810323125281,25.1752848006163,101.836673929513,24.9602319566312,393.3592021151,391.9460336081,2020.12107802344,2021.53424653044,SC1_KP886809.1
212,75,1.754916939,121.946333685504,39.9273481106048,124.434386215483,40.2362795909251,393.359202116,391.604285177,2019.77932959234,2021.53424653134,SC1_OK017795.1
209,77,2.161612799,125.590927543325,41.3739892254333,126.13310814455,41.3920647973739,393.3592021162,391.1975893172,2019.37263373254,2021.53424653154,SC1_KJ473811.1
209,76,2.161612799,125.590927543325,41.3739892254333,127.080131231346,35.7049476794951,393.3592021162,391.1975893172,2019.37263373254,2021.53424653154,SC1_KY938558.1
279,52,0.05957243517,116.522983239939,27.1058238153425,116.277113602205,27.2881942000771,393.35920211627,393.2996296811,2021.47467409644,2021.53424653161,SC1_OK017840.1
279,53,0.05957243517,116.522983239939,27.1058238153425,116.415999249057,27.0625084428438,393.35920211627,393.2996296811,2021.47467409644,2021.53424653161,SC1_OK017838.1
210,81,0.3073544534,123.395745180635,41.1396169176142,123.784231451982,41.0491349553078,393.3592021164,393.051847663,2021.22689207834,2021.53424653174,SC1_OK017794.1
211,79,0.05440938782,123.522014854839,40.7997796826155,123.447608463731,40.8461648237419,393.35920211642,393.3047927286,2021.47983714394,2021.53424653176,SC1_OK017797.1
211,80,0.05440938782,123.522014854839,40.7997796826155,123.552710164345,40.8266944933341,393.35920211642,393.3047927286,2021.47983714394,2021.53424653176,SC1_OK017799.1
213,74,0.1944235295,123.131465037135,40.9130592088963,123.205686181299,40.7038872420858,393.3592021165,393.164778587,2021.33982300234,2021.53424653184,SC1_OK017800.1
214,72,0.0420476695,123.680595351206,40.7705692282113,123.760042575331,40.8853922277645,393.3592021165,393.317154447,2021.49219886234,2021.53424653184,SC1_OK017796.1
214,73,0.0420476695,123.680595351206,40.7705692282113,123.589312258364,40.7972372752347,393.3592021165,393.317154447,2021.49219886234,2021.53424653184,SC1_OK017798.1
189,110,16.04822012,103.246888720349,24.6512897170183,103.822498944232,24.8110572417653,393.359202117,377.310981997,2005.48602641234,2021.53424653234,SC1_OK017793.1
190,117,13.29723252,103.243663774957,24.7049122877339,102.851121510722,24.8703611107839,393.359202117,380.061969597,2008.23701401234,2021.53424653234,SC1_OK017858.1
208,78,2.504439784,125.505942391198,41.3626166163612,126.137047850497,41.7954398258399,393.359202117,390.854762333,2019.02980674834,2021.53424653234,SC1_KU182964.1
276,50,0.899138495,115.956363043472,27.3549819741639,115.984290347692,27.2775103852646,393.359202117,392.460063622,2020.63510803734,2021.53424653234,SC1_OK017845.1
276,49,0.899138495,115.956363043472,27.3549819741639,115.7579270746,27.2739666563061,393.359202117,392.460063622,2020.63510803734,2021.53424653234,SC1_OK017844.1
228,65,9.315564251,115.23484615406,30.2705727802242,115.743687561012,30.7312018648156,393.3592021171,384.0436378661,2012.21868228144,2021.53424653244,SC1_OK017802.1
278,40,4.495383642,116.87816660419,26.9578032865568,117.934404813674,31.3115453627186,393.3592021171,388.8638184751,2017.03886289044,2021.53424653244,SC1_OK017807.1
273,47,3.072823472,117.254379922013,26.9841382388147,116.963652641868,27.0412035226401,393.3592021171,390.2863786451,2018.46142306044,2021.53424653244,SC1_OK017809.1
272,43,2.865695279,113.686984331233,25.6523089355631,114.10686933185,25.7360651752112,393.3592021171,390.4935068381,2018.66855125344,2021.53424653244,SC1_OK017841.1
272,44,2.865695279,113.686984331233,25.6523089355631,114.084020851951,25.6574180921309,393.3592021171,390.4935068381,2018.66855125344,2021.53424653244,SC1_OK017843.1
229,63,2.796342215,115.536954098077,29.4520255411388,115.451339314067,29.4634580795659,393.3592021171,390.5628599021,2018.73790431744,2021.53424653244,SC1_OK017836.1
229,64,2.796342215,115.536954098077,29.4520255411388,115.519333445608,29.4889877059503,393.3592021171,390.5628599021,2018.73790431744,2021.53424653244,SC1_OK017837.1
275,48,1.205143953,115.982649083288,27.4048466816785,115.59637265581,27.4187225942787,393.3592021171,392.1540581641,2020.32910257944,2021.53424653244,SC1_OK017839.1
271,41,0.08048282236,113.105655711429,24.2551578903234,113.060340476944,24.2008286936872,393.35920211746,393.2787192951,2021.45376371044,2021.5342465328,SC1_OK017819.1
271,42,0.08048282236,113.105655711429,24.2551578903234,112.839653523887,24.2165881366265,393.35920211746,393.2787192951,2021.45376371044,2021.5342465328,SC1_OK017813.1
274,46,2.389095471,117.529336437179,27.0056658519136,117.327061484769,26.9150719585454,393.3592021177,390.9701066467,2019.14515106204,2021.53424653304,SC1_OK017808.1
274,45,2.389095471,117.529336437179,27.0056658519136,119.282925226119,27.8509249820263,393.3592021177,390.9701066467,2019.14515106204,2021.53424653304,SC1_KF294457.1
200,104,0.4078620567,105.650441162799,24.9517372051268,105.625738199524,25.0031903917451,393.3592021177,392.951340061,2021.12638447634,2021.53424653304,SC1_KY770858.1
200,105,0.4078620567,105.650441162799,24.9517372051268,105.216970241149,25.1028677155265,393.3592021177,392.951340061,2021.12638447634,2021.53424653304,SC1_KY770859.1
230,58,19.87678169,111.079874132778,30.7359312591112,111.526305178227,30.8307485312024,393.3592021181,373.4824204281,2001.65746484344,2021.53424653344,SC1_KJ473814.1
263,39,13.11677773,115.32316256003,22.9461488073299,115.327584251019,23.2901285716079,393.3592021181,380.2424243881,2008.41746880344,2021.53424653344,SC1_OK017823.1
227,66,13.0673656,111.92430554683,31.3559038363723,111.080395851497,31.1259236636518,393.3592021181,380.2918365181,2008.46688093344,2021.53424653344,SC1_OK017801.1
232,62,11.22733491,111.617003392954,27.4628714327001,111.424607568683,27.5162643421218,393.3592021181,382.1318672081,2010.30691162344,2021.53424653344,SC1_OK017833.1
162,121,8.115252266,108.054507145821,23.0424426363845,112.452971392952,24.8586742364281,393.359202119,385.243949853,2013.41899426834,2021.53424653434,SC1_OK017792.1
162,122,8.115252266,108.054507145821,23.0424426363845,108.532502716437,23.1041045921329,393.359202119,385.243949853,2013.41899426834,2021.53424653434,SC1_DQ071615.1
241,14,1.251841521,114.263136636616,22.0875180107233,114.317270057808,22.1092141081579,393.3592021197,392.1073605987,2020.28240501404,2021.53424653504,SC1_GQ153541.1
240,12,0.6434764556,114.188063780969,22.129725343581,114.188716938362,22.3070245680943,393.3592021197,392.7157256641,2020.89077007944,2021.53424653504,SC1_DQ022305.2
240,13,0.6434764556,114.188063780969,22.129725343581,114.280249645051,22.2092375192492,393.3592021197,392.7157256641,2020.89077007944,2021.53424653504,SC1_DQ084200.1
242,19,0.5698662663,114.510256322179,22.5233663367994,114.384721849455,22.4811013643442,393.3592021197,392.7893358534,2020.96438026874,2021.53424653504,SC1_GQ153546.1
242,18,0.5698662663,114.510256322179,22.5233663367994,114.301006299183,22.4259574936348,393.3592021197,392.7893358534,2020.96438026874,2021.53424653504,SC1_DQ084199.1
264,37,0.2320184617,116.151795775251,24.8409027694571,116.204215236914,24.8758496963472,393.3592021198,393.1271836581,2021.30222807344,2021.53424653514,SC1_OK017811.1
264,38,0.2320184617,116.151795775251,24.8409027694571,116.205610418001,24.8613058498171,393.3592021198,393.1271836581,2021.30222807344,2021.53424653514,SC1_OK017810.1
247,11,0.02968449666,114.354358012108,22.1157947091718,114.35854485284,22.1480082625877,393.359202120129,393.329517623469,2021.50456203881,2021.53424653547,SC1_GQ153540.1
247,15,0.02968449666,114.354358012108,22.1157947091718,114.352523294952,22.11240137772,393.359202120129,393.329517623469,2021.50456203881,2021.53424653547,SC1_GQ153548.1
246,10,0.03742279107,114.362116589325,22.1232968535002,114.348101767872,22.109208274919,393.35920212013,393.32177932906,2021.4968237444,2021.53424653547,SC1_GQ153545.1
245,17,0.3981079023,114.295487030443,22.5167437256629,114.108225435484,22.4997240906288,393.35920212016,392.96109421786,2021.1361386332,2021.5342465355,SC1_GQ153547.1
244,20,0.4662798238,114.258801436734,22.5238610821356,114.084022874027,22.2622878672946,393.35920212018,392.89292229638,2021.06796671172,2021.53424653552,SC1_GQ153544.1
248,21,0.5520085851,111.351825635026,22.763870186221,111.442543124991,22.7039108816182,393.3592021202,392.8071935351,2020.98223795044,2021.53424653554,SC1_OK017824.1
248,22,0.5520085851,111.351825635026,22.763870186221,111.368998863355,22.7825924757162,393.3592021202,392.8071935351,2020.98223795044,2021.53424653554,SC1_OK017822.1
243,16,0.5088264341,114.199732608445,22.4707794373697,114.114169084005,22.5617847494672,393.3592021202,392.8503756861,2021.02542010144,2021.53424653554,SC1_GQ153539.1
203,67,9.634393518,104.748437596585,26.3676065663559,102.926755802024,25.0314207671883,393.359202121,383.724808603,2011.89985301834,2021.53424653634,SC1_KY417145.1
203,68,9.634393518,104.748437596585,26.3676065663559,98.5411780331115,24.1772353795727,393.359202121,383.724808603,2011.89985301834,2021.53424653634,SC1_KU973692.1
266,54,0.4394461464,114.41009235911,22.055339896451,114.255834592792,22.4325433709957,393.3592021225,392.9197559761,2021.09480039144,2021.53424653784,SC1_GQ153543.1
266,55,0.4394461464,114.41009235911,22.055339896451,114.418414030928,22.1211073781803,393.3592021225,392.9197559761,2021.09480039144,2021.53424653784,SC1_GQ153542.1
252,36,1.687831664,113.932849684993,23.8382993693225,114.018283516957,23.7121281599012,393.3592021227,391.6713704587,2019.84641487404,2021.53424653804,SC1_OK017812.1
253,34,1.613970218,113.806634133206,23.8258855256513,112.558296902146,25.0791658868007,393.35920212286,391.74523190486,2019.9202763202,2021.5342465382,SC1_OK017828.1
253,35,1.613970218,113.806634133206,23.8258855256513,111.373105007001,23.3978213665584,393.35920212286,391.74523190486,2019.9202763202,2021.5342465382,SC1_OK017859.1
256,27,0.07438891659,113.659086339392,23.9976611759066,113.723060888235,24.0707149919345,393.35920212289,393.2848132063,2021.45985762164,2021.53424653823,SC1_OK017814.1
256,26,0.07438891659,113.659086339392,23.9976611759066,113.707720136099,24.0541186877546,393.35920212289,393.2848132063,2021.45985762164,2021.53424653823,SC1_OK017820.1
260,31,2.423295417,113.451965449872,23.9587962800482,113.540457155805,24.0632599684962,393.3592021229,390.9359067059,2019.11095112124,2021.53424653824,SC1_OK017827.1
261,32,1.395413445,113.497482332415,24.0082435556848,111.908214496402,23.8177365645652,393.3592021229,391.9637886779,2020.13883309324,2021.53424653824,SC1_OK017825.1
261,33,1.395413445,113.497482332415,24.0082435556848,113.90709252073,23.1808337010917,393.3592021229,391.9637886779,2020.13883309324,2021.53424653824,SC1_OK017826.1
257,25,0.3521389149,113.905348080339,24.0841814542705,113.91068363242,24.1803052337882,393.3592021229,393.007063208,2021.18210762334,2021.53424653824,SC1_OK017821.1
255,28,0.201051305,113.693427286174,23.9942840333609,113.569824066209,23.9764949353241,393.3592021229,393.1581508179,2021.33319523324,2021.53424653824,SC1_OK017815.1
258,24,0.1591686372,113.167488425112,24.1795878275923,113.134884333171,23.9496432217539,393.3592021229,393.2000334857,2021.37507790104,2021.53424653824,SC1_OK017817.1
259,23,0.07257690445,113.011214243493,24.1592890778808,113.475370952525,24.4255502701417,393.35920212293,393.28662521848,2021.46166963382,2021.53424653827,SC1_OK017816.1
259,29,0.07257690445,113.011214243493,24.1592890778808,112.826638368475,24.0733172908689,393.35920212293,393.28662521848,2021.46166963382,2021.53424653827,SC1_OK017818.1
167,103,47.66240991,103.801730123897,26.1755481726674,113.135886154913,23.1565691162637,393.359202123,345.696792213,1973.87183662834,2021.53424653834,SC1_AY394995.1
163,120,29.7963046,105.191776195827,26.1093388008381,105.189663496435,26.4558493664197,393.359202123,363.562897523,1991.73794193834,2021.53424653834,SC1_OK017830.1
204,69,17.22251003,99.0567865438386,25.6969060078699,99.2182279212607,25.3201982687019,393.359202123,376.136692093,2004.31173650834,2021.53424653834,SC1_KF569996.1
204,70,17.22251003,99.0567865438386,25.6969060078699,99.7233673087407,25.5530808018182,393.359202123,376.136692093,2004.31173650834,2021.53424653834,SC1_JX993988.1
185,99,4.576297708,103.045035670484,25.0512031456979,104.100824830708,24.0249714414437,393.359202123,388.782904415,2016.95794883034,2021.53424653834,SC1_MK211377.1
186,100,1.00626726,102.721883911551,25.0796893213907,102.927455404527,25.0316400465559,393.359202123,392.352934863,2020.52797927834,2021.53424653834,SC1_KY417148.1
249,30,8.489163645,113.162227479425,24.4700712766325,111.750751868272,24.6363911756166,393.3592021231,384.8700384781,2013.04508289344,2021.53424653844,SC1_KJ473815.1
187,102,0.5484796464,102.774107389145,25.1210156312854,102.616872233882,25.0997067581726,393.3592021233,392.8107224769,2020.98576689224,2021.53424653864,SC1_KY417147.1
187,101,0.5484796464,102.774107389145,25.1210156312854,102.722785006618,25.0459163212811,393.3592021233,392.8107224769,2020.98576689224,2021.53424653864,SC1_KY417142.1
174,88,0.1400508648,101.546778899159,24.4653344880093,101.452531753456,24.4342841592882,393.35920212378,393.21915125898,2021.39419567432,2021.53424653912,SC1_OK017850.1
174,86,0.1400508648,101.546778899159,24.4653344880093,101.596558187039,24.5054961050843,393.35920212378,393.21915125898,2021.39419567432,2021.53424653912,SC1_OK017851.1
175,83,0.5295489038,101.499507431181,24.5673461079267,101.577220317284,24.6420074454737,393.35920212379,392.82965321999,2021.00469763533,2021.53424653913,SC1_OK017848.1
175,84,0.5295489038,101.499507431181,24.5673461079267,100.660451418063,23.8429517826378,393.35920212379,392.82965321999,2021.00469763533,2021.53424653913,SC1_OK017849.1
172,85,0.4555408629,101.572011609737,24.6446097587067,101.445344096291,24.4261585906964,393.3592021238,392.9036612609,2021.07870567624,2021.53424653914,SC1_OK017847.1
172,87,0.4555408629,101.572011609737,24.6446097587067,101.526981600072,24.4865455309673,393.3592021238,392.9036612609,2021.07870567624,2021.53424653914,SC1_MK211376.1
176,82,17.57400846,102.915233495001,24.3315917387546,102.751812120423,25.1167882647973,393.359202124,375.785193664,2003.96023807934,2021.53424653934,SC1_KY417149.1
170,89,2.717821786,101.427869418495,24.7891365605125,101.229450491172,24.3404287432383,393.359202124,390.641380338,2018.81642475334,2021.53424653934,SC1_MK211378.1
177,90,10.80132427,102.966276617167,24.6708571907421,102.737509650256,25.0222630144896,393.359202125,382.557877855,2010.73292227034,2021.53424654034,SC1_KY417143.1
177,91,10.80132427,102.966276617167,24.6708571907421,105.165100906805,25.4289622100921,393.359202125,382.557877855,2010.73292227034,2021.53424654034,SC1_FJ588686.1
179,98,8.375152844,103.005526602119,24.9803922599122,103.098050665318,24.1716644119246,393.359202125,384.984049281,2013.15909369634,2021.53424654034,SC1_MK211375.1
182,95,0.246164277,102.352287425171,24.9037465042347,102.158806259388,24.6313090745451,393.3592021251,393.1130378481,2021.28808226344,2021.53424654044,SC1_OK017854.1
182,94,0.246164277,102.352287425171,24.9037465042347,102.292751991772,24.7685489331064,393.3592021251,393.1130378481,2021.28808226344,2021.53424654044,SC1_OK017857.1
184,96,1.036194408,101.907640566096,24.1826309286728,102.779605116722,24.6994906594471,393.35920212529,392.32300771729,2020.49805213263,2021.53424654063,SC1_OK017852.1
184,93,1.036194408,101.907640566096,24.1826309286728,102.018132133903,23.8896963712779,393.35920212529,392.32300771729,2020.49805213263,2021.53424654063,SC1_OK017855.1
183,92,1.127920215,101.71071265514,24.1461770000616,102.092327085626,24.8033246023519,393.3592021254,392.2312819104,2020.40632632574,2021.53424654074,SC1_OK017853.1
181,97,1.041628942,102.285798397404,24.6592798949121,103.342725884192,23.8567598917322,393.3592021254,392.3175731834,2020.49261759874,2021.53424654074,SC1_OK017856.1
164,118,0.6658712126,105.069517092741,25.082490740118,105.165193902006,25.1628843741188,393.3592021256,392.693330913,2020.86837532834,2021.53424654094,SC1_OK017829.1
164,119,0.6658712126,105.069517092741,25.082490740118,105.037961909554,25.0926088445257,393.3592021256,392.693330913,2020.86837532834,2021.53424654094,SC1_OK017831.1
145,128,0.4678967605,107.476595804483,25.3982022959163,107.269952983115,24.9709638747366,393.3592021325,392.891305372,2021.06634978734,2021.53424654784,SC1_MT072864.1
145,124,0.4678967605,107.476595804483,25.3982022959163,108.010852088865,25.0193525092965,393.3592021325,392.891305372,2021.06634978734,2021.53424654784,SC1_MT040334.1
147,127,0.2096962056,106.757924131888,24.5248910173395,106.965655340652,24.5420197620336,393.3592021325,393.1495059269,2021.32455034224,2021.53424654784,SC1_MT040336.1
147,126,0.2096962056,106.757924131888,24.5248910173395,106.810661330364,24.4927191696933,393.3592021325,393.1495059269,2021.32455034224,2021.53424654784,SC1_MT040335.1
146,125,0.4898658066,107.233564313444,24.8522693304657,107.324187314479,25.010504328803,393.3592021326,392.869336326,2021.04438074134,2021.53424654794,SC1_MT040333.1
156,140,48.0674132,102.390113208603,21.8978123516727,101.209585724454,13.491900461357,393.35920215,345.29178895,1973.46683336534,2021.53424656534,SC1_MW251308.1
158,139,2.442036326,101.487017377894,18.5848437349106,101.992751223753,18.6899641117515,393.3592021507,390.9171658247,2019.09221024004,2021.53424656604,SC1_MZ937004.1
158,138,2.442036326,101.487017377894,18.5848437349106,102.095802663248,18.5189338330186,393.3592021507,390.9171658247,2019.09221024004,2021.53424656604,SC1_MZ937002.1
157,137,2.895644511,101.663388096205,21.5749511186192,101.382375761677,21.5633204638673,393.359202151,390.46355764,2018.63860205534,2021.53424656634,SC1_EPI_ISL_412977
151,129,6.063321445,102.940499972226,23.1697365475489,103.098416593869,23.2976718441806,393.359202155,387.29588071,2015.47092512534,2021.53424657034,SC1_OK017806.1
151,130,6.063321445,102.940499972226,23.1697365475489,102.972643467056,23.2854075181352,393.359202155,387.29588071,2015.47092512534,2021.53424657034,SC1_MW703458.1
153,133,6.064871018,112.376810486577,27.2192060755901,112.360941258784,27.0475821187764,393.3592021559,387.2943311379,2015.46937555324,2021.53424657124,SC1_OK017805.1
154,134,3.396155849,122.413138422923,30.0500811690765,122.342542776598,29.7936475531757,393.3592021559,389.9630463069,2018.13809072224,2021.53424657124,SC1_MG772934.1
154,135,3.396155849,122.413138422923,30.0500811690765,122.308923990678,29.8204462022838,393.3592021559,389.9630463069,2018.13809072224,2021.53424657124,SC1_MG772933.1
155,131,1.604897265,111.423157291575,25.7229765639888,112.187031316188,26.7438180676798,393.359202156,391.754304891,2019.92934930634,2021.53424657134,SC1_OK017804.1
155,132,1.604897265,111.423157291575,25.7229765639888,111.472681205858,25.8393991020527,393.359202156,391.754304891,2019.92934930634,2021.53424657134,SC1_OK017803.1
149,136,36.72533683,102.767325633029,20.939488465757,101.359261187024,21.3622641919846,393.35920216,356.63386533,1984.80890974534,2021.53424657534,SC1_MZ081381.1
