node1,node2,length,startLon,startLat,endLon,endLat,endNodeL,startNodeL,startYear,endYear,tipLabel,startClade,endClade
148,165,7.76839712493907,110.073382833168,27.5707595637774,110.161034034619,27.7263726938892,104.142913099685,96.374515974746,1947.62944881125,1955.39784593619,NA,main,main
148,149,13.6377775265769,110.073382833168,27.5707595637774,105.092553335795,30.4445164605285,110.012293501323,96.374515974746,1947.62944881125,1961.26722633783,NA,main,main
165,166,12.4544272944167,110.161034034619,27.7263726938892,112.21101684313,28.2407198471692,116.597340394102,104.142913099685,1955.39784593619,1967.8522732306,NA,main,main
149,150,9.1601730906213,105.092553335795,30.4445164605285,105.147013954462,30.9653434451247,119.172466591944,110.012293501323,1961.26722633783,1970.42739942845,NA,main,main
165,168,20.6274093349122,110.161034034619,27.7263726938892,115.453195110944,29.545167026429,124.770322434597,104.142913099685,1955.39784593619,1976.0252552711,NA,main,main
216,217,10.4076538805779,109.711059734705,27.4809231640449,109.317821945142,27.1876572052316,129.34626416325,118.938610282672,1970.19354311917,1980.60119699975,NA,main,main
150,151,14.0136291462262,105.147013954462,30.9653434451247,105.259565105138,31.038703212398,133.18609573817,119.172466591944,1970.42739942845,1984.44102857467,NA,main,main
217,218,9.14548683896238,109.317821945142,27.1876572052316,108.475544154304,26.9473658155377,138.491751002213,129.34626416325,1980.60119699975,1989.74668383872,NA,main,main
168,169,15.9329867612535,115.453195110944,29.545167026429,116.414488510053,28.447840311499,140.703309195851,124.770322434597,1976.0252552711,1991.95824203235,NA,main,main
217,261,11.8553224609766,109.317821945142,27.1876572052316,108.797091145374,26.4688855891184,141.201586624227,129.34626416325,1980.60119699975,1992.45651946073,NA,main,main
218,219,3.08202409475416,108.475544154304,26.9473658155377,108.66756605565,26.7743832190552,141.573775096967,138.491751002213,1989.74668383872,1992.82870793347,NA,main,main
269,270,24.9307053141981,110.57580624793,28.4465229073849,109.852008576566,28.373158122222,141.591717553506,116.661012239307,1967.91594507581,1992.84665039001,NA,main,main
169,170,2.0262203171868,116.414488510053,28.447840311499,116.873236623679,28.6092502709662,142.729529513038,140.703309195851,1991.95824203235,1993.98446234954,NA,main,main
218,222,5.69016443423522,108.475544154304,26.9473658155377,102.968409456596,25.3523187989461,144.181915436448,138.491751002213,1989.74668383872,1995.43684827295,NA,main,main
169,212,3.90700388109088,116.414488510053,28.447840311499,114.898168424899,27.7621730501029,144.610313076942,140.703309195851,1991.95824203235,1995.86524591344,NA,main,main
170,171,3.25345784948351,116.873236623679,28.6092502709662,117.165950610468,28.7377995547446,145.982987362521,142.729529513038,1993.98446234954,1997.23792019902,NA,main,main
222,223,2.43816713750585,102.968409456596,25.3523187989461,102.828020533148,25.296001406443,146.620082573954,144.181915436448,1995.43684827295,1997.87501541046,NA,main,main
143,144,23.4524663100927,110.79381368343,26.9318944027708,110.461874361708,26.6923501859192,147.667765936585,124.215299626493,1975.470232463,1998.92269877309,NA,main,main
222,233,3.81219128089106,102.968409456596,25.3523187989461,103.167644079798,25.2679418196056,147.994106717339,144.181915436448,1995.43684827295,1999.24903955384,NA,main,main
171,172,2.71078227638224,117.165950610468,28.7377995547446,116.128323700591,24.8846536763541,148.693769638903,145.982987362521,1997.23792019902,1999.94870247541,NA,main,main
270,271,8.31904804042739,109.852008576566,28.373158122222,109.795780955914,28.4504923504661,149.910765593933,141.591717553506,1992.84665039001,2001.16569843044,NA,main,main
172,192,1.41385392013039,116.128323700591,24.8846536763541,114.18072228827,22.301879858253,150.107623559034,148.693769638903,1999.94870247541,2001.36255639554,NA,main,main
151,152,17.0013771735837,105.259565105138,31.038703212398,112.029775973263,35.9203355774869,150.187472911754,133.18609573817,1984.44102857467,2001.44240574826,NA,main,main
233,234,2.41663105824062,103.167644079798,25.2679418196056,103.083084788777,25.1836280218589,150.410737775579,147.994106717339,1999.24903955384,2001.66567061208,NA,main,main
192,200,0.31024767419775,114.18072228827,22.301879858253,114.170114008335,22.3840561244091,150.417871233231,150.107623559034,2001.36255639554,2001.67280406973,NA,main,main
270,275,9.07468587130178,109.852008576566,28.373158122222,101.202358180401,21.6209538540828,150.666403424807,141.591717553506,1992.84665039001,2001.92133626131,NA,main,main
234,253,0.653945016109819,103.083084788777,25.1836280218589,102.976135946527,25.0776806173189,151.064682791689,150.410737775579,2001.66567061208,2002.31961562819,NA,main,main
261,262,10.0088921525008,108.797091145374,26.4688855891184,99.2347597442725,25.1637889870181,151.210478776727,141.201586624227,1992.45651946073,2002.46541161323,NA,main,main
172,173,2.6953663099906,116.128323700591,24.8846536763541,116.133123092514,23.710841201305,151.389135948894,148.693769638903,1999.94870247541,2002.6440687854,NA,main,main
144,146,4.3126879542886,110.461874361708,26.6923501859192,111.515778112312,30.6739558591726,151.980453890874,147.667765936585,1998.92269877309,2003.23538672738,NA,main,main
253,254,0.951492104264691,102.976135946527,25.0776806173189,102.969725546488,25.0917888297167,152.016174895954,151.064682791689,2002.31961562819,2003.27110773246,NA,main,main
152,153,1.90101921510524,112.029775973263,35.9203355774869,111.364543264073,35.0145103962372,152.088492126859,150.187472911754,2001.44240574826,2003.34342496336,NA,main,main
173,181,0.804574197342244,116.133123092514,23.710841201305,116.121285286028,23.6846668617134,152.193710146236,151.389135948894,2002.6440687854,2003.44864298274,NA,main,main
200,202,1.94101402415142,114.170114008335,22.3840561244091,114.188661490876,22.3057210585471,152.358885257383,150.417871233231,2001.67280406973,2003.61381809389,NA,main,main
212,213,7.95696250761959,114.898168424899,27.7621730501029,115.742009077555,28.9460941392876,152.567275584561,144.610313076942,1995.86524591344,2003.82220842106,NA,main,main
146,21,0.802969437006837,111.515778112312,30.6739558591726,112.016698880863,30.8486597120912,152.783423327881,151.980453890874,2003.23538672738,2004.03835616438,SC1_DQ648857.1,main,main
202,203,0.477025366379799,114.188661490876,22.3057210585471,114.206353150092,22.290398464989,152.835910623763,152.358885257383,2003.61381809389,2004.09084346027,NA,main,main
202,204,0.759161932855253,114.188661490876,22.3057210585471,114.058281778076,22.1719375215009,153.118047190238,152.358885257383,2003.61381809389,2004.37298002674,NA,main,main
204,205,0.348265133358495,114.058281778076,22.1719375215009,114.358397454891,22.1466054659557,153.466312323597,153.118047190238,2004.37298002674,2004.7212451601,NA,main,main
205,206,0.112655585932309,114.358397454891,22.1466054659557,114.356603803068,22.1505085223431,153.578967909529,153.466312323597,2004.7212451601,2004.83390074603,NA,main,main
204,211,0.474649184829687,114.058281778076,22.1719375215009,113.944606104848,22.1487050370986,153.592696375068,153.118047190238,2004.37298002674,2004.84762921157,NA,main,main
206,207,0.035833176141626,114.356603803068,22.1505085223431,114.312478589496,22.092506204553,153.614801085671,153.578967909529,2004.83390074603,2004.86973392217,NA,main,main
146,22,1.63630277034009,111.515778112312,30.6739558591726,111.53245290398,30.7636744840514,153.616756661214,151.980453890874,2003.23538672738,2004.87168949772,SC1_DQ412043.1,main,main
153,90,1.52826453435469,111.364543264073,35.0145103962372,111.292563656763,30.6008685536179,153.616756661214,152.088492126859,2003.34342496336,2004.87168949772,SC1_DQ412042.1,main,main
219,97,12.1249487773623,108.66756605565,26.7743832190552,108.504142082345,22.8744595604962,153.698723874329,141.573775096967,1992.82870793347,2004.95365671083,SC1_DQ071615.1,main,main
206,49,0.3332225416395,114.356603803068,22.1505085223431,114.353890311303,22.1518218015197,153.912190451168,153.578967909529,2004.83390074603,2005.16712328767,SC1_DQ022305.2,main,main
200,201,3.49499733325555,114.170114008335,22.3840561244091,114.221294368195,22.3447690429733,153.912868566487,150.417871233231,2001.67280406973,2005.16780140299,NA,main,main
207,42,0.316567447689604,114.312478589496,22.092506204553,114.294293096121,22.1399555829502,153.93136853336,153.614801085671,2004.86973392217,2005.18630136986,SC1_DQ084199.1,main,main
173,174,2.59488049196813,116.133123092514,23.710841201305,115.91926313402,23.6490711302146,153.984016440862,151.389135948894,2002.6440687854,2005.23894927736,NA,main,main
211,48,0.396206404867762,113.944606104848,22.1487050370986,113.952043589284,22.1388637695849,153.988902779936,153.592696375068,2004.84762921157,2005.24383561644,SC1_DQ084200.1,main,main
234,235,3.7050071575177,103.083084788777,25.1836280218589,102.949788256703,24.7970524609356,154.115744933097,150.410737775579,2001.66567061208,2005.3706777696,NA,main,main
205,208,0.746574181156586,114.358397454891,22.1466054659557,114.124908585477,22.095742759987,154.212886504753,153.466312323597,2004.7212451601,2005.46781934126,NA,main,main
152,154,4.19331662506929,112.029775973263,35.9203355774869,113.177000045346,37.3331454235648,154.380789536823,150.187472911754,2001.44240574826,2005.63572237333,NA,main,main
208,209,0.229850647136535,114.124908585477,22.095742759987,114.1452092917,22.3194033168956,154.44273715189,154.212886504753,2005.46781934126,2005.69766998839,NA,main,main
203,51,1.66532092329624,114.206353150092,22.290398464989,114.17544949217,22.4299585733467,154.501231547059,152.835910623763,2004.09084346027,2005.75616438356,SC1_GQ153540.1,main,main
211,50,0.908535171991097,113.944606104848,22.1487050370986,114.137050233101,22.2488731740928,154.501231547059,153.592696375068,2004.84762921157,2005.75616438356,SC1_GQ153539.1,main,main
207,41,1.12478662577186,114.312478589496,22.092506204553,114.292638598857,22.0837203810066,154.739587711442,153.614801085671,2004.86973392217,2005.99452054795,SC1_GQ153541.1,main,main
253,122,3.71874053619156,102.976135946527,25.0776806173189,105.102238706765,26.1770401529148,154.783423327881,151.064682791689,2002.31961562819,2006.03835616438,SC1_FJ588686.1,main,main
209,210,0.46032047052274,114.1452092917,22.3194033168956,114.133047799464,22.2799524650769,154.903057622412,154.44273715189,2005.69766998839,2006.15799045892,NA,main,main
201,39,0.993842432626714,114.221294368195,22.3447690429733,113.927865505288,22.2701312549047,154.906710999114,153.912868566487,2005.16780140299,2006.16164383562,SC1_GQ153542.1,main,main
201,40,0.993842432626714,114.221294368195,22.3447690429733,114.172191976542,22.2947208442317,154.906710999114,153.912868566487,2005.16780140299,2006.16164383562,SC1_GQ153543.1,main,main
223,224,8.78351599271966,102.828020533148,25.296001406443,102.428597350393,24.2721597026575,155.403598566673,146.620082573954,1997.87501541046,2006.65853140318,NA,main,main
210,43,0.535160226016298,114.133047799464,22.2799524650769,114.152474967824,22.2471541718027,155.438217848429,154.903057622412,2006.15799045892,2006.69315068493,SC1_GQ153544.1,main,main
210,47,0.535160226016298,114.133047799464,22.2799524650769,114.297413375307,22.3340650005956,155.438217848429,154.903057622412,2006.15799045892,2006.69315068493,SC1_GQ153545.1,main,main
275,276,5.12433146708401,101.202358180401,21.6209538540828,101.406706155888,21.4842375500049,155.790734891891,150.666403424807,2001.92133626131,2007.04566772839,NA,main,main
254,255,3.91517065619407,102.969725546488,25.0917888297167,102.980266417498,25.0867823073576,155.931345552148,152.016174895954,2003.27110773246,2007.18627838865,NA,main,main
203,44,3.12559489589887,114.206353150092,22.290398464989,114.378455047896,22.4262062358213,155.961505519662,152.835910623763,2004.09084346027,2007.21643835616,SC1_GQ153546.1,main,main
235,236,1.85378981222081,102.949788256703,24.7970524609356,102.903118444114,24.8115910426918,155.969534745318,154.115744933097,2005.3706777696,2007.22446758182,NA,main,main
208,45,1.93766011079873,114.124908585477,22.095742759987,113.9836815129,22.1236016505606,156.150546615552,154.212886504753,2005.46781934126,2007.40547945205,SC1_GQ153547.1,main,main
224,231,0.846593248873958,102.428597350393,24.2721597026575,102.511301834201,24.4000740591455,156.250191815547,155.403598566673,2006.65853140318,2007.50512465205,NA,main,main
209,46,2.21191905270346,114.1452092917,22.3194033168956,114.041025344846,22.4557403410693,156.654656204593,154.44273715189,2005.69766998839,2007.9095890411,SC1_GQ153548.1,main,main
271,272,7.86099993221413,109.795780955914,28.4504923504661,122.085829289234,29.9980272321688,157.771765526147,149.910765593933,2001.16569843044,2009.02669836265,NA,main,main
154,155,3.66558621400897,113.177000045346,37.3331454235648,128.291733831154,41.7322115881674,158.046375750832,154.380789536823,2005.63572237333,2009.30130858734,NA,main,main
144,145,10.4801097545009,110.461874361708,26.6923501859192,110.451862818467,26.7631727406684,158.147875691086,147.667765936585,1998.92269877309,2009.40280852759,NA,main,main
213,214,5.99362905274007,115.742009077555,28.9460941392876,115.463665445584,28.6656659174572,158.560904637301,152.567275584561,2003.82220842106,2009.8158374738,NA,main,main
155,156,0.552886602133341,128.291733831154,41.7322115881674,128.351632136538,41.8003545704236,158.599262352966,158.046375750832,2009.30130858734,2009.85419518947,NA,main,main
236,237,2.64916515834893,102.903118444114,24.8115910426918,102.95190711363,24.7733560928725,158.618699903667,155.969534745318,2007.22446758182,2009.87363274017,NA,main,main
276,277,3.01820479597026,101.406706155888,21.4842375500049,101.3058202703,21.3183885842414,158.808939687862,155.790734891891,2007.04566772839,2010.06387252436,NA,main,main
255,256,3.23755566100555,102.980266417498,25.0867823073576,103.003928920471,25.0681184113365,159.168901213154,155.931345552148,2007.18627838865,2010.42383404966,NA,main,main
237,238,0.72038842537861,102.95190711363,24.7733560928725,102.817022896326,24.677989668746,159.339088329045,158.618699903667,2009.87363274017,2010.59402116555,NA,main,main
224,225,4.16057984489345,102.428597350393,24.2721597026575,100.442792126749,24.5719504376314,159.564178411567,155.403598566673,2006.65853140318,2010.81911124807,NA,main,main
238,246,0.277584941515761,102.817022896326,24.677989668746,102.757623869003,24.7496753406986,159.616673270561,159.339088329045,2010.59402116555,2010.87160610706,NA,main,main
174,175,5.75109380813036,115.91926313402,23.6490711302146,114.789583747871,23.7075512737882,159.735110248992,153.984016440862,2005.23894927736,2010.9900430855,NA,main,main
254,258,7.75732989075815,102.969725546488,25.0917888297167,104.080095989062,25.2391771605481,159.773504786712,152.016174895954,2003.27110773246,2011.02843762321,NA,main,main
261,138,18.5818367036541,108.797091145374,26.4688855891184,104.001245460314,25.4353278335255,159.783423327881,141.201586624227,1992.45651946073,2011.03835616438,SC1_JX993988.1,main,main
262,140,8.57294455115334,99.2347597442725,25.1637889870181,99.2963610841541,25.1902278812786,159.783423327881,151.210478776727,2002.46541161323,2011.03835616438,SC1_KF569996.1,main,main
256,257,0.668767503763716,103.003928920471,25.0681184113365,102.955698159391,25.0314298854931,159.837668716917,159.168901213154,2010.42383404966,2011.09260155342,NA,main,main
238,239,0.635476859018954,102.817022896326,24.677989668746,103.027358987404,24.7376910273419,159.974565188064,159.339088329045,2010.59402116555,2011.22949802457,NA,main,main
256,124,0.904933073631454,103.003928920471,25.0681184113365,102.820419324986,25.0245280302618,160.073834286785,159.168901213154,2010.42383404966,2011.32876712329,SC1_KC881005.1,main,main
246,247,0.457704920542131,102.757623869003,24.7496753406986,102.770354460716,24.786323895165,160.074378191103,159.616673270561,2010.87160610706,2011.32931102761,NA,main,main
237,251,1.65441248169983,102.95190711363,24.7733560928725,102.918865620608,24.7732204345554,160.273112385367,158.618699903667,2009.87363274017,2011.52804522187,NA,main,main
251,252,0.0442179318101346,102.918865620608,24.7732204345554,102.944749024096,24.8253016380001,160.317330317177,160.273112385367,2011.52804522187,2011.57226315368,NA,main,main
271,273,10.4924052185187,109.795780955914,28.4504923504661,109.856998268872,28.8729000027289,160.403170812452,149.910765593933,2001.16569843044,2011.65810364895,NA,main,main
192,193,10.337271135713,114.18072228827,22.301879858253,116.950862660514,26.1649224886517,160.444894694747,150.107623559034,2001.36255639554,2011.69982753125,NA,main,main
150,76,41.2767101605943,105.147013954462,30.9653434451247,106.599716431197,33.1974657651311,160.449176752538,119.172466591944,1970.42739942845,2011.70410958904,SC1_JX993987.1,main,main
170,72,18.0538938148433,116.873236623679,28.6092502709662,119.232448645341,28.1238733734599,160.783423327881,142.729529513038,1993.98446234954,2012.03835616438,SC1_KF294457.1,main,main
262,139,9.57294455115334,99.2347597442725,25.1637889870181,98.7077923368459,24.2128349083007,160.783423327881,151.210478776727,2002.46541161323,2012.03835616438,SC1_KU973692.1,main,main
153,89,8.69493120102143,111.364543264073,35.0145103962372,112.493400598128,34.9624396038684,160.783423327881,152.088492126859,2003.34342496336,2012.03835616438,SC1_KY770860.1,main,main
156,86,2.18416097491507,128.351632136538,41.8003545704236,128.175275011978,41.6489404124632,160.783423327881,158.599262352966,2009.85419518947,2012.03835616438,SC1_KJ473811.1,main,main
258,259,1.01123743588389,104.080095989062,25.2391771605481,103.586818792222,24.7470430496883,160.784742222596,159.773504786712,2011.02843762321,2012.0396750591,NA,main,main
258,260,1.03169916537474,104.080095989062,25.2391771605481,105.245081025733,24.9844495672397,160.805203952087,159.773504786712,2011.02843762321,2012.06013678859,NA,main,main
154,164,6.47978335056774,113.177000045346,37.3331454235648,112.92679132962,37.9285336141263,160.860572887391,154.380789536823,2005.63572237333,2012.11550572389,NA,main,main
252,99,0.679207764802316,102.944749024096,24.8253016380001,102.911527142118,24.8821807448387,160.996538081979,160.317330317177,2011.57226315368,2012.25147091848,SC1_KC881006.1,main,main
155,157,3.25275381117067,128.291733831154,41.7322115881674,125.299567693311,41.3838925278672,161.299129562003,158.046375750832,2009.30130858734,2012.55406239851,NA,main,main
247,248,1.29444854999882,102.770354460716,24.786323895165,102.961844034696,24.7379258192634,161.368826741102,160.074378191103,2011.32931102761,2012.6237595776,NA,main,main
223,232,14.7942904102957,102.828020533148,25.296001406443,102.224155022885,25.2177182200235,161.414372984249,146.620082573954,1997.87501541046,2012.66930582075,NA,main,main
252,101,1.13275967737072,102.944749024096,24.8253016380001,103.051398888972,24.7247972279141,161.450089994548,160.317330317177,2011.57226315368,2012.70502283105,SC1_KF367457.1,main,main
257,125,1.65886936506188,102.955698159391,25.0314298854931,102.988595220126,24.8489895704018,161.496538081979,159.837668716917,2011.09260155342,2012.75147091848,SC1_KY417144.1,main,main
259,121,0.711795859383173,103.586818792222,24.7470430496883,103.038290095268,24.7512685083768,161.496538081979,160.784742222596,2012.0396750591,2012.75147091848,SC1_KY417145.1,main,main
248,105,0.127711340876962,102.961844034696,24.7379258192634,102.951533296929,24.7472875492384,161.496538081979,161.368826741102,2012.6237595776,2012.75147091848,SC1_KY417143.1,main,main
239,240,1.54088295856635,103.027358987404,24.7376910273419,103.008167083226,24.7407705800643,161.515448146631,159.974565188064,2011.22949802457,2012.77038098313,NA,main,main
166,73,45.1860829337791,112.21101684313,28.2407198471692,113.580964481924,32.06452672494,161.783423327881,116.597340394102,1967.8522732306,2013.03835616438,SC1_KJ473814.1,main,main
216,93,42.8448130452085,109.711059734705,27.4809231640449,111.373100121813,24.2276479516103,161.783423327881,118.938610282672,1970.19354311917,2013.03835616438,SC1_KJ473815.1,main,main
257,123,1.94575461096353,102.955698159391,25.0314298854931,102.714748959262,25.0621270115736,161.783423327881,159.837668716917,2011.09260155342,2013.03835616438,SC1_KJ473816.1,main,main
260,119,0.978219375793978,105.245081025733,24.9844495672397,105.623676317978,25.1263966144653,161.783423327881,160.805203952087,2012.06013678859,2013.03835616438,SC1_KY770859.1,main,main
260,118,0.978219375793978,105.245081025733,24.9844495672397,105.308314405216,25.2329927007536,161.783423327881,160.805203952087,2012.06013678859,2013.03835616438,SC1_KY770858.1,main,main
164,87,0.922850440489642,112.92679132962,37.9285336141263,112.629797495193,37.7213023922502,161.783423327881,160.860572887391,2012.11550572389,2013.03835616438,SC1_KJ473813.1,main,main
164,88,0.922850440489642,112.92679132962,37.9285336141263,114.018765738729,39.0110792771616,161.783423327881,160.860572887391,2012.11550572389,2013.03835616438,SC1_KJ473812.1,main,main
248,249,0.438069483143364,102.961844034696,24.7379258192634,102.753180569111,25.0318959917303,161.806896224246,161.368826741102,2012.6237595776,2013.06182906075,NA,main,main
249,250,0.121085537703344,102.753180569111,25.0318959917303,102.75995159457,25.0563727229483,161.927981761949,161.806896224246,2013.06182906075,2013.18291459845,NA,main,main
240,241,0.416605016329681,103.008167083226,24.7407705800643,102.832178286744,25.9118715389228,161.93205316296,161.515448146631,2012.77038098313,2013.18698599946,NA,main,main
246,102,2.45716101622377,102.757623869003,24.7496753406986,102.682347142351,24.8213379789229,162.073834286785,159.616673270561,2010.87160610706,2013.32876712329,SC1_KY417147.1,main,main
247,103,1.99945609568164,102.770354460716,24.786323895165,102.800198287703,24.7612551438502,162.073834286785,160.074378191103,2011.32931102761,2013.32876712329,SC1_KY417146.1,main,main
251,100,1.80072190141831,102.918865620608,24.7732204345554,102.927976872633,25.0827221412135,162.073834286785,160.273112385367,2011.52804522187,2013.32876712329,SC1_KY417149.1,main,main
250,104,0.145852524836116,102.75995159457,25.0563727229483,102.852856788714,25.1181619462379,162.073834286785,161.927981761949,2013.18291459845,2013.32876712329,SC1_KY417148.1,main,main
232,127,0.758091439521989,102.224155022885,25.2177182200235,102.297789779937,25.3481911101935,162.172464423771,161.414372984249,2012.66930582075,2013.42739726027,SC1_KP886809.1,main,main
232,128,0.758091439521989,102.224155022885,25.2177182200235,102.038333582244,25.2664585225578,162.172464423771,161.414372984249,2012.66930582075,2013.42739726027,SC1_KP886808.1,main,main
214,215,3.74661344671643,115.463665445584,28.6656659174572,115.512324362894,29.5414587824895,162.307518084018,158.560904637301,2009.8158374738,2013.56245092052,NA,main,main
249,106,0.52721203514205,102.753180569111,25.0318959917303,102.731509130614,25.0411826351445,162.334108259388,161.806896224246,2013.06182906075,2013.58904109589,SC1_KY417150.1,main,main
250,107,0.406126497438706,102.75995159457,25.0563727229483,102.720756750466,25.0286024159965,162.334108259388,161.927981761949,2013.18291459845,2013.58904109589,SC1_KT444582.1,main,main
157,77,1.06511568368592,125.299567693311,41.3838925278672,125.855020094456,41.6385533178139,162.364245245689,161.299129562003,2012.55406239851,2013.61917808219,SC1_KU182964.1,main,main
277,279,4.00689300804847,101.3058202703,21.3183885842414,101.3390968191,21.3189579404339,162.81583269591,158.808939687862,2010.06387252436,2014.07076553241,NA,main,main
240,109,1.62687929083907,103.008167083226,24.7407705800643,102.948206897284,24.7011144169554,163.14232743747,161.515448146631,2012.77038098313,2014.39726027397,SC1_KY417142.1,main,main
259,120,2.80964000939444,103.586818792222,24.7470430496883,102.745676519746,24.7584996064682,163.59438223199,160.784742222596,2012.0396750591,2014.84931506849,SC1_KY417151.1,main,main
241,242,2.25352747249572,102.832178286744,25.9118715389228,102.831373022167,25.8700297148191,164.185580635456,161.93205316296,2013.18698599946,2015.44051347196,NA,main,main
272,8,6.50754821269271,122.085829289234,29.9980272321688,122.355539739871,30.0882535582345,164.27931373884,157.771765526147,2009.02669836265,2015.53424657534,SC1_MG772934.1,main,main
181,183,12.1413030184356,116.121285286028,23.6846668617134,116.702928560606,23.902390659962,164.335013164672,152.193710146236,2003.44864298274,2015.58994600117,NA,main,main
236,116,8.60292967845317,102.903118444114,24.8115910426918,102.598896392527,24.784818323122,164.572464423771,155.969534745318,2007.22446758182,2015.82739726027,SC1_KY417152.1,main,main
242,243,0.427733412102863,102.831373022167,25.8700297148191,102.874388500668,25.9569234812458,164.613314047559,164.185580635456,2015.44051347196,2015.86824688406,NA,main,main
193,194,4.25493622455436,116.950862660514,26.1649224886517,116.149345035271,26.1311470633853,164.699830919301,160.444894694747,2011.69982753125,2015.9547637558,NA,main,main
243,245,0.255831292755393,102.874388500668,25.9569234812458,102.878695203194,25.9521554899796,164.869145340314,164.613314047559,2015.86824688406,2016.12407817682,NA,main,main
243,244,0.429125020438677,102.874388500668,25.9569234812458,102.881507369742,25.9750296874254,165.042439067998,164.613314047559,2015.86824688406,2016.2973719045,NA,main,main
156,85,6.47651070169098,128.351632136538,41.8003545704236,126.95937995172,35.59764038967,165.075773054657,158.599262352966,2009.85419518947,2016.33070589116,SC1_KY938558.1,main,main
183,185,0.757325660642095,116.702928560606,23.902390659962,116.605821876177,23.8085697669581,165.092338825314,164.335013164672,2015.58994600117,2016.34727166182,NA,main,main
185,186,0.111597663441708,116.605821876177,23.8085697669581,116.056256602786,23.5682884612165,165.203936488756,165.092338825314,2016.34727166182,2016.45886932526,NA,main,main
185,62,0.188352262129837,116.605821876177,23.8085697669581,116.657410860222,24.2368619448808,165.280691087444,165.092338825314,2016.34727166182,2016.53562392395,SC1_OK017812.1,main,main
149,92,55.3530970396726,105.092553335795,30.4445164605285,104.74411000639,30.20896020613,165.365390540996,110.012293501323,1961.26722633783,2016.6203233775,SC1_MK211374.1,main,main
151,91,32.1792948028251,105.259565105138,31.038703212398,105.61615671401,30.9917603903379,165.365390540996,133.18609573817,1984.44102857467,2016.6203233775,SC1_OK017846.1,main,main
239,108,5.39082535293107,103.027358987404,24.7376910273419,103.018840771248,24.7543673145458,165.365390540996,159.974565188064,2011.22949802457,2016.6203233775,SC1_OK017847.1,main,main
242,113,1.17980990553932,102.831373022167,25.8700297148191,102.765510168847,25.6870486276707,165.365390540996,164.185580635456,2015.44051347196,2016.6203233775,SC1_OK017849.1,main,main
245,112,0.496245200681062,102.878695203194,25.9521554899796,102.943494769042,25.9417387852268,165.365390540996,164.869145340314,2016.12407817682,2016.6203233775,SC1_OK017848.1,main,main
245,110,0.496245200681062,102.878695203194,25.9521554899796,102.807767212398,25.5519572673455,165.365390540996,164.869145340314,2016.12407817682,2016.6203233775,SC1_OK017850.1,main,main
244,114,0.322951472997778,102.881507369742,25.9750296874254,102.616390354638,25.675737048104,165.365390540996,165.042439067998,2016.2973719045,2016.6203233775,SC1_OK017851.1,main,main
175,176,5.71188660748532,114.789583747871,23.7075512737882,114.688711936097,23.3775609411016,165.446996856478,159.735110248992,2010.9900430855,2016.70192969298,NA,main,main
235,98,11.3343450614504,102.949788256703,24.7970524609356,104.987370924901,24.1175632750615,165.450089994548,154.115744933097,2005.3706777696,2016.70502283105,SC1_MK211375.1,main,main
255,126,9.51874444239955,102.980266417498,25.0867823073576,103.456462660603,25.2027219642834,165.450089994548,155.931345552148,2007.18627838865,2016.70502283105,SC1_MK211378.1,main,main
241,115,3.51803683158709,102.832178286744,25.9118715389228,102.77571474021,25.7893871506618,165.450089994548,161.93205316296,2013.18698599946,2016.70502283105,SC1_MK211377.1,main,main
244,111,0.407650926549826,102.881507369742,25.9750296874254,102.831874040537,25.8794473378308,165.450089994548,165.042439067998,2016.2973719045,2016.70502283105,SC1_MK211376.1,main,main
186,187,0.247741060166811,116.056256602786,23.5682884612165,116.089878057093,23.5677412037369,165.451677548922,165.203936488756,2016.45886932526,2016.70661038542,NA,main,main
187,188,0.147401204185032,116.089878057093,23.5677412037369,116.044961279946,23.5791444534845,165.599078753107,165.451677548922,2016.70661038542,2016.85401158961,NA,main,main
176,177,0.350356973615804,114.688711936097,23.3775609411016,114.076587560726,23.6088699777596,165.797353830094,165.446996856478,2016.70192969298,2017.0522866666,NA,main,main
272,9,8.09658930858296,122.085829289234,29.9980272321688,122.411202801254,30.1540554441365,165.86835483473,157.771765526147,2009.02669836265,2017.12328767123,SC1_MG772933.1,main,main
188,189,0.411733537010262,116.044961279946,23.5791444534845,116.262871509109,23.5812058183938,166.010812290118,165.599078753107,2016.85401158961,2017.26574512662,NA,main,main
187,191,0.622760456906576,116.089878057093,23.5677412037369,115.01535717071,24.2249922505615,166.074438005829,165.451677548922,2016.70661038542,2017.32937084233,NA,main,main
176,179,0.678116889902186,114.688711936097,23.3775609411016,114.627057290148,23.3666673583348,166.12511374638,165.446996856478,2016.70192969298,2017.38004658288,NA,main,main
189,190,0.118030278383248,116.262871509109,23.5812058183938,116.25240787976,23.5445616295863,166.128842568501,166.010812290118,2017.26574512662,2017.383775405,NA,main,main
231,130,10.1140534301418,102.511301834201,24.4000740591455,112.50147400894,24.6011583523195,166.364245245689,156.250191815547,2007.50512465205,2017.61917808219,SC1_OK017792.1,main,main
183,184,2.07037736622051,116.702928560606,23.902390659962,116.736860661213,23.8983786107319,166.405390530892,164.335013164672,2015.58994600117,2017.66032336739,NA,main,main
174,52,12.4651603116764,115.91926313402,23.6490711302146,111.401764327545,23.4282816198587,166.449176752538,153.984016440862,2005.23894927736,2017.70410958904,SC1_OK017823.1,main,main
186,59,1.24524026378288,116.056256602786,23.5682884612165,116.100222674791,23.5082543451549,166.449176752538,165.203936488756,2016.45886932526,2017.70410958904,SC1_OK017814.1,main,main
188,61,0.850097999431036,116.044961279946,23.5791444534845,115.573903523713,23.4733061290535,166.449176752538,165.599078753107,2016.85401158961,2017.70410958904,SC1_OK017815.1,main,main
177,64,0.65182292244492,114.076587560726,23.6088699777596,114.007851518618,23.4686350574385,166.449176752538,165.797353830094,2017.0522866666,2017.70410958904,SC1_OK017824.1,main,main
189,60,0.438364462420775,116.262871509109,23.5812058183938,116.285948046283,23.5829909337093,166.449176752538,166.010812290118,2017.26574512662,2017.70410958904,SC1_OK017818.1,main,main
191,58,0.374738746709492,115.01535717071,24.2249922505615,115.041537938812,24.233324486644,166.449176752538,166.074438005829,2017.32937084233,2017.70410958904,SC1_OK017816.1,main,main
191,57,0.374738746709492,115.01535717071,24.2249922505615,114.978914812564,24.1797867846997,166.449176752538,166.074438005829,2017.32937084233,2017.70410958904,SC1_OK017817.1,main,main
179,63,0.324063006158537,114.627057290148,23.3666673583348,114.1689607177,23.2534068418782,166.449176752538,166.12511374638,2017.38004658288,2017.70410958904,SC1_OK017822.1,main,main
190,55,0.320334184037526,116.25240787976,23.5445616295863,116.210941611052,23.3322714445077,166.449176752538,166.128842568501,2017.383775405,2017.70410958904,SC1_OK017820.1,main,main
190,56,0.320334184037526,116.25240787976,23.5445616295863,116.218506405538,23.5441015231997,166.449176752538,166.128842568501,2017.383775405,2017.70410958904,SC1_OK017821.1,main,main
184,53,0.0437862216461697,116.736860661213,23.8983786107319,116.745078978313,23.9070687035535,166.449176752538,166.405390530892,2017.66032336739,2017.70410958904,SC1_OK017819.1,main,main
184,54,0.0437862216461697,116.736860661213,23.8983786107319,116.736664494701,23.9047449190661,166.449176752538,166.405390530892,2017.66032336739,2017.70410958904,SC1_OK017813.1,main,main
219,220,24.9068511974611,108.66756605565,26.7743832190552,105.400023898066,26.5148187365794,166.480626294428,141.573775096967,1992.82870793347,2017.73555913093,NA,main,main
225,226,7.22279814805862,100.442792126749,24.5719504376314,100.491085053466,24.7937783703123,166.786976559625,159.564178411567,2010.81911124807,2018.04190939613,NA,main,main
193,197,6.4116719668311,116.950862660514,26.1649224886517,117.316946824364,25.7712617942235,166.856566661578,160.444894694747,2011.69982753125,2018.11149949808,NA,main,main
166,167,50.4146331514024,112.21101684313,28.2407198471692,111.392871321754,27.6834532844446,167.011973545504,116.597340394102,1967.8522732306,2018.26690638201,NA,main,main
279,15,4.54841254977893,101.3390968191,21.3189579404339,101.389752783839,21.3115371638943,167.364245245689,162.81583269591,2014.07076553241,2018.61917808219,SC1_MW703458.1,main,main
194,195,2.97944688747794,116.149345035271,26.1311470633853,115.91965183938,25.9102084984841,167.679277806779,164.699830919301,2015.9547637558,2018.93421064328,NA,main,main
181,182,15.587054375087,116.121285286028,23.6846668617134,114.329172900568,28.0830936058026,167.780764521323,152.193710146236,2003.44864298274,2019.03569735783,NA,main,main
179,180,1.93038176308907,114.627057290148,23.3666673583348,114.627795702828,23.0971117912001,168.055495509469,166.12511374638,2017.38004658288,2019.31042834597,NA,main,main
157,158,6.80254462174898,125.299567693311,41.3838925278672,125.251904844006,41.5008374260555,168.101674183752,161.299129562003,2012.55406239851,2019.35660702025,NA,main,main
177,178,2.32145713137602,114.076587560726,23.6088699777596,114.201613622404,23.4485590291145,168.11881096147,165.797353830094,2017.0522866666,2019.37374379797,NA,main,main
226,227,1.37877743654924,100.491085053466,24.7937783703123,100.525095467674,24.7126409404413,168.165753996175,166.786976559625,2018.04190939613,2019.42068683268,NA,main,main
276,18,12.4721404907841,101.406706155888,21.4842375500049,101.351693046891,21.4495464655659,168.262875382675,155.790734891891,2007.04566772839,2019.51780821918,SC1_EPI_ISL_412977,main,main
180,67,0.308749736220028,114.627795702828,23.0971117912001,114.670182507094,23.1532558667556,168.364245245689,168.055495509469,2019.31042834597,2019.61917808219,SC1_OK017826.1,main,main
180,68,0.308749736220028,114.627795702828,23.0971117912001,114.685298953914,23.0960688403628,168.364245245689,168.055495509469,2019.31042834597,2019.61917808219,SC1_OK017825.1,main,main
145,20,10.3013010614522,110.451862818467,26.7631727406684,107.949761326464,24.542219966834,168.449176752538,158.147875691086,2009.40280852759,2019.70410958904,SC1_OK017859.1,main,main
178,65,0.330365791068897,114.201613622404,23.4485590291145,114.010695048668,23.757471186938,168.449176752538,168.11881096147,2019.37374379797,2019.70410958904,SC1_OK017828.1,main,main
178,66,0.330365791068897,114.201613622404,23.4485590291145,114.164298286634,23.4052826555361,168.449176752538,168.11881096147,2019.37374379797,2019.70410958904,SC1_OK017827.1,main,main
227,229,0.517723660551209,100.525095467674,24.7126409404413,100.554065517749,24.6770251579154,168.683477656726,168.165753996175,2019.42068683268,2019.93841049323,NA,main,main
277,278,10.1685369781038,101.3058202703,21.3183885842414,102.308322450805,18.6704613672699,168.977476665965,158.808939687862,2010.06387252436,2020.23240950247,NA,main,main
229,230,0.46710632380252,100.554065517749,24.6770251579154,101.086026642818,24.8934929587057,169.150583980528,168.683477656726,2019.93841049323,2020.40551681703,NA,main,main
158,159,1.06389812306318,125.251904844006,41.5008374260555,125.32025964768,41.6137722031298,169.165572306815,168.101674183752,2019.35660702025,2020.42050514332,NA,main,main
227,228,1.00835761253279,100.525095467674,24.7126409404413,101.311842838951,24.363247279283,169.174111608707,168.165753996175,2019.42068683268,2020.42904444521,NA,main,main
279,14,6.36376549535881,101.3390968191,21.3189579404339,101.572269607024,21.4734598055077,169.179598191269,162.81583269591,2014.07076553241,2020.43453102777,SC1_MZ081381.1,main,main
225,137,9.63454546276229,100.442792126749,24.5719504376314,100.715051075007,24.6514869090412,169.198723874329,159.564178411567,2010.81911124807,2020.45365671083,SC1_OK017858.1,main,main
226,131,2.41174731470367,100.491085053466,24.7937783703123,100.737105799859,24.8828499105207,169.198723874329,166.786976559625,2018.04190939613,2020.45365671083,SC1_OK017853.1,main,main
229,135,0.515246217603212,100.554065517749,24.6770251579154,100.565479521119,24.7078537391719,169.198723874329,168.683477656726,2019.93841049323,2020.45365671083,SC1_OK017856.1,main,main
230,134,0.0481398938006927,101.086026642818,24.8934929587057,100.985061514577,24.9282014365133,169.198723874329,169.150583980528,2020.40551681703,2020.45365671083,SC1_OK017854.1,main,main
230,133,0.0481398938006927,101.086026642818,24.8934929587057,101.076829140601,24.8905468603872,169.198723874329,169.150583980528,2020.40551681703,2020.45365671083,SC1_OK017857.1,main,main
228,136,0.0246122656216343,101.311842838951,24.363247279283,101.342075065202,25.1983962328436,169.198723874329,169.174111608707,2020.42904444521,2020.45365671083,SC1_OK017852.1,main,main
228,132,0.0246122656216343,101.311842838951,24.363247279283,101.371521983738,24.381020749471,169.198723874329,169.174111608707,2020.42904444521,2020.45365671083,SC1_OK017855.1,main,main
159,160,0.0503548247084473,125.32025964768,41.6137722031298,125.324649582643,41.6602296713284,169.215927131524,169.165572306815,2020.42050514332,2020.47085996803,NA,main,main
269,7,52.5868919628903,110.57580624793,28.4465229073849,101.361348599945,13.6921776272282,169.247904202198,116.661012239307,1967.91594507581,2020.5028370387,SC1_MW251308.1,main,main
160,162,0.0496882842886761,125.324649582643,41.6602296713284,125.356152454249,41.6674412305472,169.265615415812,169.215927131524,2020.47085996803,2020.52054825231,NA,main,main
213,26,16.7134155028825,115.742009077555,28.9460941392876,114.953399525112,29.5158013563831,169.280691087444,152.567275584561,2003.82220842106,2020.53562392395,SC1_OK017802.1,main,main
215,28,6.97317300342596,115.512324362894,29.5414587824895,112.281044896068,29.798102790331,169.280691087444,162.307518084018,2013.56245092052,2020.53562392395,SC1_OK017801.1,main,main
278,16,0.319607864101313,102.308322450805,18.6704613672699,102.082499993764,18.5679823762752,169.297084530067,168.977476665965,2020.23240950247,2020.55201736657,SC1_MZ937002.1,main,main
278,17,0.327804585412692,102.308322450805,18.6704613672699,102.354839216936,18.599207539147,169.305281251378,168.977476665965,2020.23240950247,2020.56021408788,SC1_MZ937004.1,main,main
197,198,2.46027133493842,117.316946824364,25.7712617942235,117.167199373553,25.4516203274203,169.316837996516,166.856566661578,2018.11149949808,2020.57177083302,NA,main,main
160,161,0.133332606645689,125.324649582643,41.6602296713284,125.361181731193,41.7045401692626,169.349259738169,169.215927131524,2020.47085996803,2020.60419257467,NA,main,main
220,221,2.88144214223765,105.400023898066,26.5148187365794,105.744404491818,26.1477685681675,169.362068436665,166.480626294428,2017.73555913093,2020.61700127317,NA,main,main
158,163,1.32977044098647,125.251904844006,41.5008374260555,125.379726562544,41.6802709700369,169.431444624739,168.101674183752,2019.35660702025,2020.68637746124,NA,main,main
231,129,13.1998981790003,102.511301834201,24.4000740591455,102.098498594507,24.1997590902784,169.450089994548,156.250191815547,2007.50512465205,2020.70502283105,SC1_OK017793.1,main,main
159,81,0.284517687732331,125.32025964768,41.6137722031298,125.325292150854,41.6039263664713,169.450089994548,169.165572306815,2020.42050514332,2020.70502283105,SC1_OK017800.1,main,main
162,84,0.184474578735208,125.356152454249,41.6674412305472,125.24640796014,41.7593958964335,169.450089994548,169.265615415812,2020.52054825231,2020.70502283105,SC1_OK017795.1,main,main
162,83,0.184474578735208,125.356152454249,41.6674412305472,125.357374030011,41.6279603077251,169.450089994548,169.265615415812,2020.52054825231,2020.70502283105,SC1_OK017796.1,main,main
161,80,0.100830256378195,125.361181731193,41.7045401692626,125.311993058816,41.6581720486538,169.450089994548,169.349259738169,2020.60419257467,2020.70502283105,SC1_OK017798.1,main,main
161,82,0.100830256378195,125.361181731193,41.7045401692626,125.179354869378,41.5754732121541,169.450089994548,169.349259738169,2020.60419257467,2020.70502283105,SC1_OK017797.1,main,main
163,78,0.0186453698090343,125.379726562544,41.6802709700369,125.390489041517,41.6831308653392,169.450089994548,169.431444624739,2020.68637746124,2020.70502283105,SC1_OK017794.1,main,main
163,79,0.0186453698090343,125.379726562544,41.6802709700369,125.366328954318,41.6642042397992,169.450089994548,169.431444624739,2020.68637746124,2020.70502283105,SC1_OK017799.1,main,main
198,199,0.166381845271031,117.167199373553,25.4516203274203,116.706783451875,25.5695024692842,169.483219841787,169.316837996516,2020.57177083302,2020.73815267829,NA,main,main
273,274,9.31875488273543,109.856998268872,28.8729000027289,110.247377661696,29.1344184417308,169.721925695187,160.403170812452,2011.65810364895,2020.97685853169,NA,main,main
143,23,45.6530552082374,110.79381368343,26.9318944027708,113.29668349613,29.5067336529689,169.86835483473,124.215299626493,1975.470232463,2021.12328767123,SC1_OK017832.1,main,main
145,19,11.7204791436438,110.451862818467,26.7631727406684,112.586679694709,25.8992392473861,169.86835483473,158.147875691086,2009.40280852759,2021.12328767123,SC1_OK017833.1,main,main
274,10,0.146429139542962,110.247377661696,29.1344184417308,111.247214282071,28.9154841729727,169.86835483473,169.721925695187,2020.97685853169,2021.12328767123,SC1_OK017804.1,main,main
274,11,0.146429139542962,110.247377661696,29.1344184417308,110.323166365223,29.2273313478078,169.86835483473,169.721925695187,2020.97685853169,2021.12328767123,SC1_OK017803.1,main,main
273,12,9.54189635104554,109.856998268872,28.8729000027289,109.967392604701,28.945129836193,169.945067163497,160.403170812452,2011.65810364895,2021.2,SC1_OK017805.1,main,main
220,96,3.46444086906938,105.400023898066,26.5148187365794,105.347405110984,26.2573901209538,169.945067163497,166.480626294428,2017.73555913093,2021.2,SC1_OK017829.1,main,main
167,74,2.933093617993,111.392871321754,27.6834532844446,110.874111234966,28.562544237225,169.945067163497,167.011973545504,2018.26690638201,2021.2,SC1_OK017835.1,main,main
167,75,2.933093617993,111.392871321754,27.6834532844446,111.601275767871,27.5354267631202,169.945067163497,167.011973545504,2018.26690638201,2021.2,SC1_OK017834.1,main,main
221,94,0.582998726831731,105.744404491818,26.1477685681675,105.869509150109,26.2261867840597,169.945067163497,169.362068436665,2020.61700127317,2021.2,SC1_OK017830.1,main,main
221,95,0.582998726831731,105.744404491818,26.1477685681675,105.607952380865,25.9551464022596,169.945067163497,169.362068436665,2020.61700127317,2021.2,SC1_OK017831.1,main,main
275,13,19.4035952455392,101.202358180401,21.6209538540828,101.288308045168,21.4081107942529,170.069998670347,150.666403424807,2001.92133626131,2021.32493150685,SC1_OK017806.1,main,main
197,34,3.25562378959068,117.316946824364,25.7712617942235,117.033696333447,25.0265273652576,170.112190451168,166.856566661578,2018.11149949808,2021.36712328767,SC1_OK017808.1,main,main
198,31,0.795352454652256,117.167199373553,25.4516203274203,117.239475421443,25.954304096823,170.112190451168,169.316837996516,2020.57177083302,2021.36712328767,SC1_OK017810.1,main,main
199,33,0.628970609381225,116.706783451875,25.5695024692842,116.721672119562,25.568313773353,170.112190451168,169.483219841787,2020.73815267829,2021.36712328767,SC1_OK017811.1,main,main
199,32,0.628970609381225,116.706783451875,25.5695024692842,116.7890391543,25.5584543654434,170.112190451168,169.483219841787,2020.73815267829,2021.36712328767,SC1_OK017809.1,main,main
195,196,2.4955425044843,115.91965183938,25.9102084984841,115.728816956008,25.7470953235698,170.174820311263,167.679277806779,2018.93421064328,2021.42975314777,NA,main,main
168,24,45.5089913042425,115.453195110944,29.545167026429,115.421726251855,26.2087552776285,170.27931373884,124.770322434597,1976.0252552711,2021.53424657534,SC1_OK017860.1,main,main
212,25,25.6690006618981,114.898168424899,27.7621730501029,116.777872745228,30.4148310192986,170.27931373884,144.610313076942,1995.86524591344,2021.53424657534,SC1_OK017807.1,main,main
171,30,24.2963263763187,117.165950610468,28.7377995547446,116.854313283413,28.8706283293186,170.27931373884,145.982987362521,1997.23792019902,2021.53424657534,SC1_OK017845.1,main,main
214,29,11.7184091015385,115.463665445584,28.6656659174572,117.503753751813,27.9759129264722,170.27931373884,158.560904637301,2009.8158374738,2021.53424657534,SC1_OK017837.1,main,main
175,69,10.5442034898474,114.789583747871,23.7075512737882,115.365150706719,24.8724929343672,170.27931373884,159.735110248992,2010.9900430855,2021.53424657534,SC1_OK017841.1,main,main
215,27,7.97179565482205,115.512324362894,29.5414587824895,115.455654073637,29.5127899779093,170.27931373884,162.307518084018,2013.56245092052,2021.53424657534,SC1_OK017836.1,main,main
194,35,5.57948281953872,116.149345035271,26.1311470633853,116.257090617137,26.3033551571392,170.27931373884,164.699830919301,2015.9547637558,2021.53424657534,SC1_OK017844.1,main,main
195,36,2.60003593206078,115.91965183938,25.9102084984841,115.862619534306,25.9996711245847,170.27931373884,167.679277806779,2018.93421064328,2021.53424657534,SC1_OK017838.1,main,main
182,70,2.49854921751665,114.329172900568,28.0830936058026,114.147118223896,27.9703789535956,170.27931373884,167.780764521323,2019.03569735783,2021.53424657534,SC1_OK017843.1,main,main
182,71,2.49854921751665,114.329172900568,28.0830936058026,114.404675755786,27.9649328173655,170.27931373884,167.780764521323,2019.03569735783,2021.53424657534,SC1_OK017842.1,main,main
196,37,0.104493427576477,115.728816956008,25.7470953235698,115.741043143361,25.7337330187961,170.27931373884,170.174820311263,2021.42975314777,2021.53424657534,SC1_OK017840.1,main,main
196,38,0.104493427576477,115.728816956008,25.7470953235698,115.658189479942,25.6771762368839,170.27931373884,170.174820311263,2021.42975314777,2021.53424657534,SC1_OK017839.1,main,main
