node1,node2,length,startLon,startLat,endLon,endLat,endNodeL,startNodeL,startYear,endYear,tipLabel,startClade,endClade,distance,dispersal_velocity
143,144,538.861777614997,108.9588079624,24.4602353890606,111.625026091622,23.691764497404,538.861777614997,0.0,1324.06845426592,1862.93023188092,,main,main,284.17192263522156,0.5273558720252286
143,267,222.369582401522,108.9588079624,24.4602353890606,102.260454898434,22.5518949585569,222.369582401522,0.0,1324.06845426592,1546.43803666744,,main,main,715.9410168944848,3.2195995925456424
267,268,235.218536838925,102.260454898434,22.5518949585569,102.261255547473,19.5566480077944,457.588119240447,222.369582401522,1546.43803666744,1781.65657350637,,main,main,331.6275297828091,1.4098698777720224
144,145,32.4648338333455,111.625026091622,23.691764497404,112.384213246892,22.6353708004605,571.326611448343,538.861777614997,1862.93023188092,1895.39506571427,,main,main,140.4643853487101,4.3266626919998386
268,269,116.320736824585,102.261255547473,19.5566480077944,100.760975990854,22.1533174408113,573.908856065032,457.588119240447,1781.65657350637,1897.97731033095,,main,main,327.14372394054885,2.8124282296620158
145,183,28.2500354771399,112.384213246892,22.6353708004605,112.21123332897,30.5191478951265,599.576646925483,571.326611448343,1895.39506571427,1923.64510119141,,main,main,873.6759863014229,30.926544747471443
269,270,28.4625075910331,100.760975990854,22.1533174408113,100.861790279781,22.0727149592453,602.371363656065,573.908856065032,1897.97731033095,1926.43981792199,,main,main,13.706292544484292,0.48155604353013354
145,146,41.9857017500566,112.384213246892,22.6353708004605,114.155027356569,24.3312887073806,613.312313198399,571.326611448343,1895.39506571427,1937.38076746432,,main,main,260.76243119807816,6.210743665793954
144,208,78.5845722917378,111.625026091622,23.691764497404,112.577439478407,23.6602388420724,617.446349906735,538.861777614997,1862.93023188092,1941.51480417266,,main,main,97.21337091894443,1.2370541454122697
183,184,24.7822887011846,112.21123332897,30.5191478951265,112.352946761715,31.2817909490458,624.358935626667,599.576646925483,1923.64510119141,1948.42738989259,,main,main,85.63107090743794,3.455333441553554
183,190,25.1984803905048,112.21123332897,30.5191478951265,111.847517675638,30.5987536267339,624.775127315987,599.576646925483,1923.64510119141,1948.84358158191,,main,main,35.99390382472604,1.4284156531236358
184,185,5.25845296320182,112.352946761715,31.2817909490458,111.840308728468,28.6180391862464,629.617388589869,624.358935626667,1948.42738989259,1953.68584285579,,main,main,299.3981077162646,56.93653814371367
146,147,21.0522329680208,114.155027356569,24.3312887073806,114.235127455185,24.2922450258987,634.36454616642,613.312313198399,1937.38076746432,1958.43300043234,,main,main,9.209138533188856,0.43744236286848587
208,209,18.640001799606,112.577439478407,23.6602388420724,112.008978623685,24.0421523321764,636.086351706341,617.446349906735,1941.51480417266,1960.15480597226,,main,main,71.71166574521841,3.847191996877071
147,160,5.04281392960283,114.235127455185,24.2922450258987,118.23562790828,26.44493554266,639.407360096023,634.36454616642,1958.43300043234,1963.47581436195,,main,main,467.9123348124293,92.787943664874
190,193,15.1306853382384,111.847517675638,30.5987536267339,111.833538207624,30.7467333670556,639.905812654226,624.775127315987,1948.84358158191,1963.97426692015,,main,main,16.460209406276967,1.0878693884855686
147,148,7.38427285094395,114.235127455185,24.2922450258987,114.110963851504,24.2934315012846,641.748819017364,634.36454616642,1958.43300043234,1965.81727328329,,main,main,12.605798831590684,1.7071144425519507
270,275,42.652672236347,100.861790279781,22.0727149592453,100.927136923421,22.302959081635,645.024035892412,602.371363656065,1926.43981792199,1969.09249015833,,main,main,26.371148343098888,0.6182765805849414
193,194,11.3476041598925,111.833538207624,30.7467333670556,110.917022889525,33.151604746054,651.253416814118,639.905812654226,1963.97426692015,1975.32187108004,,main,main,280.3876098261188,24.708969917820525
209,210,16.7437850659153,112.008978623685,24.0421523321764,111.792946775008,24.0664504721018,652.830136772256,636.086351706341,1960.15480597226,1976.89859103818,,main,main,22.136589787941027,1.3220779949572847
190,191,30.1551810046077,111.847517675638,30.5987536267339,110.771308761402,30.7099791610127,654.930308320595,624.775127315987,1948.84358158191,1978.99876258652,,main,main,103.88536626118129,3.4450254583219926
270,271,53.221983138104,100.861790279781,22.0727149592453,111.594332689516,29.1378133466488,655.593346794169,602.371363656065,1926.43981792199,1979.66180106009,,main,main,1331.069199004839,25.009763269265832
185,186,26.0632340673336,111.840308728468,28.6180391862464,111.808596069275,28.7032112578006,655.680622657203,629.617388589869,1953.68584285579,1979.74907692312,,main,main,9.935656449263158,0.3812134911421461
160,163,18.6339662757663,118.23562790828,26.44493554266,118.416125160483,26.5902997208451,658.041326371789,639.407360096023,1963.47581436195,1982.10978063771,,main,main,24.146904426907987,1.2958542518299676
160,161,19.6236308759482,118.23562790828,26.44493554266,117.876602805807,26.3332171451073,659.030990971971,639.407360096023,1963.47581436195,1983.09944523789,,main,main,37.903508374071606,1.9315237131028706
210,211,7.17313570535982,111.792946775008,24.0664504721018,105.726053872057,23.8659344068285,660.003272477616,652.830136772256,1976.89859103818,1984.07172674354,,main,main,617.8294299894295,86.13101095073146
208,265,46.1275916684121,112.577439478407,23.6602388420724,114.293624648293,25.8442371346372,663.573941575147,617.446349906735,1941.51480417266,1987.64239584107,,main,main,297.74834314943325,6.454885945266671
210,256,10.8443126122321,111.792946775008,24.0664504721018,111.796588316587,24.0138562314951,663.674449384488,652.830136772256,1976.89859103818,1987.74290365041,,main,main,5.837040161472807,0.5382581976554953
211,252,3.87332301381053,105.726053872057,23.8659344068285,105.586628978851,23.8608096437371,663.876595491427,660.003272477616,1984.07172674354,1987.94504975735,,main,main,14.213005396135783,3.6694603949783144
211,212,4.92293403457609,105.726053872057,23.8659344068285,106.035986967504,24.7242892722774,664.926206512192,660.003272477616,1984.07172674354,1988.99466077811,,main,main,100.14452599460316,20.342447266455505
256,257,1.55485265407985,111.796588316587,24.0138562314951,112.016148345913,24.0785898596517,665.229302038568,663.674449384488,1987.74290365041,1989.29775630449,,main,main,23.45533680589207,15.08524730259586
163,164,7.24264449314983,118.416125160483,26.5902997208451,118.453818984979,26.4078060758374,665.283970864939,658.041326371789,1982.10978063771,1989.35242513086,,main,main,20.565726079842868,2.839532728590248
271,272,9.8094057629738,111.594332689516,29.1378133466488,111.560507145437,29.1393244713813,665.402752557143,655.593346794169,1979.66180106009,1989.47120682306,,main,main,3.2957772736671407,0.33598133804468083
148,158,24.6619139894448,114.110963851504,24.2934315012846,114.11463055581,29.6149458459957,666.410733006809,641.748819017364,1965.81727328329,1990.47918727273,,main,main,589.6413347847023,23.908985127312764
212,213,2.01160914461891,106.035986967504,24.7242892722774,106.279061503372,24.7487461160663,666.937815656811,664.926206512192,1988.99466077811,1991.00626992273,,main,main,24.739238129857807,12.298233081727483
164,165,4.41572491068245,118.453818984979,26.4078060758374,117.803267296674,29.5132956860794,669.699695775622,665.283970864939,1989.35242513086,1993.76815004154,,main,main,350.04719727671767,79.2728723725269
186,188,14.1968436477053,111.808596069275,28.7032112578006,111.765133682832,28.717864733205,669.877466304908,655.680622657203,1979.74907692312,1993.94592057083,,main,main,4.546624291380236,0.3202559952201155
275,276,25.0705461550726,100.927136923421,22.302959081635,101.676774135263,21.6587150314154,670.094582047484,645.024035892412,1969.09249015833,1994.16303631341,,main,main,105.27426270808313,4.199121234013591
213,214,3.98550629873089,106.279061503372,24.7487461160663,102.678338086382,25.0333542844287,670.923321955542,666.937815656811,1991.00626992273,1994.99177622146,,main,main,365.1654636746577,91.62335630756318
214,215,0.823594135143473,102.678338086382,25.0333542844287,102.66518341696,25.0433722104623,671.746916090685,670.923321955542,1994.99177622146,1995.81537035661,,main,main,1.730281653618825,2.100891179024003
215,217,0.533293997047263,102.66518341696,25.0433722104623,102.710040203882,25.025112194252,672.280210087733,671.746916090685,1995.81537035661,1996.34866435366,,main,main,4.958377856291385,9.29764423328386
209,264,36.3806975196721,112.008978623685,24.0421523321764,98.9913162602409,24.4910328491617,672.467049226013,636.086351706341,1960.15480597226,1996.53550349194,,main,main,1322.2746993058875,36.34550158338485
194,195,22.1988549374614,110.917022889525,33.151604746054,111.473229440432,35.2403846927468,673.45227175158,651.253416814118,1975.32187108004,1997.5207260175,,main,main,237.3024317372915,10.68985010289133
252,255,9.5814745329715,105.586628978851,23.8608096437371,105.135145805163,23.3218095103277,673.458070024398,663.876595491427,1987.94504975735,1997.52652429032,,main,main,75.41342910174485,7.87075400996311
146,171,60.3379626180957,114.155027356569,24.3312887073806,114.140638464844,22.1864132938016,673.650275816495,613.312313198399,1937.38076746432,1997.71873008242,,main,main,237.54465093283252,3.936902086607603
213,249,7.12188695637575,106.279061503372,24.7487461160663,106.214350371321,24.93341687613,674.059702613187,666.937815656811,1991.00626992273,1998.12815687911,,main,main,21.476390538985132,3.01554779941554
214,233,3.6784989148654,102.678338086382,25.0333542844287,102.663167670088,25.0441298392931,674.601820870407,670.923321955542,1994.99177622146,1998.67027513633,,main,main,1.9413067835625117,0.5277442860503184
165,167,4.95589744299253,117.803267296674,29.5132956860794,117.738068702653,29.2662621236446,674.655593218614,669.699695775622,1993.76815004154,1998.72404748454,,main,main,28.103648398048303,5.670748582133374
165,166,5.22427850588039,117.803267296674,29.5132956860794,117.830959392367,29.4864328237809,674.923974281502,669.699695775622,1993.76815004154,1998.99242854742,,main,main,4.009532424722491,0.7674806042995996
217,218,3.98297011255573,102.710040203882,25.025112194252,102.773054539019,25.0770049852093,676.263180200288,672.280210087733,1996.34866435366,2000.33163446621,,main,main,8.571829882643842,2.152120061263428
186,187,21.2626038645085,111.808596069275,28.7032112578006,111.248017362375,28.2191685757571,676.943226521711,655.680622657203,1979.74907692312,2001.01168078763,,main,main,76.75992261785382,3.61009042481299
158,159,11.4031842274319,114.11463055581,29.6149458459957,113.694831158234,29.5745211906951,677.813917234241,666.410733006809,1990.47918727273,2001.88237150016,,main,main,40.91453389053772,3.5879920094698003
217,230,6.51164172133691,102.710040203882,25.025112194252,102.753163231723,24.9722062837719,678.79185180907,672.280210087733,1996.34866435366,2002.86030607499,,main,main,7.300501417027782,1.1211460533994044
171,173,5.63047208312025,114.140638464844,22.1864132938016,113.894851222975,22.2082509506883,679.280747899615,673.650275816495,1997.71873008242,2003.34920216554,,main,main,25.460346592253288,4.521884882189821
195,196,5.84257799110428,111.473229440432,35.2403846927468,112.101761919687,35.7549296353083,679.294849742684,673.45227175158,1997.5207260175,2003.36330400861,,main,main,80.69225201650522,13.81106972630312
191,192,24.5316032464996,110.771308761402,30.7099791610127,111.6933629609,30.7002783767201,679.461911567095,654.930308320595,1978.99876258652,2003.53036583302,,main,main,88.33620440092074,3.6009144413961356
233,234,4.95412965189805,102.663167670088,25.0441298392931,102.557814547674,25.0342244844781,679.555950522305,674.601820870407,1998.67027513633,2003.62440478823,,main,main,10.688501490494529,2.1574932917630645
196,197,0.615842223366283,112.101761919687,35.7549296353083,112.232140809626,35.6089673370295,679.91069196605,679.294849742684,2003.36330400861,2003.97914623197,,main,main,20.039336556133584,32.53972494220299
173,174,0.646308214715585,113.894851222975,22.2082509506883,113.973861185397,22.2230916640393,679.927056114331,679.280747899615,2003.34920216554,2003.99551038025,,main,main,8.310448591458622,12.858336629862775
173,182,0.668440414848,113.894851222975,22.2082509506883,113.885706593605,22.2523286963556,679.949188314463,679.280747899615,2003.34920216554,2004.01764258039,,main,main,4.971093780583711,7.436854011459066
192,77,0.50799033136639,111.6933629609,30.7002783767201,111.709976569261,30.716726881456,679.969901898461,679.461911567095,2003.53036583302,2004.03835616438,SC1_DQ648857.1,main,main,2.420361254779412,4.764581342068333
195,198,6.54584758159796,111.473229440432,35.2403846927468,111.487097170152,35.2114526508676,679.998119333178,673.45227175158,1997.5207260175,2004.0665735991,,main,main,3.4492049084409264,0.5269302203335008
174,177,0.805138005616108,113.973861185397,22.2230916640393,114.019671360155,22.2713582927015,680.732194119947,679.927056114331,2003.99551038025,2004.80064838587,,main,main,7.132007758576321,8.858118370798758
196,73,1.50838548911029,112.101761919687,35.7549296353083,111.426976713698,30.5677924503788,680.803235231794,679.294849742684,2003.36330400861,2004.87168949772,SC1_DQ412042.1,main,main,578.7211771945173,383.6692817403539
192,78,1.34132366469965,111.6933629609,30.7002783767201,111.479074868222,30.6438584870991,680.803235231794,679.461911567095,2003.53036583302,2004.87168949772,SC1_DQ412043.1,main,main,21.466607703866824,16.004047545581507
257,12,15.655900406341,112.016148345913,24.0785898596517,108.251325753271,22.7986566911788,680.885202444909,665.229302038568,1989.29775630449,2004.95365671083,SC1_DQ071615.1,main,main,409.98280529414865,26.18711122664629
174,175,0.969257187841116,113.973861185397,22.2230916640393,113.927684943229,22.2789397549404,680.896313302172,679.927056114331,2003.99551038025,2004.96476756809,,main,main,7.803910454953234,8.051434183671464
177,178,0.165546681523203,114.019671360155,22.2713582927015,114.231858301149,22.2827439734612,680.89774080147,680.732194119947,2004.80064838587,2004.96619506739,,main,main,21.904377336069135,132.31541178914551
257,258,15.6998565022826,112.016148345913,24.0785898596517,112.133826209177,23.7003396701296,680.929158540851,665.229302038568,1989.29775630449,2004.99761280677,,main,main,43.574099014232225,2.775445686901469
175,176,0.0373993910286359,113.927684943229,22.2789397549404,113.814814320968,22.2937344324155,680.933712693201,680.896313302172,2004.96476756809,2005.00216695912,,main,main,11.746525167495095,314.08332714564887
182,97,1.14948070728544,113.885706593605,22.2523286963556,113.945317190061,22.293725353025,681.098669021749,679.949188314463,2004.01764258039,2005.16712328767,SC1_DQ022305.2,main,main,7.665365844537819,6.668546758509752
234,241,1.55275354617053,102.557814547674,25.0342244844781,102.758730019913,24.968998016734,681.108704068476,679.555950522305,2003.62440478823,2005.1771583344,,main,main,21.530713511203732,13.866149952968222
176,94,0.184134410739837,113.814814320968,22.2937344324155,113.950040966962,22.2644300384916,681.11784710394,680.933712693201,2005.00216695912,2005.18630136986,SC1_DQ084199.1,main,main,14.30910976215903,77.71013416050916
182,96,1.22619303605259,113.885706593605,22.2523286963556,114.124134118637,22.570956699588,681.175381350516,679.949188314463,2004.01764258039,2005.24383561644,SC1_DQ084200.1,main,main,42.98339744619801,35.05434803688977
148,149,39.443535106651,114.110963851504,24.2934315012846,113.119329879613,23.5628895882715,681.192354124015,641.748819017364,1965.81727328329,2005.26080838994,,main,main,129.37859232335066,3.2800962685906607
178,179,0.339551180739807,114.231858301149,22.2827439734612,114.353529726382,22.3500649345434,681.23729198221,680.89774080147,2004.96619506739,2005.30574624813,,main,main,14.585076193543419,42.95398461511976
179,180,0.230458462408782,114.353529726382,22.3500649345434,114.311341121269,22.3835368376311,681.467750444619,681.23729198221,2005.30574624813,2005.53620471054,,main,main,5.71130432713707,24.782358900783112
171,172,7.8419747000756,114.140638464844,22.1864132938016,114.175702536605,22.1825832234636,681.492250516571,673.650275816495,1997.71873008242,2005.56070478249,,main,main,3.6408754133242076,0.4642804335098286
177,89,0.955515997692231,114.019671360155,22.2713582927015,114.012838786978,22.2808374354267,681.687710117639,680.732194119947,2004.80064838587,2005.75616438356,SC1_GQ153539.1,main,main,1.2639826715062983,1.3228273252976175
178,95,0.789969316169028,114.231858301149,22.2827439734612,114.192592536988,22.3044223704505,681.687710117639,680.89774080147,2004.96619506739,2005.75616438356,SC1_GQ153540.1,main,main,4.704772652009155,5.955639739053467
179,93,0.688774299812724,114.353529726382,22.3500649345434,114.360219494613,22.3552080826458,681.926066282023,681.23729198221,2005.30574624813,2005.99452054795,SC1_GQ153541.1,main,main,0.8939745936768723,1.2979209501863553
249,21,7.91019928527426,106.214350371321,24.93341687613,105.998756914784,25.4942506328851,681.969901898461,674.059702613187,1998.12815687911,2006.03835616438,SC1_FJ588686.1,main,main,65.81632424453517,8.320438192633121
172,99,0.600939053123376,114.175702536605,22.1825832234636,114.265814355663,22.1198016478389,682.093189569694,681.492250516571,2005.56070478249,2006.16164383562,SC1_GQ153542.1,main,main,11.607374933826268,19.315394587016815
172,98,0.600939053123376,114.175702536605,22.1825832234636,114.029951719434,22.2161570905185,682.093189569694,681.492250516571,2005.56070478249,2006.16164383562,SC1_GQ153543.1,main,main,15.482403595229165,25.763683546209045
180,181,0.643620019081514,114.311341121269,22.3835368376311,114.408603775721,22.3539633841786,682.1113704637,681.467750444619,2005.53620471054,2006.17982472962,,main,main,10.53908590815919,16.37470183602916
272,273,16.7688415752006,111.560507145437,29.1393244713813,122.223320970876,29.8343804707504,682.171594132343,665.402752557143,1989.47120682306,2006.24004839827,,main,main,1036.5591578548067,61.814595433221314
276,277,12.3126746046255,101.676774135263,21.6587150314154,101.697699154816,21.4524120848883,682.40725665211,670.094582047484,1994.16303631341,2006.47571091803,,main,main,22.94535215778267,1.8635554738986437
176,90,1.69098372580846,113.814814320968,22.2937344324155,113.975504995256,22.1234335022204,682.624696419009,680.933712693201,2005.00216695912,2006.69315068493,SC1_GQ153545.1,main,main,25.102789296994228,14.845080359949991
181,92,0.513325955308796,114.408603775721,22.3539633841786,114.424429853014,22.5307690352074,682.624696419009,682.1113704637,2006.17982472962,2006.69315068493,SC1_GQ153544.1,main,main,19.646462955524207,38.27288052034247
233,242,8.32555943724636,102.663167670088,25.0441298392931,102.802834829046,25.0190588350513,682.927380307654,674.601820870407,1998.67027513633,2006.99583457358,,main,main,14.366785408362576,1.7256240276286254
175,87,2.25167078806986,113.927684943229,22.2789397549404,114.108641587987,22.1535669034357,683.147984090242,680.896313302172,2004.96476756809,2007.21643835616,SC1_GQ153546.1,main,main,23.255931194293467,10.328299908455326
180,91,1.86927474151346,114.311341121269,22.3835368376311,114.40032023282,22.3614127515142,683.337025186132,681.467750444619,2005.53620471054,2007.40547945205,SC1_GQ153547.1,main,main,9.4858182896636,5.074598227322859
181,88,1.72976431147321,114.408603775721,22.3539633841786,114.197259650344,22.3797909305875,683.841134775173,682.1113704637,2006.17982472962,2007.9095890411,SC1_GQ153548.1,main,main,21.954352610064966,12.692106354863355
218,219,7.73531950313231,102.773054539019,25.0770049852093,102.737046802341,25.1043764679772,683.998499703421,676.263180200288,2000.33163446621,2008.06695396934,,main,main,4.731495007430469,0.6116741532802255
161,162,25.945767994363,117.876602805807,26.3332171451073,117.954668881564,25.8323828750741,684.976758966334,659.030990971971,1983.09944523789,2009.04521323226,,main,main,56.03404570303381,2.1596603236106873
230,232,6.77763088780993,102.753163231723,24.9722062837719,102.727240928299,24.9573311982677,685.56948269688,678.79185180907,2002.86030607499,2009.6379369628,,main,main,3.093045154021511,0.45636081474790574
242,243,2.92466664628532,102.802834829046,25.0190588350513,102.870898333738,25.0503889496582,685.852046953939,682.927380307654,2006.99583457358,2009.92050121986,,main,main,7.69603741767947,2.6314237991719045
219,220,1.98075672985613,102.737046802341,25.1043764679772,102.825615973738,25.0837344213023,685.979256433277,683.998499703421,2008.06695396934,2010.0477106992,,main,main,9.222220276834985,4.655907582101125
243,246,0.803506916158611,102.870898333738,25.0503889496582,102.825512044798,24.9749336386453,686.655553870098,685.852046953939,2009.92050121986,2010.72400813602,,main,main,9.531592509860582,11.862489691350785
218,221,10.4496012460855,102.773054539019,25.0770049852093,102.866942148367,24.9186694416269,686.712781446374,676.263180200288,2000.33163446621,2010.7812357123,,main,main,19.936428206037263,1.9078649736520426
264,59,14.502852672448,98.9913162602409,24.4910328491617,99.2286671292222,25.4776009767441,686.969901898461,672.467049226013,1996.53550349194,2011.03835616438,SC1_KF569996.1,main,main,111.88117175526318,7.714425174283885
255,37,13.511831874063,105.135145805163,23.3218095103277,105.436957847423,23.3400434660991,686.969901898461,673.458070024398,1997.52652429032,2011.03835616438,SC1_JX993988.1,main,main,30.932572498064463,2.289295247777758
220,38,1.28105642408842,102.825615973738,25.0837344213023,102.848109262501,25.1153440148575,687.260312857365,685.979256433277,2010.0477106992,2011.32876712329,SC1_KC881005.1,main,main,4.172348032087593,3.256958829941134
246,247,0.623196809792981,102.825512044798,24.9749336386453,102.784300813432,24.9902025018341,687.278750679891,686.655553870098,2010.72400813602,2011.34720494581,,main,main,4.491495410901834,7.207186141395458
258,259,6.36857899450985,112.133826209177,23.7003396701296,111.556213701703,23.4585840150253,687.297737535361,680.929158540851,2004.99761280677,2011.36619180128,,main,main,64.7569547323955,10.168195258034864
221,222,0.63414035075785,102.866942148367,24.9186694416269,102.868689039783,24.9529577843912,687.346921797132,686.712781446374,2010.7812357123,2011.41537606305,,main,main,3.802281907736078,5.995962728427607
198,199,7.48943843482557,111.487097170152,35.2114526508676,125.783642430809,41.595810760174,687.487557768003,679.998119333178,2004.0665735991,2011.55601203393,,main,main,1433.148835414463,191.35598054326502
193,61,47.7298426688929,111.833538207624,30.7467333670556,109.112136177793,32.839446627911,687.635655323119,639.905812654226,1963.97426692015,2011.70410958904,SC1_JX993987.1,main,main,346.7721656620051,7.265311307803825
199,200,0.286837603502491,125.783642430809,41.595810760174,125.759995028299,41.6220019869538,687.774395371506,687.487557768003,2011.55601203393,2011.84284963743,,main,main,3.513890644822858,12.250453224806497
243,244,2.05764888747767,102.870898333738,25.0503889496582,102.886163268627,24.9256617264888,687.909695841417,685.852046953939,2009.92050121986,2011.97815010734,,main,main,13.902060000606456,6.756283875840467
200,201,0.171339022293227,125.759995028299,41.6220019869538,125.767052863554,41.6459574246488,687.945734393799,687.774395371506,2011.84284963743,2012.01418865972,,main,main,2.7248568734304555,15.903305837517719
264,60,15.502852672448,98.9913162602409,24.4910328491617,98.46256881434,24.4240093693349,687.969901898461,672.467049226013,1996.53550349194,2012.03835616438,SC1_KU973692.1,main,main,54.120628147672555,3.491010931417602
166,120,13.0459276169591,117.830959392367,29.4864328237809,119.329623631459,28.2934043562044,687.969901898461,674.923974281502,1998.99242854742,2012.03835616438,SC1_KF294457.1,main,main,197.10878793136888,15.108836544143983
197,75,8.05920993241075,112.232140809626,35.6089673370295,112.391733248232,35.1313118577456,687.969901898461,679.91069196605,2003.97914623197,2012.03835616438,SC1_KY770860.1,main,main,54.943274067326364,6.817451651974921
200,62,0.195506526955288,125.759995028299,41.6220019869538,125.77432207624,41.6221539719577,687.969901898461,687.774395371506,2011.84284963743,2012.03835616438,SC1_KJ473811.1,main,main,1.1941236940758444,6.107845669771109
277,278,5.67696084505668,101.697699154816,21.4524120848883,101.76885173835,21.5911374272137,688.084217497166,682.40725665211,2006.47571091803,2012.15267176309,,main,main,17.037564537942256,3.001177038728043
246,248,1.482092791559,102.825512044798,24.9749336386453,102.930387119724,24.8359561787816,688.137646661657,686.655553870098,2010.72400813602,2012.20610092758,,main,main,18.688416882339027,12.609478292301016
247,32,0.904265972668801,102.784300813432,24.9902025018341,102.809331708756,25.1328409568413,688.183016652559,687.278750679891,2011.34720494581,2012.25147091848,SC1_KC881006.1,main,main,16.00118119774318,17.69521543591668
230,231,9.44563610745803,102.753163231723,24.9722062837719,105.532575821147,25.1837588756725,688.237487916528,678.79185180907,2002.86030607499,2012.30594218245,,main,main,281.37696553075347,29.789096502308137
215,216,16.5914718600324,102.66518341696,25.0433722104623,102.344805412118,25.2192146437242,688.338387950718,671.746916090685,1995.81537035661,2012.40684221664,,main,main,37.72553709946495,2.2737908618187705
234,235,8.90631211748829,102.557814547674,25.0342244844781,102.286463149919,24.8163053759935,688.462262639794,679.555950522305,2003.62440478823,2012.53071690572,,main,main,36.52374307036884,4.100882900639807
259,260,1.22029103128913,111.556213701703,23.4585840150253,112.037156192818,23.5182737011549,688.51802856665,687.297737535361,2011.36619180128,2012.58648283257,,main,main,49.570996986570115,40.62227428993125
247,31,1.3578178852372,102.784300813432,24.9902025018341,102.615976346239,25.017547741259,688.636568565128,687.278750679891,2011.34720494581,2012.70502283105,SC1_KF367457.1,main,main,17.259722120178463,12.711367487373556
232,57,3.11353395567989,102.727240928299,24.9573311982677,102.956161106763,25.077331179074,688.683016652559,685.56948269688,2009.6379369628,2012.75147091848,SC1_KY417145.1,main,main,26.657027854383152,8.56166280305177
220,39,2.70376021928256,102.825615973738,25.0837344213023,103.063438826866,24.9797982702782,688.683016652559,685.979256433277,2010.0477106992,2012.75147091848,SC1_KY417144.1,main,main,26.62059266895847,9.845766824700977
244,36,0.773320811142725,102.886163268627,24.9256617264888,102.889821695306,24.9192645347925,688.683016652559,687.909695841417,2011.97815010734,2012.75147091848,SC1_KY417143.1,main,main,0.7992001084903321,1.0334651505231904
267,125,466.600319496939,102.260454898434,22.5518949585569,141.33545038894,39.5339973585847,688.969901898461,222.369582401522,1546.43803666744,2013.03835616438,SC1_LC556375.1,main,main,4134.774004940622,8.86148987081383
184,86,64.6109662717939,112.352946761715,31.2817909490458,114.942894191998,30.3105279243758,688.969901898461,624.358935626667,1948.42738989259,2013.03835616438,SC1_KJ473814.1,main,main,270.2434456651458,4.182625044304923
256,3,25.2954525139727,111.796588316587,24.0138562314951,111.476070957876,24.2653695183505,688.969901898461,663.674449384488,1987.74290365041,2013.03835616438,SC1_KJ473815.1,main,main,42.86453332369179,1.6945549125881136
197,74,9.05920993241075,112.232140809626,35.6089673370295,115.971271055599,37.5992037016781,688.969901898461,679.91069196605,2003.97914623197,2013.03835616438,SC1_KJ473812.1,main,main,400.81593438588607,44.24402761127148
198,72,8.97178256528335,111.487097170152,35.2114526508676,111.5891762759,35.5777581597819,688.969901898461,679.998119333178,2004.0665735991,2013.03835616438,SC1_KJ473813.1,main,main,41.6854219471615,4.646280897228251
219,42,4.97140219504035,102.737046802341,25.1043764679772,102.98439775801,24.8444283570546,688.969901898461,683.998499703421,2008.06695396934,2013.03835616438,SC1_KJ473816.1,main,main,38.11719144978342,7.667291833239825
231,56,0.732413981933448,105.532575821147,25.1837588756725,105.679332134337,25.1791518562075,688.969901898461,688.237487916528,2012.30594218245,2013.03835616438,SC1_KY770859.1,main,main,14.80203034719718,20.20992322964991
231,55,0.732413981933448,105.532575821147,25.1837588756725,105.277509863766,25.2384362853605,688.969901898461,688.237487916528,2012.30594218245,2013.03835616438,SC1_KY770858.1,main,main,26.40873269501943,36.057111615079876
244,245,1.08545262817853,102.886163268627,24.9256617264888,102.646930146729,24.7497538898369,688.995148469595,687.909695841417,2011.97815010734,2013.06360273552,,main,main,31.055756977491292,28.610881922691696
222,223,1.89352192416502,102.868689039783,24.9529577843912,102.582820864868,24.9977867011522,689.240443721297,687.346921797132,2011.41537606305,2013.30889798722,,main,main,29.288207437035215,15.467582953891773
221,44,2.54753141099139,102.866942148367,24.9186694416269,102.878159551477,24.926598650139,689.260312857365,686.712781446374,2010.7812357123,2013.32876712329,SC1_KY417146.1,main,main,1.4336653881211052,0.5627665205365158
248,29,1.12266619570864,102.930387119724,24.8359561787816,102.609214775025,24.6735356985822,689.260312857365,688.137646661657,2012.20610092758,2013.32876712329,SC1_KY417147.1,main,main,37.135565600233555,33.07801173864789
248,30,1.12266619570864,102.930387119724,24.8359561787816,102.95621038815,24.8575078571262,689.260312857365,688.137646661657,2012.20610092758,2013.32876712329,SC1_KY417149.1,main,main,3.537190065045744,3.1507050613677996
245,33,0.26516438777006,102.646930146729,24.7497538898369,102.636810605367,24.7487196265791,689.260312857365,688.995148469595,2013.06360273552,2013.32876712329,SC1_KY417148.1,main,main,1.0300232979936732,3.8844707113794947
216,53,1.02055504363367,102.344805412118,25.2192146437242,102.305863722376,25.233503068611,689.358942994352,688.338387950718,2012.40684221664,2013.42739726027,SC1_KP886808.1,main,main,4.23114326385525,4.145923622884986
216,54,1.02055504363367,102.344805412118,25.2192146437242,102.212039858257,24.9047463459202,689.358942994352,688.338387950718,2012.40684221664,2013.42739726027,SC1_KP886809.1,main,main,37.321816474417886,36.57011614144217
242,35,6.59320652231416,102.802834829046,25.0190588350513,102.78570048182,25.0414807265922,689.520586829968,682.927380307654,2006.99583457358,2013.58904109589,SC1_KY417150.1,main,main,3.0264577166155906,0.45902668244545286
245,34,0.52543836037265,102.646930146729,24.7497538898369,102.638442070532,24.6643335974313,689.520586829968,688.995148469595,2013.06360273552,2013.58904109589,SC1_KT444582.1,main,main,9.50078391011717,18.081633597096047
199,63,2.06316604826596,125.783642430809,41.595810760174,125.834399675468,41.5777356479566,689.550723816269,687.487557768003,2011.55601203393,2013.61917808219,SC1_KU182964.1,main,main,4.684347231247697,2.270465450507377
223,229,0.56812136993262,102.582820864868,24.9977867011522,102.569501794948,25.064865275012,689.808565091229,689.240443721297,2013.30889798722,2013.87701935715,,main,main,7.551127944936046,13.291399240679189
223,224,0.83497958365857,102.582820864868,24.9977867011522,102.350229754136,25.1613276313943,690.075423304955,689.240443721297,2013.30889798722,2014.14387757088,,main,main,29.64449526328917,35.503257616668925
201,202,2.15771972483481,125.767052863554,41.6459574246488,125.425257073105,41.3913235935426,690.103454118634,687.945734393799,2012.01418865972,2014.17190838456,,main,main,40.171827656034544,18.61772277171448
229,51,0.520240916820746,102.569501794948,25.064865275012,102.649740803687,25.0893619620752,690.32880600805,689.808565091229,2013.87701935715,2014.39726027397,SC1_KY417142.1,main,main,8.537786524405412,16.411216896550233
149,151,9.53652755432184,113.119329879613,23.5628895882715,113.102726227416,23.4949171436443,690.728881678337,681.192354124015,2005.26080838994,2014.79733594426,,main,main,7.716629786104416,0.8091655733335906
232,58,5.21137810569116,102.727240928299,24.9573311982677,102.717676582696,24.8434749143255,690.780860802571,685.56948269688,2009.6379369628,2014.84931506849,SC1_KY417151.1,main,main,12.648983985349354,2.427186001249046
151,156,0.381587628000776,113.102726227416,23.4949171436443,113.340208921152,23.4456390494515,691.110469306338,690.728881678337,2014.79733594426,2015.17892357226,,main,main,24.86840680314508,65.1708938610937
260,262,2.61606323272389,112.037156192818,23.5182737011549,112.069551668387,23.5394500215864,691.134091799374,688.51802856665,2012.58648283257,2015.2025460653,,main,main,4.05519033207245,1.5501117409345324
224,225,1.24370287268361,102.350229754136,25.1613276313943,102.477812835301,25.2357212001286,691.319126177639,690.075423304955,2014.14387757088,2015.38758044356,,main,main,15.272907284261878,12.280189762130757
273,133,9.29419817707695,122.223320970876,29.8343804707504,122.217919585166,30.0630644576405,691.46579230942,682.171594132343,2006.24004839827,2015.53424657534,SC1_MG772934.1,main,main,25.355343230219702,2.7280829122791554
225,226,0.1640987055989,102.477812835301,25.2357212001286,102.519158774354,25.2941309631619,691.483224883238,691.319126177639,2015.38758044356,2015.55167914916,,main,main,7.694995341218022,46.89248043203093
151,152,0.781493234621476,113.102726227416,23.4949171436443,113.23894032787,23.5804578589945,691.510374912958,690.728881678337,2014.79733594426,2015.57882917888,,main,main,16.82899351652225,21.534407172025666
241,40,10.6502389258754,102.758730019913,24.968998016734,102.710745591448,25.0003784102109,691.758942994351,681.108704068476,2005.1771583344,2015.82739726027,SC1_KY417152.1,main,main,5.962689167904498,0.5598643569786763
185,189,62.3140406241513,111.840308728468,28.6180391862464,112.033248836033,28.6449706126849,691.93142921402,629.617388589869,1953.68584285579,2015.99988347994,,main,main,19.100812470384515,0.306525018744837
224,228,1.93614852073505,102.350229754136,25.1613276313943,102.337269636411,25.17081561329,692.01157182569,690.075423304955,2014.14387757088,2016.08002609161,,main,main,1.6768349509192226,0.8660673150645591
201,68,4.31651723143797,125.767052863554,41.6459574246488,127.068186371904,35.3015033367132,692.262251625237,687.945734393799,2012.01418865972,2016.33070589116,SC1_KY938558.1,main,main,713.3377820193436,165.25771675923738
225,227,1.00919245445882,102.477812835301,25.2357212001286,102.368823901502,25.1486871785397,692.328318632098,691.319126177639,2015.38758044356,2016.39677289802,,main,main,14.616083091260258,14.482949239942682
152,109,0.956794745065576,113.23894032787,23.5804578589945,113.158610093638,23.5064459257522,692.467169658024,691.510374912958,2015.57882917888,2016.53562392395,SC1_OK017812.1,main,main,11.59603213683348,12.119665368812953
194,76,41.2984522974574,110.917022889525,33.151604746054,106.185297690701,32.156143292153,692.551869111576,651.253416814118,1975.32187108004,2016.6203233775,SC1_OK017846.1,main,main,457.3866005465038,11.075151127991871
191,79,37.6215607909806,110.771308761402,30.7099791610127,103.666994560497,31.7789567596707,692.551869111576,654.930308320595,1978.99876258652,2016.6203233775,SC1_MK211374.1,main,main,686.919911746552,18.2586766020413
226,47,1.06864422833793,102.519158774354,25.2941309631619,102.455574883817,25.258821996478,692.551869111576,691.483224883238,2015.55167914916,2016.6203233775,SC1_OK017850.1,main,main,7.504336332630708,7.022296226969996
226,48,1.06864422833793,102.519158774354,25.2941309631619,102.585424551266,25.1861282150372,692.551869111576,691.483224883238,2015.55167914916,2016.6203233775,SC1_OK017851.1,main,main,13.700967909398605,12.820887949498232
228,45,0.54029728588539,102.337269636411,25.17081561329,102.270617265717,25.0551917661044,692.551869111576,692.01157182569,2016.08002609161,2016.6203233775,SC1_OK017848.1,main,main,14.465134184585475,26.772546452609564
227,46,0.223550479478011,102.368823901502,25.1486871785397,102.186870486237,25.0082881067031,692.551869111576,692.328318632098,2016.39677289802,2016.6203233775,SC1_OK017847.1,main,main,24.059184629650552,107.6230508913629
227,49,0.223550479478011,102.368823901502,25.1486871785397,102.36263667879,25.1848962338333,692.551869111576,692.328318632098,2016.39677289802,2016.6203233775,SC1_OK017849.1,main,main,4.0592815021443815,18.15823214346388
156,157,1.47205203965832,113.340208921152,23.4456390494515,113.53940379993,23.3849602718716,692.582521345996,691.110469306338,2015.17892357226,2016.65097561192,,main,main,21.439390823458936,14.564288656829863
241,41,11.5278644966519,102.758730019913,24.968998016734,100.396144984734,22.3146486585322,692.636568565128,681.108704068476,2005.1771583344,2016.70502283105,SC1_MK211375.1,main,main,380.15014380939584,32.97663187486329
222,43,5.28964676799608,102.868689039783,24.9529577843912,102.929854327309,24.9646496329026,692.636568565128,687.346921797132,2011.41537606305,2016.70502283105,SC1_MK211378.1,main,main,6.311019931424543,1.1930891056106185
229,52,2.82800347389844,102.569501794948,25.064865275012,102.646925371481,24.9825583803152,692.636568565128,689.808565091229,2013.87701935715,2016.70502283105,SC1_MK211377.1,main,main,12.00800113815781,4.246105511887729
228,50,0.624996739437438,102.337269636411,25.17081561329,102.347258544229,25.1753773193988,692.636568565128,692.01157182569,2016.08002609161,2016.70502283105,SC1_MK211376.1,main,main,1.1266452854550184,1.8026418609305324
152,153,1.27424669598564,113.23894032787,23.5804578589945,113.217893158198,23.5670443417092,692.784621608944,691.510374912958,2015.57882917888,2016.85307587487,,main,main,2.6121516571219754,2.0499575673621466
276,279,22.8087486155903,101.676774135263,21.6587150314154,102.003031857477,18.4987668484571,692.903330663075,670.094582047484,1994.16303631341,2016.971784929,,main,main,351.4835044657155,15.41003017699395
273,134,10.8832392729672,122.223320970876,29.8343804707504,122.258552018633,29.9307290768058,693.05483340531,682.171594132343,2006.24004839827,2017.12328767123,SC1_MG772933.1,main,main,11.209417935420925,1.0299707333701573
262,263,1.99359510330937,112.069551668387,23.5394500215864,112.433646733054,23.491352822264,693.127686902683,691.134091799374,2015.2025460653,2017.19614116861,,main,main,37.56431621978592,18.84250024361974
153,154,0.466197698045025,113.217893158198,23.5670443417092,113.157671285004,23.4616586002475,693.250819306989,692.784621608944,2016.85307587487,2017.31927357291,,main,main,13.192969710248784,28.299088059792645
154,155,0.0360624433727432,113.157671285004,23.4616586002475,113.131909718161,23.4449495155993,693.286881750362,693.250819306989,2017.31927357291,2017.35533601628,,main,main,3.217634859558034,89.22398369684497
149,150,12.2551347861019,113.119329879613,23.5628895882715,113.436410124904,23.5723456586186,693.447488910117,681.192354124015,2005.26080838994,2017.51594317604,,main,main,32.38728670515834,2.6427523866883598
212,20,28.6245173040771,106.035986967504,24.7242892722774,112.07682137897,23.7351691657418,693.550723816269,664.926206512192,1988.99466077811,2017.61917808219,SC1_OK017792.1,main,main,623.2145922615709,21.772055949142736
258,4,12.7064967822678,112.133826209177,23.7003396701296,112.813604824829,23.6629439205458,693.635655323119,680.929158540851,2004.99761280677,2017.70410958904,SC1_OK017823.1,main,main,69.46129157282725,5.4665965578932845
156,110,2.52518601678103,113.340208921152,23.4456390494515,113.370069067115,23.4219909418423,693.635655323119,691.110469306338,2015.17892357226,2017.70410958904,SC1_OK017821.1,main,main,4.02129021942593,1.5924728684154732
262,7,2.50156352374495,112.069551668387,23.5394500215864,112.011293981165,23.6463628197735,693.635655323119,691.134091799374,2015.2025460653,2017.70410958904,SC1_OK017824.1,main,main,13.25007038820259,5.2967155390748
157,106,1.05313397712271,113.53940379993,23.3849602718716,113.504430817737,23.3885772095604,693.635655323119,692.582521345996,2016.65097561192,2017.70410958904,SC1_OK017814.1,main,main,3.5975924029828548,3.4160823609659947
157,107,1.05313397712271,113.53940379993,23.3849602718716,113.496323594183,22.7037195106702,693.635655323119,692.582521345996,2016.65097561192,2017.70410958904,SC1_OK017816.1,main,main,75.57284727913155,71.75995544802927
153,104,0.851033714174682,113.217893158198,23.5670443417092,113.280152896118,23.5550224134764,693.635655323119,692.784621608944,2016.85307587487,2017.70410958904,SC1_OK017818.1,main,main,6.494292982910912,7.631064286576434
263,9,0.507968420435574,112.433646733054,23.491352822264,112.435887745256,23.4811205687133,693.635655323119,693.127686902683,2017.19614116861,2017.70410958904,SC1_OK017822.1,main,main,1.1561219698521785,2.275972133977983
154,103,0.384836016129658,113.157671285004,23.4616586002475,113.167391960494,23.4107246157055,693.635655323119,693.250819306989,2017.31927357291,2017.70410958904,SC1_OK017815.1,main,main,5.727742603340199,14.883592915613237
155,108,0.348773572756914,113.131909718161,23.4449495155993,113.093766064456,23.459444397677,693.635655323119,693.286881750362,2017.35533601628,2017.70410958904,SC1_OK017817.1,main,main,4.215096871437575,12.085482389387876
155,105,0.348773572756914,113.131909718161,23.4449495155993,113.122989945707,23.4426738803078,693.635655323119,693.286881750362,2017.35533601628,2017.70410958904,SC1_OK017820.1,main,main,0.945662852316952,2.711394802197511
150,112,0.188166413001772,113.436410124904,23.5723456586186,113.405724837268,23.602014967195,693.635655323119,693.447488910117,2017.51594317604,2017.70410958904,SC1_OK017819.1,main,main,4.539588485314869,24.125392055340498
150,111,0.188166413001772,113.436410124904,23.5723456586186,113.497128365019,23.5743773692151,693.635655323119,693.447488910117,2017.51594317604,2017.70410958904,SC1_OK017813.1,main,main,6.202468437960861,32.96267563915592
202,204,3.66672577423521,125.425257073105,41.3913235935426,125.207090438775,41.3991513351193,693.770179892869,690.103454118634,2014.17190838456,2017.83863415879,,main,main,18.266099380869942,4.981583163164092
265,266,30.4054915459516,114.293624648293,25.8442371346372,114.301587065135,25.3607828004404,693.979433121099,663.573941575147,1987.64239584107,2018.04788738702,,main,main,53.56398141587673,1.7616548423473395
167,168,19.8923293537288,117.738068702653,29.2662621236446,117.776653834293,28.8794851189391,694.547922572343,674.655593218614,1998.72404748454,2018.61637683827,,main,main,43.033509157860415,2.163321770549401
278,128,6.46650631910276,101.76885173835,21.5911374272137,101.687859512726,21.629335728639,694.550723816269,688.084217497166,2012.15267176309,2018.61917808219,SC1_MW703458.1,main,main,9.39229915449361,1.4524534100813822
252,253,30.9773983757878,105.586628978851,23.8608096437371,106.493170130027,25.3081019799474,694.853993867214,663.876595491427,1987.94504975735,2018.92244813314,,main,main,184.74362692909372,5.963819966026938
235,236,6.4468256848843,102.286463149919,24.8163053759935,102.335156420869,25.547900855954,694.909088324678,688.462262639794,2012.53071690572,2018.9775425906,,main,main,81.1914343404971,12.594017320937416
260,261,6.74047337179192,112.037156192818,23.5182737011549,114.777497969422,23.4577494801357,695.258501938442,688.51802856665,2012.58648283257,2019.32695620436,,main,main,280.00264752406747,41.54050199142471
236,239,0.357919061457928,102.335156420869,25.547900855954,102.416072567976,25.5337798673216,695.267007386136,694.909088324678,2018.9775425906,2019.33546165206,,main,main,8.281463055629704,23.13780948658181
278,129,7.36513645608917,101.76885173835,21.5911374272137,101.777840925028,21.5963125608633,695.449353953256,688.084217497166,2012.15267176309,2019.51780821918,SC1_EPI_ISL_412977,main,main,1.0930937057219303,0.14841458976883024
261,11,0.292221877827479,114.777497969422,23.4577494801357,114.794572531155,23.4472316979997,695.550723816269,695.258501938442,2019.32695620436,2019.61917808219,SC1_OK017826.1,main,main,2.097768742843127,7.178684766653922
261,10,0.292221877827479,114.777497969422,23.4577494801357,114.80147800997,23.4401666932902,695.550723816269,695.258501938442,2019.32695620436,2019.61917808219,SC1_OK017825.1,main,main,3.129838553350345,10.710486759646821
188,82,25.7581890182108,111.765133682832,28.717864733205,109.51004171341,24.6264643357627,695.635655323119,669.877466304908,1993.94592057083,2019.70410958904,SC1_OK017859.1,main,main,505.81655843280646,19.63711649430008
259,6,8.33791778775797,111.556213701703,23.4585840150253,111.58181012426,23.4712677049209,695.635655323119,687.297737535361,2011.36619180128,2019.70410958904,SC1_OK017827.1,main,main,2.9685339231251846,0.35602820736415663
263,8,2.50796842043557,112.433646733054,23.491352822264,112.7982280761,23.5760513988091,695.635655323119,693.127686902683,2017.19614116861,2019.70410958904,SC1_OK017828.1,main,main,38.39282233539367,15.308335632362475
202,203,5.60250701444265,125.425257073105,41.3913235935426,124.668208002437,41.077528635894,695.705961133076,690.103454118634,2014.17190838456,2019.774415399,,main,main,72.4061706935941,12.92388755729157
239,240,0.482040200248788,102.416072567976,25.5337798673216,102.555871741911,25.6221172719037,695.749047586385,695.267007386136,2019.33546165206,2019.81750185231,,main,main,17.118968419762837,35.51357005272068
236,237,0.949317345156899,102.335156420869,25.547900855954,102.301043128936,25.5569888841852,695.858405669835,694.909088324678,2018.9775425906,2019.92685993576,,main,main,3.572960027337184,3.7637151007144625
237,238,0.392830505110014,102.301043128936,25.5569888841852,101.549990752338,25.7209644031101,696.251236174945,695.858405669835,2019.92685993576,2020.31969044087,,main,main,77.57863496575571,197.48627959539309
253,254,1.41058628407711,106.493170130027,25.3081019799474,106.586529547385,25.3177203220446,696.264580151292,694.853993867214,2018.92244813314,2020.33303441721,,main,main,9.460822646501592,6.707014489859037
204,205,2.55814655310543,125.207090438775,41.3991513351193,125.58393756202,41.3225665195524,696.328326445974,693.770179892869,2017.83863415879,2020.3967807119,,main,main,32.659521155526896,12.766868698699172
277,130,13.9588201097393,101.697699154816,21.4524120848883,101.799032353317,21.3186115805152,696.366076761849,682.40725665211,2006.47571091803,2020.43453102777,SC1_MZ081381.1,main,main,18.1631508870553,1.3011952832877736
235,22,7.92293980511557,102.286463149919,24.8163053759935,101.431584291873,24.9607008333965,696.385202444909,688.462262639794,2012.53071690572,2020.45365671083,SC1_OK017858.1,main,main,87.84606713886808,11.087559580113039
239,26,1.11819505877334,102.416072567976,25.5337798673216,102.50702520068,25.5256205524586,696.385202444909,695.267007386136,2019.33546165206,2020.45365671083,SC1_OK017857.1,main,main,9.186497812102402,8.215469868182025
240,23,0.636154858524556,102.555871741911,25.6221172719037,102.577736177991,25.6354924810503,696.385202444909,695.749047586385,2019.81750185231,2020.45365671083,SC1_OK017855.1,main,main,2.649019693710387,4.164111392396342
240,28,0.636154858524556,102.555871741911,25.6221172719037,102.780965918981,25.8237465023306,696.385202444909,695.749047586385,2019.81750185231,2020.45365671083,SC1_OK017852.1,main,main,31.767791060062837,49.9371978919447
237,27,0.526796775074373,102.301043128936,25.5569888841852,102.233483182888,25.267571230636,696.385202444909,695.858405669835,2019.92685993576,2020.45365671083,SC1_OK017854.1,main,main,32.77402712422491,62.21379604990536
238,24,0.13396626996436,101.549990752338,25.7209644031101,101.561613377576,25.7264350068148,696.385202444909,696.251236174945,2020.31969044087,2020.45365671083,SC1_OK017856.1,main,main,1.314400541173414,9.811428962850822
238,25,0.13396626996436,101.549990752338,25.7209644031101,101.50017540784,25.7975567177915,696.385202444909,696.251236174945,2020.31969044087,2020.45365671083,SC1_OK017853.1,main,main,9.847551938493535,73.5076966844964
269,126,122.525526707746,100.760975990854,22.1533174408113,101.105010421577,13.6756812192944,696.434382772778,573.908856065032,1897.97731033095,2020.5028370387,SC1_MW251308.1,main,main,939.0199096158727,7.6638716424836915
158,100,30.0564366512151,114.11463055581,29.6149458459957,114.113863292261,29.6123620499218,696.467169658024,666.410733006809,1990.47918727273,2020.53562392395,SC1_OK017801.1,main,main,0.2958879323598115,0.009844411557943264
159,101,18.6532524237832,113.694831158234,29.5745211906951,114.847008028892,30.3040920067193,696.467169658024,677.813917234241,2001.88237150016,2020.53562392395,SC1_OK017802.1,main,main,137.52744067273977,7.372839735840922
279,132,3.58023243757239,102.003031857477,18.4987668484571,102.04680741513,18.56563517885,696.483563100647,692.903330663075,2016.971784929,2020.55201736657,SC1_MZ937002.1,main,main,8.726020638510308,2.437277688156769
279,131,3.58842915888377,102.003031857477,18.4987668484571,102.344602578061,18.4413758750342,696.491759821958,692.903330663075,2016.971784929,2020.56021408788,SC1_MZ937004.1,main,main,36.631963947105454,10.208356449344071
205,206,0.202519837046352,125.58393756202,41.3225665195524,125.626262234891,41.2345441282712,696.530846283021,696.328326445974,2020.3967807119,2020.59930054894,,main,main,10.398953226151619,51.34782536770234
205,207,0.280579150884216,125.58393756202,41.3225665195524,124.91281148694,41.1493698964982,696.608905596859,696.328326445974,2020.3967807119,2020.67735986278,,main,main,59.460376723881275,211.92015349856925
255,16,23.1784985407297,105.135145805163,23.3218095103277,105.325273270627,23.5485030066146,696.636568565128,673.458070024398,1997.52652429032,2020.70502283105,SC1_OK017793.1,main,main,31.74626284625431,1.369642765706725
204,69,2.86638867225878,125.207090438775,41.3991513351193,125.235940196038,41.3472384921721,696.636568565128,693.770179892869,2017.83863415879,2020.70502283105,SC1_OK017798.1,main,main,6.250291015046985,2.1805455329690555
203,71,0.930607432051341,124.668208002437,41.077528635894,124.682510568929,41.0219906590104,696.636568565128,695.705961133076,2019.774415399,2020.70502283105,SC1_OK017794.1,main,main,6.283881617916348,6.752451572479673
203,70,0.930607432051341,124.668208002437,41.077528635894,125.167226796575,41.7647050251837,696.636568565128,695.705961133076,2019.774415399,2020.70502283105,SC1_OK017799.1,main,main,86.97603551559396,93.46157415041529
206,66,0.105722282107004,125.626262234891,41.2345441282712,125.675161087971,41.1877003830469,696.636568565128,696.530846283021,2020.59930054894,2020.70502283105,SC1_OK017796.1,main,main,6.624389248235109,62.65840195854275
206,64,0.105722282107004,125.626262234891,41.2345441282712,125.61699770376,41.2461812194663,696.636568565128,696.530846283021,2020.59930054894,2020.70502283105,SC1_OK017800.1,main,main,1.507798103559947,14.261876243211145
207,67,0.0276629682691403,124.91281148694,41.1493698964982,124.897036744496,41.1372324487246,696.636568565128,696.608905596859,2020.67735986278,2020.70502283105,SC1_OK017797.1,main,main,1.8896588189872177,68.31005265242072
207,65,0.0276629682691403,124.91281148694,41.1493698964982,124.912548891036,41.1734438742238,696.636568565128,696.608905596859,2020.67735986278,2020.70502283105,SC1_OK017795.1,main,main,2.673675283590328,96.65178579454805
168,169,2.26884174377553,117.776653834293,28.8794851189391,117.346419699199,28.889390128143,696.816764316118,694.547922572343,2018.61637683827,2020.88521858204,,main,main,41.9824202944771,18.50389980246708
272,274,31.5116558967115,111.560507145437,29.1393244713813,110.897233824355,28.6757582934133,696.914408453854,665.402752557143,1989.47120682306,2020.98286271978,,main,main,82.60771004555586,2.621496957072848
188,83,27.1773671004024,111.765133682832,28.717864733205,111.857219887638,28.3281680015319,697.05483340531,669.877466304908,1993.94592057083,2021.12328767123,SC1_OK017832.1,main,main,44.11983548295986,1.6234035960866349
187,84,20.1116068835991,111.248017362375,28.2191685757571,111.813367296904,28.7631839457054,697.05483340531,676.943226521711,2001.01168078763,2021.12328767123,SC1_OK017833.1,main,main,81.84861702543374,4.069720410663994
274,136,0.140424951456309,110.897233824355,28.6757582934133,110.899706600081,28.6765411478108,697.05483340531,696.914408453854,2020.98286271978,2021.12328767123,SC1_OK017803.1,main,main,0.25679351418551816,1.8286886448767288
274,135,0.140424951456309,110.897233824355,28.6757582934133,110.771142603182,28.6669806824447,697.05483340531,696.914408453854,2020.98286271978,2021.12328767123,SC1_OK017804.1,main,main,12.3631837274177,88.0412177408821
271,137,41.5381989399087,111.594332689516,29.1378133466488,111.63021743142,29.0872323471617,697.131545734077,655.593346794169,1979.66180106009,2021.2,SC1_OK017805.1,main,main,6.605288518090083,0.15901721034283728
189,80,5.20011652005712,112.033248836033,28.6449706126849,110.914752811368,28.4442236835878,697.131545734077,691.93142921402,2015.99988347994,2021.2,SC1_OK017834.1,main,main,111.69699660652071,21.47971034412394
189,81,5.20011652005712,112.033248836033,28.6449706126849,111.930339158538,28.374527542535,697.131545734077,691.93142921402,2015.99988347994,2021.2,SC1_OK017835.1,main,main,31.620378883283863,6.080705838286971
253,13,2.27755186686306,106.493170130027,25.3081019799474,106.138906129417,25.0954324368029,697.131545734077,694.853993867214,2018.92244813314,2021.2,SC1_OK017831.1,main,main,42.7762610062275,18.781684680202044
254,14,0.86696558278595,106.586529547385,25.3177203220446,107.131146929336,26.8588945420167,697.131545734077,696.264580151292,2020.33303441721,2021.2,SC1_OK017829.1,main,main,179.22727544653475,206.72940080342863
254,15,0.86696558278595,106.586529547385,25.3177203220446,106.558124190729,25.2071316375346,697.131545734077,696.264580151292,2020.33303441721,2021.2,SC1_OK017830.1,main,main,12.580394650668707,14.510835147852404
169,170,0.403880798846044,117.346419699199,28.889390128143,117.312886019338,28.8253763470953,697.220645114965,696.816764316118,2020.88521858204,2021.28909938089,,main,main,7.812992048688789,19.34479695744842
275,127,52.2324413485152,100.927136923421,22.302959081635,101.550623311941,22.315075094037,697.256477240927,645.024035892412,1969.09249015833,2021.32493150685,SC1_OK017806.1,main,main,64.2560887789537,1.230195011376398
161,124,38.2676780497776,117.876602805807,26.3332171451073,118.074221504235,26.7366030410606,697.298669021749,659.030990971971,1983.09944523789,2021.36712328767,SC1_OK017811.1,main,main,48.840546942961545,1.276287181036462
164,121,32.0146981568096,118.453818984979,26.4078060758374,118.68531977496,26.9023188561611,697.298669021749,665.283970864939,1989.35242513086,2021.36712328767,SC1_OK017808.1,main,main,59.44101552842853,1.8566789303239233
162,122,12.3219100554146,117.954668881564,25.8323828750741,118.242732604934,25.9862588619535,697.298669021749,684.976758966334,2009.04521323226,2021.36712328767,SC1_OK017810.1,main,main,33.520888855758656,2.720429601012111
162,123,12.3219100554146,117.954668881564,25.8323828750741,118.71400871689,27.168877546106,697.298669021749,684.976758966334,2009.04521323226,2021.36712328767,SC1_OK017809.1,main,main,166.30341502324666,13.496561350905834
163,113,39.4244659376307,118.416125160483,26.5902997208451,116.717058893164,30.4139261709282,697.46579230942,658.041326371789,1982.10978063771,2021.53424657534,SC1_OK017807.1,main,main,455.2208583240553,11.546658844896271
265,5,33.8918507342729,114.293624648293,25.8442371346372,114.30584244545,25.7213647783591,697.46579230942,663.573941575147,1987.64239584107,2021.53424657534,SC1_OK017842.1,main,main,13.667423896513144,0.403265788099676
167,115,22.8101990908059,117.738068702653,29.2662621236446,117.744796492253,29.3281723823539,697.46579230942,674.655593218614,1998.72404748454,2021.53424657534,SC1_OK017845.1,main,main,6.893237915334272,0.30219981368390286
166,114,22.5418180279181,117.830959392367,29.4864328237809,117.414645698513,29.5228588261959,697.46579230942,674.923974281502,1998.99242854742,2021.53424657534,SC1_OK017837.1,main,main,40.567952711282096,1.7996752817824446
187,85,20.5225657877089,111.248017362375,28.2191685757571,116.527952047902,29.1140035020892,697.46579230942,676.943226521711,2001.01168078763,2021.53424657534,SC1_OK017860.1,main,main,525.5044651896116,25.606177640046337
159,102,19.6518750751793,113.694831158234,29.5745211906951,115.888324157486,27.6605580162207,697.46579230942,677.813917234241,2001.88237150016,2021.53424657534,SC1_OK017836.1,main,main,301.6672501974182,15.350558104169396
266,1,3.48635918832134,114.301587065135,25.3607828004404,114.160747227954,25.4166360987371,697.46579230942,693.979433121099,2018.04788738702,2021.53424657534,SC1_OK017843.1,main,main,15.464469056918613,4.435707344418708
266,2,3.48635918832134,114.301587065135,25.3607828004404,114.53327412485,25.6144474445588,697.46579230942,693.979433121099,2018.04788738702,2021.53424657534,SC1_OK017841.1,main,main,36.50142856462611,10.469784262877779
168,119,2.91786973707709,117.776653834293,28.8794851189391,117.848917230643,28.8198801179394,697.46579230942,694.547922572343,2018.61637683827,2021.53424657534,SC1_OK017844.1,main,main,9.662544543391489,3.31150648043347
169,116,0.649027993301561,117.346419699199,28.889390128143,117.303646144984,28.9095218603568,697.46579230942,696.816764316118,2020.88521858204,2021.53424657534,SC1_OK017839.1,main,main,4.731049691367054,7.289438576139879
170,117,0.245147194455517,117.312886019338,28.8253763470953,117.309416147002,28.6858484552123,697.46579230942,697.220645114965,2021.28909938089,2021.53424657534,SC1_OK017838.1,main,main,15.467832473649938,63.09610235599348
170,118,0.245147194455517,117.312886019338,28.8253763470953,117.312804471877,28.815231424776,697.46579230942,697.220645114965,2021.28909938089,2021.53424657534,SC1_OK017840.1,main,main,1.1244183767493992,4.586707097532906
251,18,0.754415511913637,107.586892691442,23.3281880780407,107.461454562221,23.2890021378311,695.969901898461,695.215486386547,2019.28394065247,2020.03835616438,Ghost2,,,13.544868438077305,17.954122395653865
251,19,0.754415511913637,107.586892691442,23.3281880780407,107.301279141946,23.5004021117614,695.969901898461,695.215486386547,2019.28394065247,2020.03835616438,Ghost1,,,34.87005831430069,46.22129020895915
249,250,4.36695024362761,106.214350371321,24.93341687613,106.104417602952,24.9109052100233,678.426652856814,674.059702613187,1998.12815687911,2002.49510712274,sc_ghost_mrca,,,11.381246461911804,2.6062230680369383
249,250,4.825267778419857,106.214350371321,24.93341687613,109.69687752932518,21.653213622305273,678.426652856814,674.059702613187,1998.12815687911,2002.95342465753,ghostMRCAparent_to_SC1_AY394995.1,,,508.7557717268665,105.43575923437561
250,17,0.458317534797438,106.104417602952,24.9109052100233,109.69687752932518,21.653213622305273,678.884970391612,678.426652856814,2002.49510712274,2002.95342465753,SC1_AY394995.1,,,514.9618396889188,1123.591834461485
