node1,node2,length,startLon,startLat,endLon,endLat,endNodeL,startNodeL,startYear,endYear,tipLabel
239,262,4.33195205322058,116.730534425484,28.0869620320799,116.212119484753,29.7293987775068,130.802758335092,126.470806281872,1983.35419838525,1987.68615043848,NA
231,234,2.55523336137355,110.989445118372,28.7004354958101,110.79241562936,28.9741578038361,131.718259659707,129.163026298334,1986.04641840172,1988.60165176309,NA
164,165,13.0143775658804,105.792575351599,26.0269055456491,103.948629174492,25.4446180311702,132.555016599555,119.540639033675,1976.42403113706,1989.43840870294,NA
231,232,5.17692881731519,110.989445118372,28.7004354958101,110.921713297823,29.8939915017055,134.339955115649,129.163026298334,1986.04641840172,1991.22334721903,NA
262,263,6.0149287722119,116.212119484753,29.7293987775068,116.376626323731,30.2445062923604,136.817687107304,130.802758335092,1987.68615043848,1993.70107921069,NA
239,240,10.4476868793304,116.730534425484,28.0869620320799,116.553225134699,27.4025035691615,136.918493161202,126.470806281872,1983.35419838525,1993.80188526459,NA
165,167,4.37466659852381,103.948629174492,25.4446180311702,103.828450283202,25.5641562830039,136.929683198079,132.555016599555,1989.43840870294,1993.81307530146,NA
167,201,0.763846072506958,103.828450283202,25.5641562830039,103.963013595311,25.6258955775144,137.693529270586,136.929683198079,1993.81307530146,1994.57692137397,NA
150,152,9.23724659969537,112.21076302626,25.0352944170591,112.198702090092,25.355713835472,138.194207365492,128.956960765796,1985.84035286918,1995.07759946887,NA
167,168,1.99234773561443,103.828450283202,25.5641562830039,103.724248919509,24.775567777123,138.922030933693,136.929683198079,1993.81307530146,1995.80542303708,NA
168,169,0.30817807944565,103.724248919509,24.775567777123,103.666471695715,24.8370122433941,139.230209013139,138.922030933693,1995.80542303708,1996.11360111652,NA
234,235,8.04952719858133,110.79241562936,28.9741578038361,110.737308043674,29.5609630084198,139.767786858289,131.718259659707,1988.60165176309,1996.65117896167,NA
168,197,1.99799379630902,103.724248919509,24.775567777123,103.597061092543,24.5548844652171,140.920024730002,138.922030933693,1995.80542303708,1997.80341683339,NA
201,202,3.41039329465028,103.963013595311,25.6258955775144,103.969856297952,25.9139922604767,141.103922565236,137.693529270586,1994.57692137397,1997.98731466862,NA
266,267,25.032943189605,110.557222398424,30.0777316225898,110.88428918872,30.3502603457682,141.355789609104,116.322846419499,1973.20623852288,1998.23918171249,NA
169,178,2.24584837451991,103.666471695715,24.8370122433941,108.193844545915,23.0539626270162,141.476057387659,139.230209013139,1996.11360111652,1998.35944949104,NA
169,170,4.66691734793025,103.666471695715,24.8370122433941,103.685797445206,24.7960925033013,143.897126361069,139.230209013139,1996.11360111652,2000.78051846445,NA
267,268,2.65639835053326,110.88428918872,30.3502603457682,110.958272233848,30.2768416060372,144.012187959637,141.355789609104,1998.23918171249,2000.89558006302,NA
240,253,7.14637264426918,116.553225134699,27.4025035691615,116.464113385301,27.448890232768,144.064865805471,136.918493161202,1993.80188526459,2000.94825790885,NA
235,236,5.23192678042559,110.737308043674,29.5609630084198,111.521275826619,30.5377990633979,144.999713638714,139.767786858289,1996.65117896167,2001.8831057421,NA
240,241,8.12226722447571,116.553225134699,27.4025035691615,114.115192524983,22.4961019873999,145.040760385678,136.918493161202,1993.80188526459,2001.92415248906,NA
150,151,16.293925341415,112.21076302626,25.0352944170591,122.111211655755,30.1038024876673,145.250886107211,128.956960765796,1985.84035286918,2002.13427821059,NA
178,179,4.27236975137938,108.193844545915,23.0539626270162,113.459391033123,23.4910400198899,145.748427139038,141.476057387659,1998.35944949104,2002.63181924242,NA
241,242,0.907500275836281,114.115192524983,22.4961019873999,114.172410675765,22.5738226339217,145.948260661514,145.040760385678,2001.92415248906,2002.8316527649,NA
202,30,4.9661099889151,103.969856297952,25.9139922604767,113.283240449634,23.264360001088,146.070032554151,141.103922565236,1997.98731466862,2002.95342465753,SC1_AY394995.1
197,199,5.49904067245027,103.597061092543,24.5548844652171,103.408007891232,24.5144041848781,146.419065402453,140.920024730002,1997.80341683339,2003.30245750584,NA
165,166,14.218968714544,103.948629174492,25.4446180311702,111.583707810265,23.5160852233316,146.773985314099,132.555016599555,1989.43840870294,2003.65737741748,NA
268,278,2.84310053683363,110.958272233848,30.2768416060372,111.115197528917,30.6350912383358,146.855288496471,144.012187959637,2000.89558006302,2003.73868059985,NA
202,203,5.99304490489979,103.969856297952,25.9139922604767,102.856999256094,24.8792496539202,147.096967470136,141.103922565236,1997.98731466862,2003.98035957352,NA
236,78,2.15525042228612,111.521275826619,30.5377990633979,111.378369403252,30.7794125897352,147.154964061,144.999713638714,2001.8831057421,2004.03835616438,SC1_DQ648857.1
253,254,3.29760356386578,116.464113385301,27.448890232768,116.7317586041,27.1254206509759,147.362469369337,144.064865805471,2000.94825790885,2004.24586147272,NA
242,244,1.95339286700704,114.172410675765,22.5738226339217,114.209319294399,22.5800347285842,147.901653528521,145.948260661514,2002.8316527649,2004.7850456319,NA
236,77,2.98858375561938,111.521275826619,30.5377990633979,111.393360770732,30.6940989883422,147.988297394334,144.999713638714,2001.8831057421,2004.87168949772,SC1_DQ412043.1
278,122,1.13300889786258,111.115197528917,30.6350912383358,111.230573898884,30.4545990251643,147.988297394334,146.855288496471,2003.73868059985,2004.87168949772,SC1_DQ412042.1
244,250,0.110793384603436,114.209319294399,22.5800347285842,114.262987804471,22.5429181725571,148.012446913125,147.901653528521,2004.7850456319,2004.89583901651,NA
250,251,0.0460303973055289,114.262987804471,22.5429181725571,114.407220799801,22.5234337851143,148.05847731043,148.012446913125,2004.89583901651,2004.94186941381,NA
178,40,6.59420721978974,108.193844545915,23.0539626270162,108.194879633284,22.8719486307538,148.070264607449,141.476057387659,1998.35944949104,2004.95365671083,SC1_DQ071615.1
244,245,0.174876351759064,114.209319294399,22.5800347285842,114.168881401815,22.4313540497093,148.07652988028,147.901653528521,2004.7850456319,2004.95992198366,NA
245,246,0.1192510589851,114.168881401815,22.4313540497093,114.160309874345,22.4302710886691,148.195780939265,148.07652988028,2004.95992198366,2005.07917304265,NA
250,252,0.230031511352763,114.262987804471,22.5429181725571,114.315172278945,22.5945120353442,148.242478424477,148.012446913125,2004.89583901651,2005.12587052786,NA
251,92,0.225253873857991,114.407220799801,22.5234337851143,114.261960734777,22.1864150680669,148.283731184288,148.05847731043,2004.94186941381,2005.16712328767,SC1_DQ022305.2
246,86,0.107128327214522,114.160309874345,22.4302710886691,114.151695326977,22.3749056156954,148.30290926648,148.195780939265,2005.07917304265,2005.18630136986,SC1_DQ084199.1
252,93,0.1179650885779,114.315172278945,22.5945120353442,114.244122022473,22.5499903634724,148.360443513055,148.242478424477,2005.12587052786,2005.24383561644,SC1_DQ084200.1
246,247,0.394763323001708,114.160309874345,22.4302710886691,114.154530587142,22.4159548591988,148.590544262267,148.195780939265,2005.07917304265,2005.47393636565,NA
251,95,0.81429496974847,114.407220799801,22.5234337851143,114.388094159338,22.4909770577867,148.872772280179,148.05847731043,2004.94186941381,2005.75616438356,SC1_GQ153539.1
247,94,0.282228017911564,114.154530587142,22.4159548591988,114.238274438568,22.4927736025918,148.872772280179,148.590544262267,2005.47393636565,2005.75616438356,SC1_GQ153540.1
242,243,3.03011336108128,114.172410675765,22.5738226339217,114.303159899837,22.6048629739311,148.978374022595,145.948260661514,2002.8316527649,2005.86176612598,NA
245,87,1.03459856428188,114.168881401815,22.4313540497093,114.271157735782,22.4591882387065,149.111128444562,148.07652988028,2004.95992198366,2005.99452054795,SC1_GQ153541.1
253,255,5.0492200560902,116.464113385301,27.448890232768,116.46354263135,27.4562698891158,149.114085861561,144.064865805471,2000.94825790885,2005.99747796494,NA
144,145,29.481134225513,102.143008201197,21.5042652962413,100.782869567823,21.5649210886737,149.145751326449,119.664617100936,1976.54800920432,2006.02914342983,NA
201,4,11.4614347904146,103.963013595311,25.6258955775144,104.605381480399,25.625263136556,149.154964061,137.693529270586,1994.57692137397,2006.03835616438,SC1_FJ588686.1
243,84,0.299877709637993,114.303159899837,22.6048629739311,114.03910172118,22.5739238496177,149.278251732233,148.978374022595,2005.86176612598,2006.16164383562,SC1_GQ153542.1
243,85,0.299877709637993,114.303159899837,22.6048629739311,114.183926961525,22.1462583363578,149.278251732233,148.978374022595,2005.86176612598,2006.16164383562,SC1_GQ153543.1
247,248,0.838859907333546,114.154530587142,22.4159548591988,114.1516244968,22.4738682591538,149.429404169601,148.590544262267,2005.47393636565,2006.31279627298,NA
203,223,2.36854493136858,102.856999256094,24.8792496539202,102.822454037822,24.8703101189777,149.465512401504,147.096967470136,2003.98035957352,2006.34890450489,NA
248,249,0.176272841565426,114.1516244968,22.4738682591538,114.151651975533,22.471893218437,149.605677011166,149.429404169601,2006.31279627298,2006.48906911455,NA
249,90,0.204081570382462,114.151651975533,22.471893218437,113.976524367291,22.4361243158396,149.809758581548,149.605677011166,2006.48906911455,2006.69315068493,SC1_GQ153544.1
249,91,0.204081570382462,114.151651975533,22.471893218437,114.135510489746,22.5076408860069,149.809758581548,149.605677011166,2006.48906911455,2006.69315068493,SC1_GQ153545.1
248,89,0.903642083180653,114.1516244968,22.4738682591538,114.402000625896,22.2210250286068,150.333046252781,149.429404169601,2006.31279627298,2007.21643835616,SC1_GQ153546.1
241,96,5.48132696299378,114.115192524983,22.4961019873999,114.362222338529,22.4070160417202,150.522087348672,145.040760385678,2001.92415248906,2007.40547945205,SC1_GQ153547.1
179,180,5.04615332101784,113.459391033123,23.4910400198899,113.203141523185,23.0769290282983,150.794580460056,145.748427139038,2002.63181924242,2007.67797256344,NA
203,204,3.82504285922595,102.856999256094,24.8792496539202,102.884455849301,24.9168724980194,150.922010329362,147.096967470136,2003.98035957352,2007.80540243274,NA
252,88,2.78371851323552,114.315172278945,22.5945120353442,114.221841952744,22.1545541106228,151.026196937713,148.242478424477,2005.12587052786,2007.9095890411,SC1_GQ153548.1
145,146,2.9864209312104,100.782869567823,21.5649210886737,102.268708741681,18.7591341372165,152.132172257659,149.145751326449,2006.02914342983,2009.01556436104,NA
268,269,8.8345290796178,110.958272233848,30.2768416060372,127.10460360647,35.2004844105296,152.846717039255,144.012187959637,2000.89558006302,2009.73010914264,NA
204,205,1.9661410534688,102.884455849301,24.9168724980194,102.891367057257,24.9116543879264,152.888151382831,150.922010329362,2007.80540243274,2009.77154348621,NA
232,233,19.3697433554835,110.921713297823,29.8939915017055,111.525273863587,29.3822551690266,153.709698471133,134.339955115649,1991.22334721903,2010.59309057452,NA
204,222,2.8163422620709,102.884455849301,24.9168724980194,102.783189463556,24.7963301979924,153.738352591433,150.922010329362,2007.80540243274,2010.62174469482,NA
170,171,10.096861670493,103.685797445206,24.7960925033013,102.86220914975,26.0978580616495,153.993988031562,143.897126361069,2000.78051846445,2010.87738013495,NA
205,206,1.15605833532928,102.891367057257,24.9116543879264,102.951684835684,24.9832670426847,154.04420971816,152.888151382831,2009.77154348621,2010.92760182154,NA
227,68,21.5557996615297,103.737254342228,26.6109163208163,103.55656229468,27.1421776888722,154.154964061,132.599164399471,1989.48255650285,2011.03835616438,SC1_JX993988.1
227,69,21.5557996615297,103.737254342228,26.6109163208163,99.2677678024223,25.0524146826949,154.154964061,132.599164399471,1989.48255650285,2011.03835616438,SC1_KF569996.1
205,216,1.30914400182525,102.891367057257,24.9116543879264,102.852688645465,24.7991650451638,154.197295384656,152.888151382831,2009.77154348621,2011.08068748804,NA
216,20,0.24807963524874,102.852688645465,24.7991650451638,102.762532565839,24.6434140653081,154.445375019905,154.197295384656,2011.08068748804,2011.32876712329,SC1_KC881005.1
145,148,5.303215483317,100.782869567823,21.5649210886737,101.757105792847,21.5867921108188,154.448966809766,149.145751326449,2006.02914342983,2011.33235891315,NA
216,217,0.358297551583776,102.852688645465,24.7991650451638,102.899163247922,24.6440080790715,154.55559293624,154.197295384656,2011.08068748804,2011.43898503962,NA
269,270,1.83265046578378,127.10460360647,35.2004844105296,125.761573961077,41.5163208900416,154.679367505039,152.846717039255,2009.73010914264,2011.56275960842,NA
255,256,5.58471739821005,116.46354263135,27.4562698891158,115.765407095495,28.5783887499671,154.698803259771,149.114085861561,2005.99747796494,2011.58219536315,NA
217,218,0.413541612375155,102.899163247922,24.6440080790715,102.960082708291,24.9570493872261,154.969134548615,154.55559293624,2011.43898503962,2011.852526652,NA
197,198,14.0953201780283,103.597061092543,24.5548844652171,104.950496367568,23.8196121694063,155.015344908031,140.920024730002,1997.80341683339,2011.89873701141,NA
218,221,0.149462021347636,102.960082708291,24.9570493872261,102.830106896345,24.9613264247689,155.118596569962,154.969134548615,2011.852526652,2012.00198867335,NA
164,67,35.6143250273258,105.792575351599,26.0269055456491,98.6638448873334,24.1523660357986,155.154964061,119.540639033675,1976.42403113706,2012.03835616438,SC1_KU973692.1
262,102,24.3522057259081,116.212119484753,29.7293987775068,119.14774502107,27.9307682827555,155.154964061,130.802758335092,1987.68615043848,2012.03835616438,SC1_KF294457.1
267,109,13.7991744518962,110.88428918872,30.3502603457682,112.616868896682,35.0008521670328,155.154964061,141.355789609104,1998.23918171249,2012.03835616438,SC1_KY770860.1
270,119,0.475596555961374,125.761573961077,41.5163208900416,125.765650377377,41.5038326830827,155.154964061,154.679367505039,2011.56275960842,2012.03835616438,SC1_KJ473811.1
148,149,0.713291859347212,101.757105792847,21.5867921108188,101.572578623873,21.5702177530039,155.162258669113,154.448966809766,2011.33235891315,2012.0456507725,NA
278,279,8.37558969078597,111.115197528917,30.6350912383358,115.104999146118,39.4578054343764,155.230878187257,146.855288496471,2003.73868059985,2012.11427029064,NA
221,21,0.24948224513631,102.830106896345,24.9613264247689,102.867918874375,25.068917085077,155.368078815099,155.118596569962,2012.00198867335,2012.25147091848,SC1_KC881006.1
223,224,6.17301035193809,102.822454037822,24.8703101189777,102.859249370684,24.8754829820766,155.638522753443,149.465512401504,2006.34890450489,2012.52191485683,NA
263,264,18.9111332834849,116.376626323731,30.2445062923604,115.559586633676,30.1445269517991,155.728820390789,136.817687107304,1993.70107921069,2012.61221249417,NA
221,22,0.70303415770471,102.830106896345,24.9613264247689,103.05770553519,24.9955631783259,155.821630727667,155.118596569962,2012.00198867335,2012.70502283105,SC1_KF367457.1
222,23,2.12972622366603,102.783189463556,24.7963301979924,102.770784860629,24.7750948099114,155.868078815099,153.738352591433,2010.62174469482,2012.75147091848,SC1_KY417145.1
217,16,1.3124858788591,102.899163247922,24.6440080790715,102.936137627473,24.6495311479443,155.868078815099,154.55559293624,2011.43898503962,2012.75147091848,SC1_KY417144.1
224,25,0.229556061656201,102.859249370684,24.8754829820766,102.905004127144,25.1026907275456,155.868078815099,155.638522753443,2012.52191485683,2012.75147091848,SC1_KY417143.1
206,207,1.86963693961401,102.951684835684,24.9832670426847,103.066854382306,25.0854553086998,155.913846657774,154.04420971816,2010.92760182154,2012.79723876116,NA
270,271,1.28834513701529,125.761573961077,41.5163208900416,125.769155096498,41.6719542495674,155.967712642054,154.679367505039,2011.56275960842,2012.85110474544,NA
170,177,12.1626892438927,103.685797445206,24.7960925033013,105.220024907378,25.2570045868952,156.059815604962,143.897126361069,2000.78051846445,2012.94320770834,NA
223,226,6.61111192069463,102.822454037822,24.8703101189777,102.751560521898,24.7244363470032,156.076624322199,149.465512401504,2006.34890450489,2012.96001642558,NA
224,225,0.508028485594163,102.859249370684,24.8754829820766,102.658904429887,24.8344223899148,156.146551239037,155.638522753443,2012.52191485683,2013.02994334242,NA
232,71,21.8150089453514,110.921713297823,29.8939915017055,110.522063105337,29.7743501006012,156.154964061,134.339955115649,1991.22334721903,2013.03835616438,SC1_KJ473814.1
166,66,9.38097874690138,111.583707810265,23.5160852233316,111.688591113838,24.3826291278272,156.154964061,146.773985314099,2003.65737741748,2013.03835616438,SC1_KJ473815.1
206,5,2.11075434284051,102.951684835684,24.9832670426847,102.925580126342,25.077424574959,156.154964061,154.04420971816,2010.92760182154,2013.03835616438,SC1_KJ473816.1
279,120,0.924085873743362,115.104999146118,39.4578054343764,114.376593977251,39.2926426856677,156.154964061,155.230878187257,2012.11427029064,2013.03835616438,SC1_KJ473813.1
279,121,0.924085873743362,115.104999146118,39.4578054343764,115.109420124765,39.3924073250626,156.154964061,155.230878187257,2012.11427029064,2013.03835616438,SC1_KJ473812.1
177,38,0.0951484560385065,105.220024907378,25.2570045868952,105.300400597801,25.1330736720928,156.154964061,156.059815604962,2012.94320770834,2013.03835616438,SC1_KY770859.1
177,39,0.0951484560385065,105.220024907378,25.2570045868952,105.196041217611,25.2199311472844,156.154964061,156.059815604962,2012.94320770834,2013.03835616438,SC1_KY770858.1
218,219,1.25401256918592,102.960082708291,24.9570493872261,102.990540083495,24.9365023683855,156.223147117801,154.969134548615,2011.852526652,2013.10653922118,NA
180,192,5.55149997160203,113.203141523185,23.0769290282983,112.951253783719,22.7460843064801,156.346080431658,150.794580460056,2007.67797256344,2013.22947253504,NA
219,220,0.21840326455877,102.990540083495,24.9365023683855,102.931602299413,25.042359838372,156.44155038236,156.223147117801,2013.10653922118,2013.32494248574,NA
222,24,2.70702242847189,102.783189463556,24.7963301979924,102.735109285414,24.7573417510402,156.445375019905,153.738352591433,2010.62174469482,2013.32876712329,SC1_KY417146.1
226,28,0.368750697705529,102.751560521898,24.7244363470032,102.644733610528,25.1041035556758,156.445375019905,156.076624322199,2012.96001642558,2013.32876712329,SC1_KY417148.1
226,29,0.368750697705529,102.751560521898,24.7244363470032,102.819072546032,24.7452637107999,156.445375019905,156.076624322199,2012.96001642558,2013.32876712329,SC1_KY417147.1
220,17,0.00382463754511519,102.931602299413,25.042359838372,102.925193200543,25.018694030091,156.445375019905,156.44155038236,2013.32494248574,2013.32876712329,SC1_KY417149.1
199,200,10.0305902143482,103.408007891232,24.5144041848781,102.083994084436,24.8570690872824,156.449655616801,146.419065402453,2003.30245750584,2013.33304772018,NA
200,62,0.094349540090036,102.083994084436,24.8570690872824,102.192333088854,24.9094175474971,156.544005156891,156.449655616801,2013.33304772018,2013.42739726027,SC1_KP886809.1
200,63,0.094349540090036,102.083994084436,24.8570690872824,102.049149406467,24.9116059509987,156.544005156891,156.449655616801,2013.33304772018,2013.42739726027,SC1_KP886808.1
225,27,0.559097753470489,102.658904429887,24.8344223899148,102.768670821132,25.001681897777,156.705648992507,156.146551239037,2013.02994334242,2013.58904109589,SC1_KY417150.1
225,26,0.559097753470489,102.658904429887,24.8344223899148,102.664018001845,24.862747343911,156.705648992507,156.146551239037,2013.02994334242,2013.58904109589,SC1_KT444582.1
271,118,0.768073336754265,125.769155096498,41.6719542495674,125.791360276604,41.6942808258231,156.735785978809,155.967712642054,2012.85110474544,2013.61917808219,SC1_KU182964.1
192,193,0.500874525693634,112.951253783719,22.7460843064801,113.013463670802,22.6819836037108,156.846954957352,156.346080431658,2013.22947253504,2013.73034706073,NA
207,208,1.5119208291222,103.066854382306,25.0854553086998,102.844500187287,24.9615207363354,157.425767486896,155.913846657774,2012.79723876116,2014.30915959028,NA
180,181,6.63364293947432,113.203141523185,23.0769290282983,113.823046644917,23.3831397141778,157.42822339953,150.794580460056,2007.67797256344,2014.31161550291,NA
208,7,0.0881006836933462,102.844500187287,24.9615207363354,102.878061878794,24.9270378470296,157.513868170589,157.425767486896,2014.30915959028,2014.39726027397,SC1_KY417142.1
208,209,0.431268263861815,102.844500187287,24.9615207363354,102.831533940327,24.8847035571927,157.857035750758,157.425767486896,2014.30915959028,2014.74042785414,NA
207,15,2.05207630733611,103.066854382306,25.0854553086998,103.068147924645,25.1056205337983,157.96592296511,155.913846657774,2012.79723876116,2014.84931506849,SC1_KY417151.1
151,130,13.3999683647483,122.111211655755,30.1038024876673,122.100978896043,29.9317658037139,158.650854471959,145.250886107211,2002.13427821059,2015.53424657534,SC1_MG772934.1
256,259,4.16885719690044,115.765407095495,28.5783887499671,116.387830591537,28.0468032338945,158.867660456672,154.698803259771,2011.58219536315,2015.75105256006,NA
181,182,1.43969925612274,113.823046644917,23.3831397141778,113.862772146852,23.4209108788811,158.867922655653,157.42822339953,2014.31161550291,2015.75131475904,NA
193,194,2.0590541678367,113.013463670802,22.6819836037108,112.638105481566,22.6097190900543,158.906009125188,156.846954957352,2013.73034706073,2015.78940122857,NA
220,19,2.50245477453121,102.931602299413,25.042359838372,102.972887127801,25.1287995746431,158.944005156891,156.44155038236,2013.32494248574,2015.82739726027,SC1_KY417152.1
209,210,1.11099916345057,102.831533940327,24.8847035571927,103.361911379804,25.1406725163285,158.968034914209,157.857035750758,2014.74042785414,2015.85142701759,NA
210,212,0.038462455813475,103.361911379804,25.1406725163285,103.358090525176,25.1378308540988,159.006497370022,158.968034914209,2015.85142701759,2015.8898894734,NA
255,260,9.94288540539485,116.46354263135,27.4562698891158,117.223750094965,28.049526528369,159.056971266956,149.114085861561,2005.99747796494,2015.94036337034,NA
212,213,0.124512860952382,103.358090525176,25.1378308540988,103.410753446263,25.0741008833464,159.131010230974,159.006497370022,2015.8898894734,2016.01440233436,NA
210,211,0.176441670750066,103.361911379804,25.1406725163285,103.337651954629,25.1158470070785,159.144476584959,158.968034914209,2015.85142701759,2016.02786868834,NA
155,156,0.724160268760976,108.803206447272,24.2575613579633,109.047132337707,24.3971050771618,159.284666226046,158.560505957285,2015.44389806067,2016.16805832943,NA
213,214,0.249231404284273,103.410753446263,25.0741008833464,103.377354455378,25.0885702923279,159.380241635259,159.131010230974,2016.01440233436,2016.26363373864,NA
269,110,6.60059674852107,127.10460360647,35.2004844105296,127.108053989402,35.2879275028747,159.447313787776,152.846717039255,2009.73010914264,2016.33070589116,SC1_KY938558.1
214,215,0.248555404805567,103.377354455378,25.0885702923279,103.973170803839,24.9096637879963,159.628797040064,159.380241635259,2016.26363373864,2016.51218914345,NA
179,41,13.9038046815251,113.459391033123,23.4910400198899,114.164319817773,23.9772170230688,159.652231820563,145.748427139038,2002.63181924242,2016.53562392395,SC1_OK017812.1
156,157,0.404392632664373,109.047132337707,24.3971050771618,109.075378057159,24.4036522009842,159.68905885871,159.284666226046,2016.16805832943,2016.57245096209,NA
266,108,43.414084854616,110.557222398424,30.0777316225898,102.126071026756,33.1620375200156,159.736931274115,116.322846419499,1973.20623852288,2016.6203233775,SC1_OK017846.1
199,64,13.3178658716625,103.408007891232,24.5144041848781,102.59987135996,27.3407230494866,159.736931274115,146.419065402453,2003.30245750584,2016.6203233775,SC1_MK211374.1
212,13,0.730433904093133,103.358090525176,25.1378308540988,103.364322341455,25.0787519704255,159.736931274115,159.006497370022,2015.8898894734,2016.6203233775,SC1_OK017847.1
211,8,0.592454689156543,103.337651954629,25.1158470070785,103.385096198624,25.1458616064401,159.736931274115,159.144476584959,2016.02786868834,2016.6203233775,SC1_OK017848.1
211,12,0.592454689156543,103.337651954629,25.1158470070785,103.701727550535,24.8916687627852,159.736931274115,159.144476584959,2016.02786868834,2016.6203233775,SC1_OK017850.1
215,9,0.108134234050912,103.973170803839,24.9096637879963,104.040276379414,24.9608482730068,159.736931274115,159.628797040064,2016.51218914345,2016.6203233775,SC1_OK017851.1
215,14,0.108134234050912,103.973170803839,24.9096637879963,103.963971482441,24.8654580883873,159.736931274115,159.628797040064,2016.51218914345,2016.6203233775,SC1_OK017849.1
171,37,5.82764269610501,102.86220914975,26.0978580616495,102.539012325152,25.475164076374,159.821630727667,153.993988031562,2010.87738013495,2016.70502283105,SC1_MK211375.1
209,6,1.96459497690923,102.831533940327,24.8847035571927,102.94382594858,24.0048672008045,159.821630727667,157.857035750758,2014.74042785414,2016.70502283105,SC1_MK211378.1
213,10,0.6906204966928,103.410753446263,25.0741008833464,103.528261120179,25.3435153888936,159.821630727667,159.131010230974,2016.01440233436,2016.70502283105,SC1_MK211376.1
214,11,0.441389092408527,103.377354455378,25.0885702923279,103.355153284123,25.060977701501,159.821630727667,159.380241635259,2016.26363373864,2016.70502283105,SC1_MK211377.1
194,195,0.936859385820341,112.638105481566,22.6097190900543,112.433812773234,22.7097918635268,159.842868511009,158.906009125188,2015.78940122857,2016.72626061439,NA
182,183,1.08316364575346,113.862772146852,23.4209108788811,113.905029609747,23.4553353010172,159.951086301407,158.867922655653,2015.75131475904,2016.83447840479,NA
157,158,0.403032753164382,109.075378057159,24.4036522009842,109.004186639348,24.3523421507695,160.092091611874,159.68905885871,2016.57245096209,2016.97548371526,NA
156,139,0.870297834954931,109.047132337707,24.3971050771618,109.090468148837,24.4336684701892,160.154964061,159.284666226046,2016.16805832943,2017.03835616438,SC1_MT040334.1
157,138,0.465905202290558,109.075378057159,24.4036522009842,108.34405264908,24.2207368271359,160.154964061,159.68905885871,2016.57245096209,2017.03835616438,SC1_MT040335.1
158,137,0.0628724491261758,109.004186639348,24.3523421507695,108.974484432482,24.3374813364629,160.154964061,160.092091611874,2016.97548371526,2017.03835616438,SC1_MT040336.1
158,135,0.0628724491261758,109.004186639348,24.3523421507695,108.822512434312,24.2355489078893,160.154964061,160.092091611874,2016.97548371526,2017.03835616438,SC1_MT040333.1
271,272,4.194827390529,125.769155096498,41.6719542495674,124.557939812657,42.2317202593124,160.162540032583,155.967712642054,2012.85110474544,2017.04593213597,NA
151,131,14.9890094606385,122.111211655755,30.1038024876673,122.134858352397,30.1386143824653,160.23989556785,145.250886107211,2002.13427821059,2017.12328767123,SC1_MG772933.1
182,184,1.38897932947039,113.862772146852,23.4209108788811,113.809561204735,23.283174426626,160.256901985124,158.867922655653,2015.75131475904,2017.14029408851,NA
184,185,0.00427686972086772,113.809561204735,23.283174426626,113.799372596117,23.2723887322019,160.261178854844,160.256901985124,2017.14029408851,2017.14457095823,NA
185,186,0.298306821585085,113.799372596117,23.2723887322019,113.709264288942,23.3089034356267,160.55948567643,160.261178854844,2017.14457095823,2017.44287777981,NA
186,187,0.105688148929723,113.709264288942,23.3089034356267,113.715698372216,23.311656343921,160.665173825359,160.55948567643,2017.44287777981,2017.54856592874,NA
187,188,0.00932026061884139,113.715698372216,23.311656343921,113.700693797078,23.3333821743791,160.674494085978,160.665173825359,2017.54856592874,2017.55788618936,NA
198,61,5.72044107077798,104.950496367568,23.8196121694063,112.374074507142,25.0847638733517,160.735785978809,155.015344908031,2011.89873701141,2017.61917808219,SC1_OK017792.1
188,189,0.0661341563833924,113.700693797078,23.3333821743791,113.787668602386,23.2508399607893,160.740628242361,160.674494085978,2017.55788618936,2017.62402034574,NA
195,57,0.977848974649265,112.433812773234,22.7097918635268,112.642365048332,22.6490733915898,160.820717485658,159.842868511009,2016.72626061439,2017.70410958904,SC1_OK017824.1
195,58,0.977848974649265,112.433812773234,22.7097918635268,112.427187271736,22.6736187990314,160.820717485658,159.842868511009,2016.72626061439,2017.70410958904,SC1_OK017822.1
183,52,0.869631184251443,113.905029609747,23.4553353010172,113.844496721265,23.6132033782444,160.820717485658,159.951086301407,2016.83447840479,2017.70410958904,SC1_OK017819.1
183,53,0.869631184251443,113.905029609747,23.4553353010172,113.873661001742,23.5002534120003,160.820717485658,159.951086301407,2016.83447840479,2017.70410958904,SC1_OK017813.1
184,51,0.563815500534515,113.809561204735,23.283174426626,113.809180542555,23.2975311152294,160.820717485658,160.256901985124,2017.14029408851,2017.70410958904,SC1_OK017818.1
185,45,0.559538630813647,113.799372596117,23.2723887322019,113.968488641075,23.3774004843795,160.820717485658,160.261178854844,2017.14457095823,2017.70410958904,SC1_OK017815.1
186,49,0.261231809228562,113.709264288942,23.3089034356267,113.642269236453,23.2774029541572,160.820717485658,160.55948567643,2017.44287777981,2017.70410958904,SC1_OK017814.1
187,47,0.155543660298839,113.715698372216,23.311656343921,113.676893007013,23.3221798057937,160.820717485658,160.665173825359,2017.54856592874,2017.70410958904,SC1_OK017821.1
188,48,0.146223399679998,113.700693797078,23.3333821743791,113.700705624846,23.3755163679292,160.820717485658,160.674494085978,2017.55788618936,2017.70410958904,SC1_OK017820.1
189,46,0.0800892432966056,113.787668602386,23.2508399607893,113.754706196975,23.2721064228192,160.820717485658,160.740628242361,2017.62402034574,2017.70410958904,SC1_OK017817.1
189,50,0.0800892432966056,113.787668602386,23.2508399607893,113.675885559514,23.2403340675481,160.820717485658,160.740628242361,2017.62402034574,2017.70410958904,SC1_OK017816.1
155,136,2.59445810371591,108.803206447272,24.2575613579633,107.762987365612,24.4851869466055,161.154964061,158.560505957285,2015.44389806067,2018.03835616438,SC1_MT072864.1
272,276,1.26408361813535,124.557939812657,42.2317202593124,124.715373984997,41.9575712979279,161.426623650719,160.162540032583,2017.04593213597,2018.3100157541,NA
193,196,4.84398618264232,113.013463670802,22.6819836037108,113.01664791827,22.7349409329708,161.690941139994,156.846954957352,2013.73034706073,2018.57433324338,NA
148,128,7.2868191690431,101.757105792847,21.5867921108188,101.438136870383,21.4659951607492,161.735785978809,154.448966809766,2011.33235891315,2018.61917808219,SC1_MW703458.1
264,265,6.02628205477691,115.559586633676,30.1445269517991,115.195250456086,30.3443146401248,161.755102445566,155.728820390789,2012.61221249417,2018.63849454895,NA
234,237,30.03951068583,110.79241562936,28.9741578038361,110.846738852293,27.2756281444675,161.757770345537,131.718259659707,1988.60165176309,2018.64116244892,NA
181,190,4.79898479588091,113.823046644917,23.3831397141778,116.574130360676,29.2937806444225,162.227208195411,157.42822339953,2014.31161550291,2019.11060029879,NA
276,277,0.833699288691909,124.715373984997,41.9575712979279,124.772081994073,42.0369312537179,162.260322939411,161.426623650719,2018.3100157541,2019.14371504279,NA
272,273,2.22586448684094,124.557939812657,42.2317202593124,124.970091382721,42.3310350261106,162.388404519424,160.162540032583,2017.04593213597,2019.27179662281,NA
260,261,3.51944570744051,117.223750094965,28.049526528369,117.175759092341,27.3546128059019,162.576416974397,159.056971266956,2015.94036337034,2019.45980907778,NA
149,126,7.4721574466823,101.572578623873,21.5702177530039,101.395020643904,21.5088308433532,162.634416115795,155.162258669113,2012.0456507725,2019.51780821918,SC1_EPI_ISL_412977
171,172,8.64533076211152,102.86220914975,26.0978580616495,103.491081846942,26.3002398999325,162.639318793674,153.993988031562,2010.87738013495,2019.52271089706,NA
196,54,1.04484483881454,113.01664791827,22.7349409329708,113.189829997192,22.6977143023722,162.735785978809,161.690941139994,2018.57433324338,2019.61917808219,SC1_OK017826.1
196,55,1.04484483881454,113.01664791827,22.7349409329708,113.050545588624,22.8127701367428,162.735785978809,161.690941139994,2018.57433324338,2019.61917808219,SC1_OK017825.1
256,257,8.06211132700194,115.765407095495,28.5783887499671,115.339164864021,28.7589353758253,162.760914586773,154.698803259771,2011.58219536315,2019.64430669016,NA
166,65,16.046732171559,111.583707810265,23.5160852233316,111.283993752717,23.5400346289417,162.820717485658,146.773985314099,2003.65737741748,2019.70410958904,SC1_OK017859.1
192,59,6.47463705399994,112.951253783719,22.7460843064801,112.745841569938,22.368566405646,162.820717485658,156.346080431658,2013.22947253504,2019.70410958904,SC1_OK017827.1
194,56,3.91470836046961,112.638105481566,22.6097190900543,112.730917541572,22.5812361629262,162.820717485658,158.906009125188,2015.78940122857,2019.70410958904,SC1_OK017828.1
273,274,0.713689143387051,124.970091382721,42.3310350261106,124.897138655484,42.317089746597,163.102093662811,162.388404519424,2019.27179662281,2019.98548576619,NA
172,173,0.528557392120289,103.491081846942,26.3002398999325,103.438994601143,26.5828731123421,163.167876185794,162.639318793674,2019.52271089706,2020.05126828918,NA
146,147,11.1056733052468,102.268708741681,18.7591341372165,102.344841613051,18.488499096756,163.237845562906,152.132172257659,2009.01556436104,2020.12123766629,NA
173,174,0.152357355913314,103.438994601143,26.5828731123421,103.420389613824,26.5336461724691,163.320233541707,163.167876185794,2020.05126828918,2020.20362564509,NA
174,175,0.105440139147806,103.420389613824,26.5336461724691,103.294380076999,26.5471230055444,163.425673680855,163.320233541707,2020.20362564509,2020.30906578424,NA
273,275,1.07658802606642,124.970091382721,42.3310350261106,124.080372282521,42.3272422039485,163.464992545491,162.388404519424,2019.27179662281,2020.34838464887,NA
175,176,0.0589213651467129,103.294380076999,26.5471230055444,103.273759571422,26.5748777165774,163.484595046002,163.425673680855,2020.30906578424,2020.36798714938,NA
257,258,0.750215651393062,115.339164864021,28.7589353758253,115.312496789594,28.7300158314763,163.511130238167,162.760914586773,2019.64430669016,2020.39452234155,NA
149,127,8.38888025527577,101.572578623873,21.5702177530039,101.569608869322,21.5856692837806,163.551138924389,155.162258669113,2012.0456507725,2020.43453102777,SC1_MZ081381.1
219,18,7.34711748964786,102.990540083495,24.9365023683855,102.980371003703,24.9051815779979,163.570264607449,156.223147117801,2013.10653922118,2020.45365671083,SC1_OK017858.1
172,36,0.930945813774921,103.491081846942,26.3002398999325,103.580442706013,26.2445575147996,163.570264607449,162.639318793674,2019.52271089706,2020.45365671083,SC1_OK017856.1
173,31,0.402388421654632,103.438994601143,26.5828731123421,103.432140785632,26.5279653198604,163.570264607449,163.167876185794,2020.05126828918,2020.45365671083,SC1_OK017852.1
174,35,0.250031065741318,103.420389613824,26.5336461724691,103.347415074077,26.5675372854048,163.570264607449,163.320233541707,2020.20362564509,2020.45365671083,SC1_OK017855.1
175,32,0.144590926593511,103.294380076999,26.5471230055444,103.290582005662,26.5499030603662,163.570264607449,163.425673680855,2020.30906578424,2020.45365671083,SC1_OK017853.1
176,34,0.0856695614467986,103.273759571422,26.5748777165774,103.504444374424,26.8514244476547,163.570264607449,163.484595046002,2020.36798714938,2020.45365671083,SC1_OK017857.1
176,33,0.0856695614467986,103.273759571422,26.5748777165774,103.203292318079,26.1629508728662,163.570264607449,163.484595046002,2020.36798714938,2020.45365671083,SC1_OK017854.1
146,123,11.4872726776584,102.268708741681,18.7591341372165,101.324348762338,13.7409912186636,163.619444935317,152.132172257659,2009.01556436104,2020.5028370387,SC1_MW251308.1
265,104,1.89712937499727,115.195250456086,30.3443146401248,115.141060020554,30.3788597515402,163.652231820563,161.755102445566,2018.63849454895,2020.53562392395,SC1_OK017801.1
265,105,1.89712937499727,115.195250456086,30.3443146401248,113.616266044578,30.1766593074072,163.652231820563,161.755102445566,2018.63849454895,2020.53562392395,SC1_OK017802.1
147,124,0.430779700280625,102.344841613051,18.488499096756,102.281303387262,18.483195687325,163.668625263186,163.237845562906,2020.12123766629,2020.55201736657,SC1_MZ937002.1
147,125,0.438976421592003,102.344841613051,18.488499096756,102.377268727181,18.5289646848365,163.676821984498,163.237845562906,2020.12123766629,2020.56021408788,SC1_MZ937004.1
198,60,8.80628581963654,104.950496367568,23.8196121694063,104.473051322453,24.2573625310678,163.821630727667,155.015344908031,2011.89873701141,2020.70502283105,SC1_OK017793.1
276,115,2.39500707694848,124.715373984997,41.9575712979279,125.0722826585,41.359641108112,163.821630727667,161.426623650719,2018.3100157541,2020.70502283105,SC1_OK017797.1
277,116,1.56130778825657,124.772081994073,42.0369312537179,124.736521518042,42.0213933651888,163.821630727667,162.260322939411,2019.14371504279,2020.70502283105,SC1_OK017794.1
277,117,1.56130778825657,124.772081994073,42.0369312537179,124.750372567514,41.9953750223961,163.821630727667,162.260322939411,2019.14371504279,2020.70502283105,SC1_OK017799.1
274,112,0.719537064855832,124.897138655484,42.317089746597,124.954766640851,42.4772335806708,163.821630727667,163.102093662811,2019.98548576619,2020.70502283105,SC1_OK017796.1
274,114,0.719537064855832,124.897138655484,42.317089746597,124.951595329836,42.5203941929058,163.821630727667,163.102093662811,2019.98548576619,2020.70502283105,SC1_OK017798.1
275,111,0.356638182176464,124.080372282521,42.3272422039485,124.084715453198,42.5139785219732,163.821630727667,163.464992545491,2020.34838464887,2020.70502283105,SC1_OK017795.1
275,113,0.356638182176464,124.080372282521,42.3272422039485,124.097316603878,42.4011577013368,163.821630727667,163.464992545491,2020.34838464887,2020.70502283105,SC1_OK017800.1
152,153,25.9233733061369,112.198702090092,25.355713835472,112.148468688953,25.5878460454317,164.117580671628,138.194207365492,1995.07759946887,2021.00097277501,NA
235,76,24.4721087095609,110.737308043674,29.5609630084198,110.786970530104,28.7556332607756,164.23989556785,139.767786858289,1996.65117896167,2021.12328767123,SC1_OK017833.1
233,72,10.5301970967171,111.525273863587,29.3822551690266,111.787780442404,29.3561055333342,164.23989556785,153.709698471133,2010.59309057452,2021.12328767123,SC1_OK017832.1
153,132,0.122314896221277,112.148468688953,25.5878460454317,112.154521780195,25.5922875645456,164.23989556785,164.117580671628,2021.00097277501,2021.12328767123,SC1_OK017803.1
153,133,0.122314896221277,112.148468688953,25.5878460454317,112.123617116682,25.5329626705982,164.23989556785,164.117580671628,2021.00097277501,2021.12328767123,SC1_OK017804.1
162,163,1.21892264826622,105.130261432746,25.7090307179956,105.038147913541,25.8685226950914,164.244813301516,163.02589065325,2019.90928275663,2021.1282054049,NA
152,134,26.1224005311253,112.198702090092,25.355713835472,112.146954670059,25.3462654454914,164.316607896617,138.194207365492,1995.07759946887,2021.2,SC1_OK017805.1
237,74,2.55883755107938,110.846738852293,27.2756281444675,110.739693715991,27.5166608029513,164.316607896617,161.757770345537,2018.64116244892,2021.2,SC1_OK017834.1
237,75,2.55883755107938,110.846738852293,27.2756281444675,110.897248006344,27.2627916027209,164.316607896617,161.757770345537,2018.64116244892,2021.2,SC1_OK017835.1
162,1,1.2907172433671,105.130261432746,25.7090307179956,104.984283721406,25.5327218182355,164.316607896617,163.02589065325,2019.90928275663,2021.2,SC1_OK017829.1
163,3,0.07179459510088,105.038147913541,25.8685226950914,105.110619582872,25.9450739423738,164.316607896617,164.244813301516,2021.1282054049,2021.2,SC1_OK017830.1
163,2,0.07179459510088,105.038147913541,25.8685226950914,105.057672583314,25.9030562494096,164.316607896617,164.244813301516,2021.1282054049,2021.2,SC1_OK017831.1
144,129,44.7769223025306,102.143008201197,21.5042652962413,101.363145701043,23.5219825221157,164.441539403466,119.664617100936,1976.54800920432,2021.32493150685,SC1_OK017806.1
254,98,17.1212618149511,116.7317586041,27.1254206509759,116.825308135297,26.3580063582075,164.483731184288,147.362469369337,2004.24586147272,2021.36712328767,SC1_OK017808.1
260,101,5.4267599173318,117.223750094965,28.049526528369,117.410670197037,27.8271886893354,164.483731184288,159.056971266956,2015.94036337034,2021.36712328767,SC1_OK017811.1
261,99,1.90731420989129,117.175759092341,27.3546128059019,117.051035994616,27.0719769429025,164.483731184288,162.576416974397,2019.45980907778,2021.36712328767,SC1_OK017810.1
261,100,1.90731420989129,117.175759092341,27.3546128059019,117.244835299189,27.336414039918,164.483731184288,162.576416974397,2019.45980907778,2021.36712328767,SC1_OK017809.1
190,191,2.257959283404,116.574130360676,29.2937806444225,116.817686328538,29.1674277764047,164.485167478815,162.227208195411,2019.11060029879,2021.3685595822,NA
263,103,27.8331673646552,116.376626323731,30.2445062923604,117.923295594608,29.8893379607568,164.650854471959,136.817687107304,1993.70107921069,2021.53424657534,SC1_OK017807.1
254,97,17.2883851026224,116.7317586041,27.1254206509759,116.565959242787,28.0814086978229,164.650854471959,147.362469369337,2004.24586147272,2021.53424657534,SC1_OK017837.1
233,73,10.9411560008269,111.525273863587,29.3822551690266,114.257981626532,25.36657323499,164.650854471959,153.709698471133,2010.59309057452,2021.53424657534,SC1_OK017860.1
264,106,8.92203408117027,115.559586633676,30.1445269517991,116.246196722056,29.7733093034839,164.650854471959,155.728820390789,2012.61221249417,2021.53424657534,SC1_OK017836.1
259,82,5.78319401528746,116.387830591537,28.0468032338945,116.297663086037,28.0003842657502,164.650854471959,158.867660456672,2015.75105256006,2021.53424657534,SC1_OK017844.1
259,83,5.78319401528746,116.387830591537,28.0468032338945,116.379048023821,28.1060062147626,164.650854471959,158.867660456672,2015.75105256006,2021.53424657534,SC1_OK017845.1
190,42,2.42364627654807,116.574130360676,29.2937806444225,116.598900631018,29.3515542231454,164.650854471959,162.227208195411,2019.11060029879,2021.53424657534,SC1_OK017841.1
257,79,1.88993988518596,115.339164864021,28.7589353758253,115.490109816831,28.3597666057279,164.650854471959,162.760914586773,2019.64430669016,2021.53424657534,SC1_OK017838.1
258,81,1.1397242337929,115.312496789594,28.7300158314763,115.379610212817,28.6356671402068,164.650854471959,163.511130238167,2020.39452234155,2021.53424657534,SC1_OK017840.1
258,80,1.1397242337929,115.312496789594,28.7300158314763,115.307833101939,28.7506584243505,164.650854471959,163.511130238167,2020.39452234155,2021.53424657534,SC1_OK017839.1
191,43,0.165686993144076,116.817686328538,29.1674277764047,116.821527364953,29.1558345988678,164.650854471959,164.485167478815,2021.3685595822,2021.53424657534,SC1_OK017843.1
191,44,0.165686993144076,116.817686328538,29.1674277764047,116.811762497501,29.1602448821046,164.650854471959,164.485167478815,2021.3685595822,2021.53424657534,SC1_OK017842.1
