node1,node2,length,startLon,startLat,endLon,endLat,endNodeL,startNodeL,startYear,endYear,tipLabel,startClade,endClade,distance,dispersal_velocity
143,144,125.42492414482,104.772631453031,24.4731846366851,106.095830892165,27.0848254363062,125.42492414482,0.0,1372.35094445287,1497.77586859769,,main,main,318.31081148103505,2.5378593102715556
143,279,100.083098468338,104.772631453031,24.4731846366851,104.743362915067,26.0732757466389,100.083098468338,0.0,1372.35094445287,1472.43404292121,,main,main,177.27783243005362,1.7713063958160402
144,145,337.175803941241,106.095830892165,27.0848254363062,101.693108248089,26.5591009831121,462.600728086062,125.42492414482,1497.77586859769,1834.95167253893,,main,main,441.5126874836685,1.309443567192058
144,268,345.176012806291,106.095830892165,27.0848254363062,107.240252131302,27.5718088971714,470.600936951111,125.42492414482,1497.77586859769,1842.95188140398,,main,main,125.45504267118831,0.3634523779657664
145,146,24.3865077467412,101.693108248089,26.5591009831121,108.987313957214,28.4906871459636,486.987235832803,462.600728086062,1834.95167253893,1859.33818028567,,main,main,751.5521125561905,30.818357444256094
145,197,35.3918159922899,101.693108248089,26.5591009831121,101.404570662896,26.2105463197572,497.992544078352,462.600728086062,1834.95167253893,1870.34348853122,,main,main,48.17010642781398,1.361052126805469
146,147,16.1998192574194,108.987313957214,28.4906871459636,111.671563375881,29.2187749398814,503.187055090222,486.987235832803,1859.33818028567,1875.53799954309,,main,main,274.05619015992676,16.917237520067456
197,198,41.7001556399911,101.404570662896,26.2105463197572,101.450326687064,25.8074791036951,539.692699718343,497.992544078352,1870.34348853122,1912.04364417121,,main,main,44.889385090657186,1.0764800371058463
268,273,70.835534385666,107.240252131302,27.5718088971714,101.611179461116,22.1544020971249,541.436471336777,470.600936951111,1842.95188140398,1913.78741578965,,main,main,826.6187348924332,11.669548935593328
147,175,38.3141953340344,111.671563375881,29.2187749398814,112.432800688315,30.6903886712546,541.501250424257,503.187055090222,1875.53799954309,1913.85219487713,,main,main,178.91544664838415,4.669690830997409
146,183,63.976678803517,108.987313957214,28.4906871459636,109.784492475009,30.2141787012267,550.96391463632,486.987235832803,1859.33818028567,1923.31485908919,,main,main,206.12091572074087,3.2218133165957616
198,199,13.1603928822353,101.450326687064,25.8074791036951,101.93477942925,25.1577516672574,552.853092600578,539.692699718343,1912.04364417121,1925.20403705345,,main,main,86.91123483618844,6.604000018381406
199,200,15.9555478341988,101.93477942925,25.1577516672574,103.358066993875,24.8622361557771,568.808640434777,552.853092600578,1925.20403705345,1941.15958488765,,main,main,147.35065880266677,9.235073614134285
147,148,70.3642694188214,111.671563375881,29.2187749398814,115.714829900773,30.1159282684189,573.551324509044,503.187055090222,1875.53799954309,1945.90226896191,,main,main,403.8229823942435,5.739034679527659
175,176,36.1444224443106,112.432800688315,30.6903886712546,112.278414277948,29.9910377898301,577.645672868568,541.501250424257,1913.85219487713,1949.99661732144,,main,main,78.93720313738493,2.183938704761631
148,172,5.64567860283941,115.714829900773,30.1159282684189,115.538716310823,30.082669287341,579.197003111883,573.551324509044,1945.90226896191,1951.54794756475,,main,main,17.371361488470146,3.0769306420903026
176,177,6.71065192310996,112.278414277948,29.9910377898301,112.057537658738,29.5579389171871,584.356324791677,577.645672868568,1949.99661732144,1956.70726924455,,main,main,52.54556492772456,7.830172914612003
177,178,2.19806811188268,112.057537658738,29.5579389171871,111.924835424529,29.3675821664995,586.55439290356,584.356324791677,1956.70726924455,1958.90533735643,,main,main,24.71635993451859,11.24458327788061
268,269,117.860147295984,107.240252131302,27.5718088971714,111.418355233231,28.1986829746996,588.461084247095,470.600936951111,1842.95188140398,1960.81202869996,,main,main,417.20115565319975,3.53979835614388
197,267,96.6347654062856,101.404570662896,26.2105463197572,99.4740470147867,25.4874588343237,594.627309484637,497.992544078352,1870.34348853122,1966.97825393751,,main,main,209.44702942210506,2.167408680939185
148,149,22.4983448583477,115.714829900773,30.1159282684189,117.836716296659,28.0252005773203,596.049669367392,573.551324509044,1945.90226896191,1968.40061382026,,main,main,310.44762794421047,13.79868741006622
200,201,30.5614274216728,103.358066993875,24.8622361557771,105.702402704762,23.6646313070704,599.37006785645,568.808640434777,1941.15958488765,1971.72101230932,,main,main,272.5069156628835,8.916694626299876
201,202,4.52980072301426,105.702402704762,23.6646313070704,105.851005075707,23.7027036281902,603.899868579464,599.37006785645,1971.72101230932,1976.25081303233,,main,main,15.732876243610805,3.473193900932069
202,222,0.698539365568415,105.851005075707,23.7027036281902,104.196203971554,25.3620555630569,604.598407945033,603.899868579464,1976.25081303233,1976.9493523979,,main,main,248.78726068330667,356.153529702458
269,271,16.4477652327172,111.418355233231,28.1986829746996,111.204619640811,27.9957124196249,604.908849479812,588.461084247095,1960.81202869996,1977.25979393268,,main,main,30.775686279014447,1.8711165829262175
183,184,53.9621079120397,109.784492475009,30.2141787012267,110.605746114117,29.8905988895774,604.92602254836,550.96391463632,1923.31485908919,1977.27696700123,,main,main,86.94205668065109,1.6111686523137676
149,150,11.0568152912547,117.836716296659,28.0252005773203,118.042151653008,27.9384548820482,607.106484658646,596.049669367392,1968.40061382026,1979.45742911152,,main,main,22.380151874768774,2.0241047069376457
222,231,3.48332551521229,104.196203971554,25.3620555630569,104.185357146907,25.3466715830068,608.081733460245,604.598407945033,1976.9493523979,1980.43267791311,,main,main,2.023960201815082,0.5810425103758162
231,234,0.0793807575160841,104.185357146907,25.3466715830068,103.952719614158,25.4789549468038,608.161114217761,608.081733460245,1980.43267791311,1980.51205867063,,main,main,27.614721497526823,347.8767696558141
273,274,67.782237219907,101.611179461116,22.1544020971249,101.48305415484,22.107616031411,609.218708556684,541.436471336777,1913.78741578965,1981.56965300955,,main,main,14.197304775676859,0.20945465003783093
202,203,7.63881213217979,105.851005075707,23.7027036281902,108.738035198242,22.3387251103532,611.538680711644,603.899868579464,1976.25081303233,1983.88962516451,,main,main,332.24770195216087,43.49468166032139
150,151,5.59483266122526,118.042151653008,27.9384548820482,116.995862263445,27.9030789694126,612.701317319872,607.106484658646,1979.45742911152,1985.05226177274,,main,main,103.06442615718349,18.42135992224878
234,235,4.89818516575468,103.952719614158,25.4789549468038,104.264168940646,25.7655152731617,613.059299383516,608.161114217761,1980.51205867063,1985.41024383638,,main,main,44.56759332053799,9.098797169231005
184,185,8.65135080663391,110.605746114117,29.8905988895774,110.739051862551,29.8212958776982,613.577373354994,604.92602254836,1977.27696700123,1985.92831780786,,main,main,14.997649337252513,1.7335615758122096
274,275,4.88394301087683,101.48305415484,22.107616031411,102.376921976294,18.8952132746025,614.102651567561,609.218708556684,1981.56965300955,1986.45359602043,,main,main,367.6628438943222,75.27992097277043
151,169,1.4356565287951,116.995862263445,27.9030789694126,116.925755312017,27.9303249075592,614.136973848667,612.701317319872,1985.05226177274,1986.48791830154,,main,main,7.532745132427104,5.24689922787388
151,152,1.63895192533248,116.995862263445,27.9030789694126,117.525625788266,28.329870881615,614.340269245204,612.701317319872,1985.05226177274,1986.69121369807,,main,main,70.33129943433977,42.91236267962665
178,179,27.8995058383403,111.924835424529,29.3675821664995,110.62699437342,28.7643286581924,614.453898741901,586.55439290356,1958.90533735643,1986.80484319477,,main,main,142.97568184381907,5.124667177700968
203,204,5.65548037059163,108.738035198242,22.3387251103532,111.967398265138,22.9716002827415,617.194161082236,611.538680711644,1983.88962516451,1989.5451055351,,main,main,339.22705562603255,59.982005664807104
269,270,28.987716081905,111.418355233231,28.1986829746996,122.16274718696,29.7232424706417,617.448800329,588.461084247095,1960.81202869996,1989.79974478187,,main,main,1060.4439393690777,36.582528143051555
201,264,20.6966592451242,105.702402704762,23.6646313070704,111.196274077018,24.5177546608969,620.066727101574,599.37006785645,1971.72101230932,1992.41767155444,,main,main,566.5086182326412,27.371983638668716
235,236,7.3641664443965,104.264168940646,25.7655152731617,104.382950839684,25.7561002124552,620.423465827912,613.059299383516,1985.41024383638,1992.77441028078,,main,main,11.961713752360605,1.6243133343981442
222,223,16.3967958991961,104.196203971554,25.3620555630569,104.405947993046,25.4517736390383,620.995203844229,604.598407945033,1976.9493523979,1993.3461482971,,main,main,23.326700598825013,1.4226377361914149
231,232,13.6648309838343,104.185357146907,25.3466715830068,103.567629674669,25.8050937474199,621.746564444079,608.081733460245,1980.43267791311,1994.09750889695,,main,main,80.19485079032607,5.868704185598621
204,205,4.65098019846271,111.967398265138,22.9716002827415,112.052760579299,22.9931731121438,621.845141280698,617.194161082236,1989.5451055351,1994.19608573357,,main,main,9.07288672619653,1.95074722726091
152,153,9.58624522763795,117.525625788266,28.329870881615,116.778782542816,28.1061899857799,623.926514472842,614.340269245204,1986.69121369807,1996.27745892571,,main,main,77.38984093104136,8.073008679969918
152,157,9.70581625238775,117.525625788266,28.329870881615,114.067980717409,22.377525125081,624.046085497592,614.340269245204,1986.69121369807,1996.39702995046,,main,main,745.4835146493052,76.80791550797257
274,277,16.0461198206697,101.48305415484,22.107616031411,101.257984296615,21.861603325702,625.264828377354,609.218708556684,1981.56965300955,1997.61577283022,,main,main,35.809785205804374,2.2316787862743146
157,158,2.06154102994578,114.067980717409,22.377525125081,114.370800929766,22.4363562275241,626.107626527538,624.046085497592,1996.39702995046,1998.45857098041,,main,main,31.85317912532198,15.451149728589073
185,186,15.204769720316,110.739051862551,29.8212958776982,110.649019474653,30.8017732964795,628.78214307531,613.577373354994,1985.92831780786,2001.13308752818,,main,main,109.03788843107927,7.1712949578833305
236,237,8.93237206418676,104.382950839684,25.7561002124552,102.724774836546,24.7855755957274,629.355837892099,620.423465827912,1992.77441028078,2001.70678234497,,main,main,198.63131138007398,22.237241121701775
179,180,15.0492344754587,110.62699437342,28.7643286581924,111.394005191178,30.8482163296118,629.503133217359,614.453898741901,1986.80484319477,2001.85407767023,,main,main,242.60397924180106,16.120685715770037
277,278,4.74226057727801,101.257984296615,21.861603325702,101.18509117428,21.688196222449,630.007088954632,625.264828377354,1997.61577283022,2002.3580334075,,main,main,20.627881764058365,4.349799305186742
185,188,16.8930727802047,110.739051862551,29.8212958776982,126.599733472407,35.3191360198601,630.470446135198,613.577373354994,1985.92831780786,2002.82139058807,,main,main,1606.8763941608515,95.12043279916422
158,159,4.89980562871759,114.370800929766,22.4363562275241,114.190355325132,22.405216251165,631.007432156255,626.107626527538,1998.45857098041,2003.35837660912,,main,main,18.895049429113904,3.8562855061781796
159,160,0.187583074239498,114.190355325132,22.405216251165,114.22699040674,22.3698252601699,631.195015230495,631.007432156255,2003.35837660912,2003.54595968336,,main,main,5.4398334587587565,28.999596476457207
160,162,0.321230956943598,114.22699040674,22.3698252601699,114.191273322603,22.3380337917015,631.516246187438,631.195015230495,2003.54595968336,2003.86719064031,,main,main,5.092001536054123,15.85152808590668
150,170,24.5449107235046,118.042151653008,27.9384548820482,118.061827337336,27.4889523155306,631.651395382151,607.106484658646,1979.45742911152,2004.00233983502,,main,main,49.84934124449469,2.0309440847449554
180,92,2.18427849415552,111.394005191178,30.8482163296118,111.159894563683,31.312251101598,631.687411711515,629.503133217359,2001.85407767023,2004.03835616438,SC1_DQ648857.1,main,main,56.0887781235992,25.678400567361763
159,165,1.19335159014263,114.190355325132,22.405216251165,114.113266556312,22.4291626010027,632.200783746398,631.007432156255,2003.35837660912,2004.55172819927,,main,main,8.368114969886438,7.012279565393026
165,166,0.156456711240914,114.113266556312,22.4291626010027,114.101174724553,22.4131702183479,632.357240457639,632.200783746398,2004.55172819927,2004.70818491051,,main,main,2.164716552861134,13.835881731707094
162,163,0.971275887916594,114.191273322603,22.3380337917015,114.246545644435,22.4289544493923,632.487522075355,631.516246187438,2003.86719064031,2004.83846652822,,main,main,11.565773017275196,11.907814413146824
186,87,3.73860196953834,110.649019474653,30.8017732964795,111.299684475443,30.5846669742161,632.520745044848,628.78214307531,2001.13308752818,2004.87168949772,SC1_DQ412042.1,main,main,66.82442027845264,17.874173507351045
180,91,3.01761182748878,111.394005191178,30.8482163296118,111.419031307332,30.8265902768241,632.520745044848,629.503133217359,2001.85407767023,2004.87168949772,SC1_DQ412043.1,main,main,3.3882833681521802,1.122836057735056
203,35,21.064031546319,108.738035198242,22.3387251103532,108.312345693095,22.8751167477775,632.602712257963,611.538680711644,1983.88962516451,2004.95365671083,SC1_DQ071615.1,main,main,73.78275220387528,3.502783977588992
237,242,3.35130215754204,102.724774836546,24.7855755957274,102.734175589737,24.711890300292,632.707140049641,629.355837892099,2001.70678234497,2005.05808450251,,main,main,8.217265809619672,2.4519620802101882
160,161,1.5823750190399,114.22699040674,22.3698252601699,114.222418572344,22.3840118673866,632.777390249535,631.195015230495,2003.54595968336,2005.1283347024,,main,main,1.6400011899050266,1.0364175180799373
161,110,0.0387885852678309,114.222418572344,22.3840118673866,114.225819018269,22.3739292089578,632.816178834802,632.777390249535,2005.1283347024,2005.16712328767,SC1_DQ022305.2,main,main,1.1701395690877092,30.167111303699908
165,111,0.634573170596322,114.113266556312,22.4291626010027,114.052620893839,22.5097524972962,632.835356916994,632.200783746398,2004.55172819927,2005.18630136986,SC1_DQ084199.1,main,main,10.89034715060576,17.161688604596797
223,225,11.8404760397047,104.405947993046,25.4517736390383,104.1676329016,25.44089209573,632.835679883933,620.995203844229,1993.3461482971,2005.1866243368,,main,main,24.00058072575981,2.0269945773530216
166,167,0.496071485590765,114.101174724553,22.4131702183479,114.431011377326,22.2093261441014,632.85331194323,632.357240457639,2004.70818491051,2005.2042563961,,main,main,40.798118964771795,82.24241898561424
161,109,0.115500914034975,114.222418572344,22.3840118673866,113.978110795329,22.3235981987865,632.89289116357,632.777390249535,2005.1283347024,2005.24383561644,SC1_DQ084200.1,main,main,26.03874574133431,225.44190198745508
172,173,53.7201872687784,115.538716310823,30.082669287341,115.301856054406,29.9461738730248,632.917190380662,579.197003111883,1951.54794756475,2005.26813483353,,main,main,27.4059567826854,0.5101612294381083
178,181,46.5774627188721,111.924835424529,29.3675821664995,109.752011141411,28.6241941229555,633.131855622432,586.55439290356,1958.90533735643,2005.4828000753,,main,main,227.18756855436254,4.877628691919095
234,263,25.1393479205012,103.952719614158,25.4789549468038,103.983249553555,26.1692125285991,633.300462138262,608.161114217761,1980.51205867063,2005.65140659113,,main,main,76.53164482963486,3.0442971341839424
158,168,7.29554327485052,114.370800929766,22.4363562275241,114.407907047977,22.2936412108948,633.403169802388,626.107626527538,1998.45857098041,2005.75411425526,,main,main,16.259123700431676,2.228637825572327
167,108,0.551907987463395,114.431011377326,22.2093261441014,114.328017774434,22.1054701111703,633.405219930693,632.85331194323,2005.2042563961,2005.75616438356,SC1_GQ153540.1,main,main,15.656159178027776,28.367335740119476
167,106,0.551907987463395,114.431011377326,22.2093261441014,114.412378180511,22.2333244381796,633.405219930693,632.85331194323,2005.2042563961,2005.75616438356,SC1_GQ153539.1,main,main,3.279095358181279,5.941380506653319
166,115,1.28633563743766,114.101174724553,22.4131702183479,114.098853843867,22.4271204385566,633.643576095076,632.357240457639,2004.70818491051,2005.99452054795,SC1_GQ153541.1,main,main,1.563162168537951,1.2152055210502608
235,6,20.6281123279991,104.264168940646,25.7655152731617,104.536576782805,26.1179987730617,633.687411711515,613.059299383516,1985.41024383638,2006.03835616438,SC1_FJ588686.1,main,main,47.63914834167413,2.309428394813044
163,164,1.21900683496689,114.246545644435,22.4289544493923,114.297728455676,22.5483679765896,633.706528910322,632.487522075355,2004.83846652822,2006.05747336319,,main,main,14.2338095707585,11.676562560984419
168,116,0.407529580359583,114.407907047977,22.2936412108948,114.29615512031,22.2367473758441,633.810699382748,633.403169802388,2005.75411425526,2006.16164383562,SC1_GQ153542.1,main,main,13.128558733054549,32.2149835638203
168,117,0.407529580359583,114.407907047977,22.2936412108948,114.383762980571,22.3040073781438,633.810699382748,633.403169802388,2005.75411425526,2006.16164383562,SC1_GQ153543.1,main,main,2.739955262549983,6.72332854987456
163,113,1.85468415670789,114.246545644435,22.4289544493923,114.425646492522,22.5293097379586,634.342206232063,632.487522075355,2004.83846652822,2006.69315068493,SC1_GQ153545.1,main,main,21.52258885599715,11.60444961917412
164,112,0.635677321740996,114.297728455676,22.5483679765896,114.262518301804,22.5673829184669,634.342206232063,633.706528910322,2006.05747336319,2006.69315068493,SC1_GQ153544.1,main,main,4.189153661397439,6.590063099819521
153,154,10.8625252465014,116.778782542816,28.1061899857799,116.682518643597,27.8135388688101,634.789039719343,623.926514472842,1996.27745892571,2007.13998417221,,main,main,33.7862109855534,3.1103459111807594
242,243,2.1554117802887,102.734175589737,24.711890300292,102.637212248969,24.6969404730925,634.86255182993,632.707140049641,2005.05808450251,2007.2134962828,,main,main,9.95050691942092,4.616522471677375
164,114,1.15896499297376,114.297728455676,22.5483679765896,114.294811934145,22.5492654344028,634.865493903295,633.706528910322,2006.05747336319,2007.21643835616,SC1_GQ153546.1,main,main,0.3160270599814857,0.2726804190785777
157,118,11.0084495015941,114.067980717409,22.377525125081,114.028238156042,22.2631762644708,635.054534999186,624.046085497592,1996.39702995046,2007.40547945205,SC1_GQ153547.1,main,main,13.307957173088962,1.2088856992223906
162,107,4.0423984007889,114.191273322603,22.3380337917015,114.328557068874,22.3759105195568,635.558644588227,631.516246187438,2003.86719064031,2007.9095890411,SC1_GQ153548.1,main,main,14.749394746870676,3.6486741989587754
237,238,6.41859115769992,102.724774836546,24.7855755957274,102.794074976959,24.6420227075143,635.774429049799,629.355837892099,2001.70678234497,2008.12537350267,,main,main,17.378566683905294,2.707536008592397
242,244,3.33875241859566,102.734175589737,24.711890300292,102.545738063644,24.6730192653314,636.045892468237,632.707140049641,2005.05808450251,2008.39683692111,,main,main,19.549897187292604,5.8554498016704235
205,206,14.8334551011057,112.052760579299,22.9931731121438,112.997496236089,23.4341942200425,636.678596381804,621.845141280698,1994.19608573357,2009.02954083467,,main,main,108.33740400134843,7.303585257980311
244,245,0.83406862836882,102.545738063644,24.6730192653314,102.512995273706,24.6801753420811,636.879961096605,636.045892468237,2008.39683692111,2009.23090554947,,main,main,3.4074664799158794,4.08535504635851
206,207,0.250396249667684,112.997496236089,23.4341942200425,112.871388825386,23.3742151516044,636.928992631472,636.678596381804,2009.02954083467,2009.27993708434,,main,main,14.500963508909482,57.91206349198356
245,246,0.136108675332752,102.512995273706,24.6801753420811,102.504037652773,24.6882854009597,637.016069771938,636.879961096605,2009.23090554947,2009.36701422481,,main,main,1.2762750574924409,9.376882512244457
246,256,0.329939312572055,102.504037652773,24.6882854009597,102.519861970583,24.6729074804127,637.34600908451,637.016069771938,2009.36701422481,2009.69695353738,,main,main,2.338064808657105,7.086348063316942
205,211,15.9316635423055,112.052760579299,22.9931731121438,112.094426483725,22.8928464829988,637.776804823004,621.845141280698,1994.19608573357,2010.12774927587,,main,main,11.904021663872586,0.7471926351107169
188,189,8.05870180119961,126.599733472407,35.3191360198601,125.923316924739,41.7689005700675,638.529147936398,630.470446135198,2002.82139058807,2010.88009238927,,main,main,718.3863817673875,89.14418221312634
246,247,1.65920773649827,102.504037652773,24.6882854009597,102.844620354199,24.6169406443791,638.675277508436,637.016069771938,2009.36701422481,2011.02622196131,,main,main,35.371979576017864,21.318596097357787
267,72,44.0601022268773,99.4740470147867,25.4874588343237,99.1783993551614,25.3566466686239,638.687411711515,594.627309484637,1966.97825393751,2011.03835616438,SC1_KF569996.1,main,main,33.08528084696313,0.7509124848734606
267,71,44.0601022268773,99.4740470147867,25.4874588343237,99.1175321687558,25.3698838983852,638.687411711515,594.627309484637,1966.97825393751,2011.03835616438,SC1_JX993988.1,main,main,38.15620452324434,0.8660035404994704
256,26,1.63181358590875,102.519861970583,24.6729074804127,102.766021537492,24.7770677131487,638.977822670419,637.34600908451,2009.69695353738,2011.32876712329,SC1_KC881005.1,main,main,27.447588683595495,16.82029670583362
245,260,2.11830355354869,102.512995273706,24.6801753420811,102.682727698154,24.7171207402668,638.998264650154,636.879961096605,2009.23090554947,2011.34920910302,,main,main,17.65685590705067,8.335375672420039
223,224,18.2229906820036,104.405947993046,25.4517736390383,105.475490488656,25.2064774533343,639.218194526232,620.995203844229,1993.3461482971,2011.5691389791,,main,main,111.05630166105418,6.094296133879362
186,187,10.5418581935595,110.649019474653,30.8017732964795,114.127294611634,40.8265573408906,639.324001268869,628.78214307531,2001.13308752818,2011.67494572174,,main,main,1155.5954452553847,109.61971068453477
175,96,97.8519147119155,112.432800688315,30.6903886712546,109.929642527894,35.6248774572158,639.353165136172,541.501250424257,1913.85219487713,2011.70410958904,SC1_JX993987.1,main,main,594.9409176236359,6.080013041903098
207,208,2.53560927777604,112.871388825386,23.3742151516044,113.766508506554,23.9372569545016,639.464601909248,636.928992631472,2009.27993708434,2011.81554636212,,main,main,110.58002575622504,43.61083023533254
256,257,2.16124626902464,102.519861970583,24.6729074804127,102.564766190205,24.8200893369689,639.507255353535,637.34600908451,2009.69695353738,2011.8581998064,,main,main,16.924165055507956,7.830743445607311
199,67,86.8343191109364,101.93477942925,25.1577516672574,98.7044251732394,24.4654992207045,639.687411711515,552.853092600578,1925.20403705345,2012.03835616438,SC1_KU973692.1,main,main,335.47042832290083,3.863339193047807
149,124,43.6377423441232,117.836716296659,28.0252005773203,119.334583076955,27.9408100548524,639.687411711515,596.049669367392,1968.40061382026,2012.03835616438,SC1_KF294457.1,main,main,147.65160734582216,3.383575762958937
184,74,34.761389163155,110.605746114117,29.8905988895774,112.694831963052,35.0877011170346,639.687411711515,604.92602254836,1977.27696700123,2012.03835616438,SC1_KY770860.1,main,main,608.815908277266,17.514142067790964
189,83,1.15826377511672,125.923316924739,41.7689005700675,126.059353322926,41.5286079678381,639.687411711515,638.529147936398,2010.88009238927,2012.03835616438,SC1_KJ473811.1,main,main,28.99479286803635,25.032979094174383
260,27,0.902261815459003,102.682727698154,24.7171207402668,102.916582645106,25.0197951670201,639.900526465613,638.998264650154,2011.34920910302,2012.25147091848,SC1_KC881006.1,main,main,41.019505084666136,45.46297358688342
238,239,4.24991220973954,102.794074976959,24.6420227075143,102.712687477116,24.6403483838002,640.024341259538,635.774429049799,2008.12537350267,2012.37528571241,,main,main,8.241862192652194,1.9393017516371955
189,190,1.53378994886449,125.923316924739,41.7689005700675,125.914003825098,41.7550613774549,640.062937885262,638.529147936398,2010.88009238927,2012.41388233813,,main,main,1.7211845162880977,1.1221774647580274
260,28,1.3558137280274,102.682727698154,24.7171207402668,102.995137239407,24.6670313473483,640.354078378181,638.998264650154,2011.34920910302,2012.70502283105,SC1_KF367457.1,main,main,32.099057929726825,23.67512385084666
247,248,1.68251774004657,102.844620354199,24.6169406443791,103.105943980402,24.8197397584717,640.357795248483,638.675277508436,2011.02622196131,2012.70873970135,,main,main,34.69465292811085,20.620675849248723
238,241,4.60364596322635,102.794074976959,24.6420227075143,102.709209711879,24.6687827545465,640.378075013025,635.774429049799,2008.12537350267,2012.72901946589,,main,main,9.087886540934385,1.9740628652871837
243,31,5.53797463568347,102.637212248969,24.6969404730925,102.826120815999,24.6380871445027,640.400526465613,634.86255182993,2007.2134962828,2012.75147091848,SC1_KY417145.1,main,main,20.20206821262003,3.64791634877663
257,15,0.893271112078246,102.564766190205,24.8200893369689,102.583411812534,24.8665837314784,640.400526465613,639.507255353535,2011.8581998064,2012.75147091848,SC1_KY417144.1,main,main,5.484213276235495,6.139472330495678
239,11,0.37618520607476,102.712687477116,24.6403483838002,102.775993431185,24.6424998984245,640.400526465613,640.024341259538,2012.37528571241,2012.75147091848,SC1_KY417143.1,main,main,6.413593440670252,17.04903153314239
239,240,0.418634319869403,102.712687477116,24.6403483838002,102.756370675761,24.8039591569761,640.442975579408,640.024341259538,2012.37528571241,2012.79392003228,,main,main,18.654099492774577,44.5594128512777
257,258,1.1514974996561,102.564766190205,24.8200893369689,103.051376354934,24.868331940521,640.658752853191,639.507255353535,2011.8581998064,2013.00969730606,,main,main,49.474519524977275,42.96537295109461
279,137,540.604313243177,104.743362915067,26.0732757466389,141.220073825227,39.5837952664547,640.687411711515,100.083098468338,1472.43404292121,2013.03835616438,SC1_LC556375.1,main,main,3697.1639517379235,6.838946455232682
177,93,56.3310869198373,112.057537658738,29.5579389171871,113.136234334697,30.7246055638066,640.687411711515,584.356324791677,1956.70726924455,2013.03835616438,SC1_KJ473814.1,main,main,165.91378403608095,2.9453325527374745
264,65,20.6206846099406,111.196274077018,24.5177546608969,111.470628605163,24.229336968147,640.687411711515,620.066727101574,1992.41767155444,2013.03835616438,SC1_KJ473815.1,main,main,42.371424295552856,2.054802015405778
244,29,4.64151924327818,102.545738063644,24.6730192653314,102.615472774439,24.7266940154592,640.687411711515,636.045892468237,2008.39683692111,2013.03835616438,SC1_KJ473816.1,main,main,9.227460638730316,1.9880259361400832
224,56,1.46921718528247,105.475490488656,25.2064774533343,105.278700607784,25.1746737700305,640.687411711515,639.218194526232,2011.5691389791,2013.03835616438,SC1_KY770858.1,main,main,20.145651838383547,13.711826978467018
224,55,1.46921718528247,105.475490488656,25.2064774533343,105.433078255601,25.1993401821558,640.687411711515,639.218194526232,2011.5691389791,2013.03835616438,SC1_KY770859.1,main,main,4.346966731770335,2.958695811153742
187,85,1.36341044264557,114.127294611634,40.8265573408906,113.005856931297,40.0323351617067,640.687411711515,639.324001268869,2011.67494572174,2013.03835616438,SC1_KJ473813.1,main,main,129.74222396792774,95.16006325738208
187,86,1.36341044264557,114.127294611634,40.8265573408906,114.342974866039,41.10738736843,640.687411711515,639.324001268869,2011.67494572174,2013.03835616438,SC1_KJ473812.1,main,main,36.08669131543078,26.467958720785457
232,233,19.0219556550458,103.567629674669,25.8050937474199,102.306094322968,25.0233200286917,640.768520099125,621.746564444079,1994.09750889695,2013.11946455199,,main,main,153.65188223380125,8.0776070042537
243,30,6.11527084048934,102.637212248969,24.6969404730925,102.832033908667,24.9439670421462,640.977822670419,634.86255182993,2007.2134962828,2013.32876712329,SC1_KY417146.1,main,main,33.7144700587653,5.513160567728426
241,8,0.599747657393813,102.709209711879,24.6687827545465,102.691499389815,24.677742079661,640.977822670419,640.378075013025,2012.72901946589,2013.32876712329,SC1_KY417147.1,main,main,2.0489349474851086,3.416328387823471
241,7,0.599747657393813,102.709209711879,24.6687827545465,103.052523777957,25.0435794668101,640.977822670419,640.378075013025,2012.72901946589,2013.32876712329,SC1_KY417148.1,main,main,54.10685646226732,90.2160363533343
258,14,0.31906981722801,103.051376354934,24.868331940521,102.94605707801,24.7851668617709,640.977822670419,640.658752853191,2013.00969730606,2013.32876712329,SC1_KY417149.1,main,main,14.079077506436668,44.125381801236436
211,212,3.22844039570248,112.094426483725,22.8928464829988,111.97538054811,22.5952305729246,641.005245218706,637.776804823004,2010.12774927587,2013.35618967158,,main,main,35.15331821299057,10.888637826420679
233,3,0.307932708280173,102.306094322968,25.0233200286917,102.308724294799,24.9389788434841,641.076452807405,640.768520099125,2013.11946455199,2013.42739726027,SC1_KP886808.1,main,main,9.34646559990258,30.352298890570225
233,2,0.307932708280173,102.306094322968,25.0233200286917,102.136443415977,24.9753915306528,641.076452807405,640.768520099125,2013.11946455199,2013.42739726027,SC1_KP886809.1,main,main,17.9304108436181,58.228341327430826
240,10,0.795121063613809,102.756370675761,24.8039591569761,102.583843565777,25.1222176346945,641.238096643022,640.442975579408,2012.79392003228,2013.58904109589,SC1_KY417150.1,main,main,39.32403688818908,49.456666019463924
240,9,0.795121063613809,102.756370675761,24.8039591569761,102.783219026679,24.8008807559013,641.238096643022,640.442975579408,2012.79392003228,2013.58904109589,SC1_KT444582.1,main,main,2.7359943477194064,3.4409783276075823
190,75,1.20529574406041,125.914003825098,41.7550613774549,126.038894597105,41.7936458450341,641.268233629323,640.062937885262,2012.41388233813,2013.61917808219,SC1_KU182964.1,main,main,11.233363972819,9.320006337179914
248,249,1.00062746841872,103.105943980402,24.8197397584717,102.876069856847,24.8412300510821,641.358422716902,640.357795248483,2012.70873970135,2013.70936716977,,main,main,23.35916006091371,23.344512116809984
190,191,1.62150723586759,125.914003825098,41.7550613774549,124.174765586173,41.3259016367199,641.68444512113,640.062937885262,2012.41388233813,2014.035389574,,main,main,152.75257980709503,94.20406916985759
249,250,0.328893040554914,102.876069856847,24.8412300510821,102.880456512786,24.9461970373904,641.687315757457,641.358422716902,2013.70936716977,2014.03826021033,,main,main,11.635774376051017,35.3785971160075
250,24,0.35900006364718,102.880456512786,24.9461970373904,102.866332483115,24.9320712116462,642.046315821104,641.687315757457,2014.03826021033,2014.39726027397,SC1_KY417142.1,main,main,2.1174038067607057,5.898059697397879
250,25,0.811054858167743,102.880456512786,24.9461970373904,102.932253801306,24.9574012560411,642.498370615624,641.687315757457,2014.03826021033,2014.84931506849,SC1_KY417151.1,main,main,5.376198415708814,6.62864954394602
258,259,2.07779060985775,103.051376354934,24.868331940521,103.092820873409,24.9213284035617,642.736543463049,640.658752853191,2013.00969730606,2015.08748791592,,main,main,7.210880709366152,3.4704559136783395
208,209,3.27495567965365,113.766508506554,23.9372569545016,113.727797148005,24.4432761663998,642.739557588901,639.464601909248,2011.81554636212,2015.09050204177,,main,main,56.18501766069908,17.15596275386574
248,251,2.41554980737585,103.105943980402,24.8197397584717,102.080024559589,25.2559250642222,642.773345055859,640.357795248483,2012.70873970135,2015.12428950873,,main,main,114.25387770397397,47.29932595680753
270,129,25.7345017934737,122.16274718696,29.7232424706417,122.271434946825,30.2159595960428,643.183302122474,617.448800329,1989.79974478187,2015.53424657534,SC1_MG772934.1,main,main,55.616874828201574,2.161179387677366
251,253,0.600204543463378,102.080024559589,25.2559250642222,102.120329019228,25.2962868814295,643.373549599322,642.773345055859,2015.12428950873,2015.72449405219,,main,main,6.03917459028589,10.061860837370311
251,252,0.635909037941039,102.080024559589,25.2559250642222,101.54925917077,24.9182169497973,643.4092540938,642.773345055859,2015.12428950873,2015.76019854667,,main,main,65.31686913083482,102.71417016232272
176,182,65.7723372076088,112.278414277948,29.9910377898301,112.135806296057,28.01029273556,643.418010076176,577.645672868568,1949.99661732144,2015.76895452905,,main,main,219.97676092901287,3.3445179275697856
259,12,0.73990934435635,103.092820873409,24.9213284035617,103.05361458336,25.0131407281522,643.476452807405,642.736543463049,2015.08748791592,2015.82739726027,SC1_KY417152.1,main,main,10.913639263834295,14.74996815093356
253,254,0.421051918661544,102.120329019228,25.2962868814295,101.811147197727,25.0481227278703,643.794601517984,643.373549599322,2015.72449405219,2016.14554597085,,main,main,41.559436604972475,98.70382906004373
188,84,13.5093153030922,126.599733472407,35.3191360198601,126.9392730246,35.4851610131491,643.979761438291,630.470446135198,2002.82139058807,2016.33070589116,SC1_KY938558.1,main,main,35.92523107549919,2.6592932557637563
254,255,0.32964158891555,101.811147197727,25.0481227278703,102.08803391604,25.9002525971754,644.124243106899,643.794601517984,2016.14554597085,2016.47518755977,,main,main,98.41950610823422,298.5651975286651
204,36,26.9905183888421,111.967398265138,22.9716002827415,111.431815210102,22.8974331469302,644.184679471078,617.194161082236,1989.5451055351,2016.53562392395,SC1_OK017812.1,main,main,55.54635859285663,2.0579952482802084
183,73,93.3054642883094,109.784492475009,30.2141787012267,106.863954773063,32.2863611627531,644.269378924629,550.96391463632,1923.31485908919,2016.6203233775,SC1_OK017846.1,main,main,360.7690902171256,3.866537645666351
232,1,22.5228144805503,103.567629674669,25.8050937474199,101.756307929194,26.3247676402085,644.269378924629,621.746564444079,1994.09750889695,2016.6203233775,SC1_MK211374.1,main,main,190.1678999682989,8.443345308043959
249,20,2.91095620772774,102.876069856847,24.8412300510821,102.881311595247,24.8221173182942,644.269378924629,641.358422716902,2013.70936716977,2016.6203233775,SC1_OK017851.1,main,main,2.1824257934595606,0.7497281435103202
252,19,0.860124830829575,101.54925917077,24.9182169497973,101.559884253874,24.9213154709943,644.269378924629,643.4092540938,2015.76019854667,2016.6203233775,SC1_OK017847.1,main,main,1.1268432143591616,1.3100926446598937
252,18,0.860124830829575,101.54925917077,24.9182169497973,101.298294343455,24.7737588702655,644.269378924629,643.4092540938,2015.76019854667,2016.6203233775,SC1_OK017848.1,main,main,29.99181147980853,34.86913806555493
254,21,0.474777406645691,101.811147197727,25.0481227278703,101.89572711816,25.0335032262858,644.269378924629,643.794601517984,2016.14554597085,2016.6203233775,SC1_OK017850.1,main,main,8.687799680851832,18.298679674399963
255,17,0.145135817730141,102.08803391604,25.9002525971754,102.070727521427,25.8715390718537,644.269378924629,644.124243106899,2016.47518755977,2016.6203233775,SC1_OK017849.1,main,main,3.6231376106563142,24.96377301840827
191,192,2.60308130222894,124.174765586173,41.3259016367199,123.84525396414,41.3252597934234,644.287526423359,641.68444512113,2014.035389574,2016.63847087623,,main,main,27.586726072457097,10.59771972885957
212,214,3.28882494805235,111.97538054811,22.5952305729246,111.946603322919,22.5785367385077,644.294070166759,641.005245218706,2013.35618967158,2016.64501461963,,main,main,3.4891907769558443,1.0609232270091333
225,57,11.5183984942482,104.1676329016,25.44089209573,104.164073501123,25.380309413264,644.354078378181,632.835679883933,2005.1866243368,2016.70502283105,SC1_MK211375.1,main,main,6.720839119595835,0.5834872897436165
247,23,5.67880086974508,102.844620354199,24.6169406443791,102.236489530273,24.5373989277622,644.354078378181,638.675277508436,2011.02622196131,2016.70502283105,SC1_MK211378.1,main,main,62.22613122731662,10.957618105406455
253,16,0.980528778859283,102.120329019228,25.2962868814295,102.274757210425,24.9113868779227,644.354078378181,643.373549599322,2015.72449405219,2016.70502283105,SC1_MK211376.1,main,main,45.393212972131884,46.29462587007487
255,22,0.229835271282189,102.08803391604,25.9002525971754,102.064272548879,25.9021218447495,644.354078378181,644.124243106899,2016.47518755977,2016.70502283105,SC1_MK211377.1,main,main,2.3899094798383356,10.398358208927965
191,196,2.7232479879302,124.174765586173,41.3259016367199,124.116254817347,41.0874006343835,644.40769310906,641.68444512113,2014.035389574,2016.75863756193,,main,main,26.93818901271199,9.89193387165093
214,215,0.151876940460576,111.946603322919,22.5785367385077,111.928663992215,22.5681557765166,644.445947107219,644.294070166759,2016.64501461963,2016.79689156009,,main,main,2.173756721363974,14.312618589576042
214,218,0.252870636687476,111.946603322919,22.5785367385077,111.822338007032,22.4462584274756,644.546940803446,644.294070166759,2016.64501461963,2016.89788525631,,main,main,19.443033712907393,76.88925043889982
173,174,11.7962215153314,115.301856054406,29.9461738730248,115.705700434993,30.8025248553759,644.713411895993,632.917190380662,2005.26813483353,2017.06435634886,,main,main,102.5635266427887,8.694608397230263
270,128,27.323542889364,122.16274718696,29.7232424706417,122.023423308301,29.8851207527858,644.772343218364,617.448800329,1989.79974478187,2017.12328767123,SC1_MG772933.1,main,main,22.43674555044273,0.8211506700024794
218,219,0.415204387024857,111.822338007032,22.4462584274756,111.793734729281,22.4362553111838,644.962145190471,644.546940803446,2016.89788525631,2017.31308964334,,main,main,3.1458820663180336,7.576707194400861
170,171,13.4350814486568,118.061827337336,27.4889523155306,117.430368842677,28.011588882201,645.086476830808,631.651395382151,2004.00233983502,2017.43742128368,,main,main,85.02819539847674,6.328818751372557
215,216,0.699402003262728,111.928663992215,22.5681557765166,112.166224779316,23.7803303532111,645.145349110482,644.445947107219,2016.79689156009,2017.49629356335,,main,main,136.42980079613534,195.0663569158894
211,220,7.37734600558508,112.094426483725,22.8928464829988,115.751034192893,26.5512735344855,645.154150828589,637.776804823004,2010.12774927587,2017.50509528146,,main,main,548.6407880016121,74.36831451124282
263,4,11.9677714910608,103.983249553555,26.1692125285991,113.182239804341,24.5415417562973,645.268233629323,633.300462138262,2005.65140659113,2017.61917808219,SC1_OK017792.1,main,main,943.1120897733417,78.80431962440036
212,213,4.30894390258706,111.97538054811,22.5952305729246,111.935818914343,22.6712702252695,645.314189121293,641.005245218706,2013.35618967158,2017.66513357416,,main,main,9.351190970117095,2.170181645786269
216,217,0.189614218504556,112.166224779316,23.7803303532111,112.16237923956,23.7942400235955,645.334963328986,645.145349110482,2017.49629356335,2017.68590778186,,main,main,1.5896411005462792,8.383554319309043
200,66,76.5445247013953,103.358066993875,24.8622361557771,116.044467599188,23.618904908399,645.353165136172,568.808640434777,1941.15958488765,2017.70410958904,SC1_OK017823.1,main,main,1295.308140174664,16.922283406001114
208,38,5.88856322692473,113.766508506554,23.9372569545016,113.720618247014,23.9624376843077,645.353165136172,639.464601909248,2011.81554636212,2017.70410958904,SC1_OK017822.1,main,main,5.440458870745874,0.9239025991722473
209,39,2.61360754727108,113.727797148005,24.4432761663998,113.356546756814,24.3954886162362,645.353165136172,642.739557588901,2015.09050204177,2017.70410958904,SC1_OK017824.1,main,main,38.02218578632356,14.547779304518494
215,45,0.907218028953218,111.928663992215,22.5681557765166,112.040627985654,22.7270524101848,645.353165136172,644.445947107219,2016.79689156009,2017.70410958904,SC1_OK017815.1,main,main,21.02534696726647,23.17562735335661
218,47,0.806224332726318,111.822338007032,22.4462584274756,111.801320808098,22.4652663751586,645.353165136172,644.546940803446,2016.89788525631,2017.70410958904,SC1_OK017820.1,main,main,3.018321098080857,3.7437732595766993
219,49,0.391019945701461,111.793734729281,22.4362553111838,111.661396299374,22.2550742220537,645.353165136172,644.962145190471,2017.31308964334,2017.70410958904,SC1_OK017817.1,main,main,24.25620512059372,62.033165794342985
219,43,0.391019945701461,111.793734729281,22.4362553111838,111.783031973899,22.3753358749347,645.353165136172,644.962145190471,2017.31308964334,2017.70410958904,SC1_OK017816.1,main,main,6.835381754122328,17.48090303132787
216,46,0.20781602569049,112.166224779316,23.7803303532111,112.182477579844,23.7997156964476,645.353165136172,645.145349110482,2017.49629356335,2017.70410958904,SC1_OK017818.1,main,main,2.711727470454491,13.048692762959446
213,51,0.038976014879081,111.935818914343,22.6712702252695,111.969607625726,22.6894714779256,645.353165136172,645.314189121293,2017.66513357416,2017.70410958904,SC1_OK017813.1,main,main,4.014829889344585,103.00770619572509
213,50,0.038976014879081,111.935818914343,22.6712702252695,112.01572921571,22.6550122222422,645.353165136172,645.314189121293,2017.66513357416,2017.70410958904,SC1_OK017819.1,main,main,8.407820099671026,215.71779787531915
217,48,0.0182018071859336,112.16237923956,23.7942400235955,112.146033607297,23.8069007055028,645.353165136172,645.334963328986,2017.68590778186,2017.70410958904,SC1_OK017814.1,main,main,2.177382698484346,119.62453377525243
217,44,0.0182018071859336,112.16237923956,23.7942400235955,112.223121516503,23.8449806995972,645.353165136172,645.334963328986,2017.68590778186,2017.70410958904,SC1_OK017821.1,main,main,8.359949253602958,459.29226522427655
207,210,8.73621067611848,112.871388825386,23.3742151516044,112.873339409351,23.7635723014352,645.66520330759,636.928992631472,2009.27993708434,2018.01614776046,,main,main,43.1225579925396,4.936071208816023
198,265,105.977719622669,101.450326687064,25.8074791036951,105.814948411663,26.3882676267093,645.670419341012,539.692699718343,1912.04364417121,2018.02136379388,,main,main,441.30575118982836,4.1641370729723794
277,131,21.0034052519689,101.257984296615,21.861603325702,101.105801899017,22.0885827497396,646.268233629323,625.264828377354,1997.61577283022,2018.61917808219,SC1_MW703458.1,main,main,29.643306161029326,1.4113571492532386
153,155,22.5495951794558,116.778782542816,28.1061899857799,117.728424774932,28.4931286575601,646.476109652298,623.926514472842,1996.27745892571,2018.82705410517,,main,main,102.54509688627235,4.547536045334323
192,193,2.28941648457306,123.84525396414,41.3252597934234,123.867082006407,41.3999582527424,646.576942907932,644.287526423359,2016.63847087623,2018.9278873608,,main,main,8.494745045491086,3.710441111406264
225,226,13.8141424320721,104.1676329016,25.44089209573,104.292025340816,25.4071393166809,646.649822316005,632.835679883933,2005.1866243368,2019.00076676887,,main,main,13.060659732919385,0.9454557021648072
226,227,0.0374167744712741,104.292025340816,25.4071393166809,104.304584104885,25.4163594538781,646.687239090477,646.649822316005,2019.00076676887,2019.03818354335,,main,main,1.6247504924888765,43.4230506356512
193,194,0.342829123817132,123.867082006407,41.3999582527424,124.235935694728,41.764668870709,646.919772031749,646.576942907932,2018.9278873608,2019.27071648462,,main,main,50.86140768552236,148.35789654980502
227,228,0.239491009903422,104.304584104885,25.4163594538781,104.289191014528,25.4593867172219,646.92673010038,646.687239090477,2019.03818354335,2019.27767455325,,main,main,5.01172173085075,20.926554749891427
271,272,42.2285504771828,111.204619640811,27.9957124196249,110.4435630877,28.4759402188139,647.137399956995,604.908849479812,1977.25979393268,2019.48834440986,,main,main,91.71546732601793,2.17188291545963
278,133,17.1597748116773,101.18509117428,21.688196222449,101.336122939825,21.2252597015092,647.166863766309,630.007088954632,2002.3580334075,2019.51780821918,SC1_EPI_ISL_412977,main,main,53.59494703968286,3.123289648487186
275,276,33.1577061010503,102.376921976294,18.8952132746025,102.187301154621,18.9163774565577,647.260357668611,614.102651567561,1986.45359602043,2019.61130212148,,main,main,20.11365946174761,0.6066058792019539
210,42,1.60303032173285,112.873339409351,23.7635723014352,113.049808936766,23.639430136435,647.268233629323,645.66520330759,2018.01614776046,2019.61917808219,SC1_OK017826.1,main,main,22.64823549100623,14.12838870478997
210,41,1.60303032173285,112.873339409351,23.7635723014352,113.561352354375,23.8538216368576,647.268233629323,645.66520330759,2018.01614776046,2019.61917808219,SC1_OK017825.1,main,main,70.81851411112518,44.17790053688535
264,64,27.2864380345983,111.196274077018,24.5177546608969,110.821720237699,24.0659751133185,647.353165136172,620.066727101574,1992.41767155444,2019.70410958904,SC1_OK017859.1,main,main,62.848357563980244,2.303281853215528
206,40,10.6745687543685,112.997496236089,23.4341942200425,113.050830165649,23.0171826902501,647.353165136172,636.678596381804,2009.02954083467,2019.70410958904,SC1_OK017827.1,main,main,46.50434313942867,4.356554743290876
209,37,4.61360754727108,113.727797148005,24.4432761663998,113.724897629685,24.169591565464,647.353165136172,642.739557588901,2015.09050204177,2019.70410958904,SC1_OK017828.1,main,main,30.31546519901507,6.570880788710881
220,221,2.40542897020356,115.751034192893,26.5512735344855,115.740861262728,26.564584627582,647.559579798792,645.154150828589,2017.50509528146,2019.91052425166,,main,main,1.7895681437590456,0.743970479247867
228,229,0.986819230172684,104.289191014528,25.4593867172219,104.330233758698,25.5015643282763,647.913549330553,646.92673010038,2019.27767455325,2020.26449378342,,main,main,6.234092465553395,6.317360135414556
229,230,0.0689156352157465,104.330233758698,25.5015643282763,104.430415492917,25.5202796213449,647.982464965769,647.913549330553,2020.26449378342,2020.33340941864,,main,main,10.282326507822683,149.20165033135004
278,132,18.0764976202708,101.18509117428,21.688196222449,101.356163150393,21.6846165198841,648.083586574903,630.007088954632,2002.3580334075,2020.43453102777,SC1_MZ081381.1,main,main,17.708270320055473,0.9796294996989682
259,13,5.36616879491423,103.092820873409,24.9213284035617,102.885783815328,24.9694001799715,648.102712257963,642.736543463049,2015.08748791592,2020.45365671083,SC1_OK017858.1,main,main,21.577042472653122,4.020939947528803
226,60,1.45288994195748,104.292025340816,25.4071393166809,104.492395965901,25.2403064429434,648.102712257963,646.649822316005,2019.00076676887,2020.45365671083,SC1_OK017855.1,main,main,27.359736096056093,18.83125163575315
227,58,1.4154731674862,104.304584104885,25.4163594538781,104.443655112347,25.3682925465568,648.102712257963,646.687239090477,2019.03818354335,2020.45365671083,SC1_OK017856.1,main,main,14.973123758997016,10.578175625602592
228,61,1.17598215758278,104.289191014528,25.4593867172219,104.264866551643,25.3815116888755,648.102712257963,646.92673010038,2019.27767455325,2020.45365671083,SC1_OK017854.1,main,main,8.967297505089416,7.625368673553355
229,62,0.189162927410097,104.330233758698,25.5015643282763,104.261179243269,25.4677553158416,648.102712257963,647.913549330553,2020.26449378342,2020.45365671083,SC1_OK017853.1,main,main,7.889200567546355,41.70584942599726
230,59,0.12024729219435,104.430415492917,25.5202796213449,104.342635708532,25.4474343089208,648.102712257963,647.982464965769,2020.33340941864,2020.45365671083,SC1_OK017857.1,main,main,11.95936827721254,99.45644562110539
230,63,0.12024729219435,104.430415492917,25.5202796213449,104.41835720238,25.5078362487462,648.102712257963,647.982464965769,2020.33340941864,2020.45365671083,SC1_OK017852.1,main,main,1.8356414861582935,15.265553615888773
275,134,34.0492410182705,102.376921976294,18.8952132746025,101.205357863158,13.8248989565282,648.151892585832,614.102651567561,1986.45359602043,2020.5028370387,SC1_MW251308.1,main,main,574.8773628373428,16.883705646445073
174,98,3.47126757508458,115.705700434993,30.8025248553759,115.737899263414,30.7958449578048,648.184679471078,644.713411895993,2017.06435634886,2020.53562392395,SC1_OK017801.1,main,main,3.169290661513722,0.9130067311035508
174,99,3.47126757508458,115.705700434993,30.8025248553759,115.603038205093,30.9607152665131,648.184679471078,644.713411895993,2017.06435634886,2020.53562392395,SC1_OK017802.1,main,main,20.098658974880887,5.790005679522175
276,136,0.940715245089212,102.187301154621,18.9163774565577,102.177761203603,18.9024919746434,648.201072913701,647.260357668611,2019.61130212148,2020.55201736657,SC1_MZ937002.1,main,main,1.836418484703121,1.9521512958248761
276,135,0.948911966400591,102.187301154621,18.9163774565577,102.059327290911,18.7272606364638,648.209269635012,647.260357668611,2019.61130212148,2020.56021408788,SC1_MZ937004.1,main,main,24.902903925514252,26.243639881553868
265,266,2.6370671985027,105.814948411663,26.3882676267093,105.713775452804,26.5461538280453,648.307486539515,645.670419341012,2018.02136379388,2020.65843099238,,main,main,20.19381115033617,7.657677878592556
194,195,1.41841933440901,124.235935694728,41.764668870709,124.407807767614,41.893032548333,648.338191366158,646.919772031749,2019.27071648462,2020.68913581903,,main,main,20.177411551543123,14.225279550317271
263,5,15.0536162399193,103.983249553555,26.1692125285991,103.957830068843,26.1538742234584,648.354078378181,633.300462138262,2005.65140659113,2020.70502283105,SC1_OK017793.1,main,main,3.057240174118267,0.20309008316626626
192,80,4.06655195482244,123.84525396414,41.3252597934234,123.228659382117,41.491765434723,648.354078378181,644.287526423359,2016.63847087623,2020.70502283105,SC1_OK017797.1,main,main,54.77170546019362,13.46883208887593
196,81,3.94638526912119,124.116254817347,41.0874006343835,123.716506514496,40.7718730658238,648.354078378181,644.40769310906,2016.75863756193,2020.70502283105,SC1_OK017794.1,main,main,48.594005888205736,12.31354836752343
196,82,3.94638526912119,124.116254817347,41.0874006343835,124.328166784778,41.1774754070125,648.354078378181,644.40769310906,2016.75863756193,2020.70502283105,SC1_OK017799.1,main,main,20.412657913021942,5.172494959562725
193,77,1.77713547024938,123.867082006407,41.3999582527424,123.859611460514,40.8509624300793,648.354078378181,646.576942907932,2018.9278873608,2020.70502283105,SC1_OK017798.1,main,main,60.97269130888131,34.309534827035556
194,79,1.43430634643225,124.235935694728,41.764668870709,124.241418576434,41.8359345659454,648.354078378181,646.919772031749,2019.27071648462,2020.70502283105,SC1_OK017795.1,main,main,7.928544003785545,5.527789808298148
195,78,0.0158870120232393,124.407807767614,41.893032548333,124.397300187388,41.8881532499558,648.354078378181,648.338191366158,2020.68913581903,2020.70502283105,SC1_OK017800.1,main,main,1.0267333786288744,64.62721732236264
195,76,0.0158870120232393,124.407807767614,41.893032548333,124.410895248661,41.8923195535571,648.354078378181,648.338191366158,2020.68913581903,2020.70502283105,SC1_OK017796.1,main,main,0.2681886204448436,16.880998141912464
155,156,2.03793315110868,117.728424774932,28.4931286575601,117.624554050981,28.3681237337375,648.514042803406,646.476109652298,2018.82705410517,2020.86498725628,,main,main,17.18954140765789,8.434791591817625
179,90,34.3184444764635,110.62699437342,28.7643286581924,110.768819197242,29.0719931599096,648.772343218364,614.453898741901,1986.80484319477,2021.12328767123,SC1_OK017833.1,main,main,36.797675815564304,1.0722419496839704
181,95,15.6404875959318,109.752011141411,28.6241941229555,110.064832564531,28.8319672779611,648.772343218364,633.131855622432,2005.4828000753,2021.12328767123,SC1_OK017832.1,main,main,38.265051879478946,2.446538296506303
272,126,1.63494326136893,110.4435630877,28.4759402188139,110.477294984119,28.5840971229023,648.772343218364,647.137399956995,2019.48834440986,2021.12328767123,SC1_OK017804.1,main,main,12.433185244161836,7.60465854561313
272,125,1.63494326136893,110.4435630877,28.4759402188139,110.677393180101,28.6570535443962,648.772343218364,647.137399956995,2019.48834440986,2021.12328767123,SC1_OK017803.1,main,main,30.43574599419543,18.615781179287975
271,127,43.9402060673189,111.204619640811,27.9957124196249,111.242794163436,28.5697271880284,648.849055547131,604.908849479812,1977.25979393268,2021.2,SC1_OK017805.1,main,main,63.724771383228266,1.450261095398558
182,89,5.43104547095482,112.135806296057,28.01029273556,112.091114095329,27.8520147816388,648.849055547131,643.418010076176,2015.76895452905,2021.2,SC1_OK017835.1,main,main,18.083266648104775,3.3296106145334106
182,88,5.43104547095482,112.135806296057,28.01029273556,112.187433877831,27.9998719448166,648.849055547131,643.418010076176,2015.76895452905,2021.2,SC1_OK017834.1,main,main,5.207607132157009,0.958859055776138
265,70,3.17863620611913,105.814948411663,26.3882676267093,105.713247237802,26.2723885954495,648.849055547131,645.670419341012,2018.02136379388,2021.2,SC1_OK017829.1,main,main,16.368318912907835,5.149478534661346
266,68,0.541569007616425,105.713775452804,26.5461538280453,106.024595283042,26.1562222440685,648.849055547131,648.307486539515,2020.65843099238,2021.2,SC1_OK017831.1,main,main,53.18808103614345,98.21108720795701
266,69,0.541569007616425,105.713775452804,26.5461538280453,105.716745368104,26.5411886072503,648.849055547131,648.307486539515,2020.65843099238,2021.2,SC1_OK017830.1,main,main,0.624686469499633,1.153475292556027
273,130,107.537515717203,101.611179461116,22.1544020971249,101.432390315358,22.1291558833635,648.973987053981,541.436471336777,1913.78741578965,2021.32493150685,SC1_OK017806.1,main,main,18.654405232689452,0.1734688132627679
169,120,34.8792049861358,116.925755312017,27.9303249075592,117.807755148846,27.9114580662682,649.016178834802,614.136973848667,1986.48791830154,2021.36712328767,SC1_OK017808.1,main,main,86.84340907246339,2.4898333865976285
170,123,17.3647834526515,118.061827337336,27.4889523155306,118.313448658103,27.6536026063411,649.016178834802,631.651395382151,2004.00233983502,2021.36712328767,SC1_OK017811.1,main,main,30.82652100981151,1.7752321008704823
171,121,3.92970200399467,117.430368842677,28.011588882201,117.557766149347,27.7374997163106,649.016178834802,645.086476830808,2017.43742128368,2021.36712328767,SC1_OK017810.1,main,main,32.8627558403188,8.362658493420808
171,122,3.92970200399467,117.430368842677,28.011588882201,117.366451847874,27.6681894529002,649.016178834802,645.086476830808,2017.43742128368,2021.36712328767,SC1_OK017809.1,main,main,38.57180338861901,9.815452507444462
172,100,69.9862990105904,115.538716310823,30.082669287341,117.599874800739,31.7825973912922,649.183302122474,579.197003111883,1951.54794756475,2021.53424657534,SC1_OK017807.1,main,main,272.61216113928924,3.8952218504658647
169,119,35.0463282738071,116.925755312017,27.9303249075592,117.013865883061,28.1526925910958,649.183302122474,614.136973848667,1986.48791830154,2021.53424657534,SC1_OK017837.1,main,main,26.121304231154603,0.7453364023493761
173,97,16.2661117418121,115.301856054406,29.9461738730248,114.921122549051,29.4084623071765,649.183302122474,632.917190380662,2005.26813483353,2021.53424657534,SC1_OK017836.1,main,main,70.07701350619706,4.308160094957656
181,94,16.0514465000415,109.752011141411,28.6241941229555,117.48171707246,29.4367983435623,649.183302122474,633.131855622432,2005.4828000753,2021.53424657534,SC1_OK017860.1,main,main,758.1747577683175,47.23404571459384
154,102,14.3942624031304,116.682518643597,27.8135388688101,116.702699628689,27.7229010860827,649.183302122474,634.789039719343,2007.13998417221,2021.53424657534,SC1_OK017844.1,main,main,10.239187925089231,0.7113381455976833
154,101,14.3942624031304,116.682518643597,27.8135388688101,115.870589604084,27.8132466602691,649.183302122474,634.789039719343,2007.13998417221,2021.53424657534,SC1_OK017845.1,main,main,79.99987241933165,5.5577611536339395
220,54,4.02915129388488,115.751034192893,26.5512735344855,115.703126137089,26.5777882950128,649.183302122474,645.154150828589,2017.50509528146,2021.53424657534,SC1_OK017841.1,main,main,5.60487661727269,1.3910812000977275
155,103,2.70719247017596,117.728424774932,28.4931286575601,117.866940512678,29.1547030150107,649.183302122474,646.476109652298,2018.82705410517,2021.53424657534,SC1_OK017838.1,main,main,74.5601288484251,27.541495357210007
221,53,1.62372232368132,115.740861262728,26.564584627582,115.366661027708,26.3949462587739,649.183302122474,647.559579798792,2019.91052425166,2021.53424657534,SC1_OK017842.1,main,main,41.777204295763845,25.729278760574118
221,52,1.62372232368132,115.740861262728,26.564584627582,115.641428564327,26.5851025318202,649.183302122474,647.559579798792,2019.91052425166,2021.53424657534,SC1_OK017843.1,main,main,10.163528613841757,6.259400678066001
156,105,0.669259319067281,117.624554050981,28.3681237337375,117.57104908643,28.5839761756816,649.183302122474,648.514042803406,2020.86498725628,2021.53424657534,SC1_OK017840.1,main,main,24.489383004677755,36.591769896917675
156,104,0.669259319067281,117.624554050981,28.3681237337375,118.382036497277,28.3322699246391,649.183302122474,648.514042803406,2020.86498725628,2021.53424657534,SC1_OK017839.1,main,main,74.3712263236032,111.12467799066481
262,32,1.42661577127026,107.514277570139,23.3705433581614,106.938585168965,23.4959291875938,647.687411711515,646.260795940245,2018.61174039311,2020.03835616438,Ghost1,,,60.44800995613788,42.37161201597745
262,33,1.42661577127026,107.514277570139,23.3705433581614,107.651105423977,23.3177409952042,647.687411711515,646.260795940245,2018.61174039311,2020.03835616438,Ghost2,,,15.164968786609924,10.630030237999557
236,261,9.66201430400123,104.382950839684,25.7561002124552,106.458249878476,22.779412511518,630.085480131913,620.423465827912,1992.77441028078,2002.43642458478,sc_ghost_mrca,,,391.2720451484224,40.49590828968127
236,261,10.17901437674982,104.382950839684,25.7561002124552,109.69687752932518,21.653213622305277,630.085480131913,620.423465827912,1992.77441028078,2002.95342465753,ghostMRCAparent_to_SC1_AY394995.1,,,707.0678341551062,69.46329064728901
261,34,0.517000072752193,106.458249878476,22.779412511518,109.66392992465455,21.57868711139178,630.602480204666,630.085480131913,2002.43642458478,2002.95342465753,SC1_AY394995.1,,,356.3285400432592,689.2233847209797
