node1,node2,length,startLon,startLat,endLon,endLat,endNodeL,startNodeL,startYear,endYear,tipLabel,startClade,endClade,distance,dispersal_velocity
141,142,681.375855633745,114.129941611735,26.9912873415676,113.860387783086,26.9421144977704,681.375855633745,0.0,1176.1492863279,1857.52514196165,,main,main,27.311398077679616,0.0400827206480297
141,262,273.32236154901,114.129941611735,26.9912873415676,114.938414906099,26.9214124202503,273.32236154901,0.0,1176.1492863279,1449.47164787691,,main,main,80.64824024056934,0.29506638162903526
262,263,300.396206112901,114.938414906099,26.9214124202503,118.331158939334,27.5153726324499,573.71856766191,273.32236154901,1449.47164787691,1749.86785398981,,main,main,342.4641632026338,1.1400415725421047
142,157,14.3892652120167,113.860387783086,26.9421144977704,117.240619529281,26.5709865295445,695.765120845761,681.375855633745,1857.52514196165,1871.91440717367,,main,main,338.7184047593738,23.539659584320177
142,143,37.6211371681458,113.860387783086,26.9421144977704,104.861301889908,30.5425789630638,718.99699280189,681.375855633745,1857.52514196165,1895.14627912979,,main,main,964.9215842325223,25.64838962522194
157,158,27.4533843948847,117.240619529281,26.5709865295445,101.986945677723,23.8072567659376,723.218505240646,695.765120845761,1871.91440717367,1899.36779156855,,main,main,1566.624911831359,57.06491007801804
157,209,42.0162098592773,117.240619529281,26.5709865295445,117.687312410062,26.7686875996078,737.781330705039,695.765120845761,1871.91440717367,1913.93061703294,,main,main,49.56788811076274,1.1797324955482151
209,210,11.062826210033,117.687312410062,26.7686875996078,117.06801297849,26.4493973406816,748.844156915072,737.781330705039,1913.93061703294,1924.99344324298,,main,main,71.10451588936726,6.427337331294401
209,251,15.8735674660838,117.687312410062,26.7686875996078,110.811653204251,29.6975593228224,753.654898171122,737.781330705039,1913.93061703294,1929.80418449903,,main,main,748.6393158778077,47.16263798149881
251,252,14.8020513123546,110.811653204251,29.6975593228224,110.820314622308,29.5538935191681,768.456949483477,753.654898171122,1929.80418449903,1944.60623581138,,main,main,15.94687948462207,1.0773425350385006
252,254,4.16188324458483,110.820314622308,29.5538935191681,110.840214940264,29.7304170025492,772.618832728062,768.456949483477,1944.60623581138,1948.76811905597,,main,main,19.66165312242085,4.724220254857776
251,256,19.8990631894502,110.811653204251,29.6975593228224,110.503471060875,29.732032455148,773.553961360573,753.654898171122,1929.80418449903,1949.70324768848,,main,main,30.06383698382317,1.510816700143049
210,248,27.6747031235429,117.06801297849,26.4493973406816,116.767131255654,26.576483605415,776.518860038614,748.844156915072,1924.99344324298,1952.66814636652,,main,main,33.13242189136877,1.1972096590688621
263,268,207.28313272868,118.331158939334,27.5153726324499,117.550832519266,27.4168517385423,781.00170039059,573.71856766191,1749.86785398981,1957.15098671849,,main,main,77.89798003444781,0.37580472182660013
210,211,34.1542378708668,117.06801297849,26.4493973406816,117.022726736574,26.8865272756949,782.998394785938,748.844156915072,1924.99344324298,1959.14768111384,,main,main,48.64260433406344,1.4242040626986165
268,273,4.20447088420986,117.550832519266,27.4168517385423,117.536029529,27.9988049259771,785.2061712748,781.00170039059,1957.15098671849,1961.3554576027,,main,main,64.50552704098345,15.342127182575528
268,269,7.58059279087025,117.550832519266,27.4168517385423,117.586177467313,27.3427416274345,788.58229318146,781.00170039059,1957.15098671849,1964.73157950936,,main,main,8.925400400319877,1.1774013783024009
158,161,69.4876514442216,101.986945677723,23.8072567659376,102.954065042036,25.7214548033263,792.706156684868,723.218505240646,1899.36779156855,1968.85544301277,,main,main,233.50634131113836,3.3604005381960005
161,163,3.7862614072988,102.954065042036,25.7214548033263,102.805557780197,25.7855641005024,796.492418092166,792.706156684868,1968.85544301277,1972.64170442007,,main,main,16.505324292050812,4.359266969848778
211,212,16.2172307635887,117.022726736574,26.8865272756949,117.820177427313,26.0036494015609,799.215625549527,782.998394785938,1959.14768111384,1975.36491187743,,main,main,126.07185696204922,7.773944812150584
163,164,3.9614693119992,102.805557780197,25.7855641005024,102.875034746883,25.873963103036,800.453887404166,796.492418092166,1972.64170442007,1976.60317373207,,main,main,12.018003360017948,3.0337237053978154
273,274,15.7438134671114,117.536029529,27.9988049259771,101.540456711069,21.3758057719194,800.949984741911,785.2061712748,1961.3554576027,1977.09927106982,,main,main,1775.1094159253848,112.74964732233158
163,171,5.22692057943447,102.805557780197,25.7855641005024,102.824901151012,25.1486133491219,801.719338671601,796.492418092166,1972.64170442007,1977.86862499951,,main,main,70.58814637149003,13.50472908450569
269,270,15.8861915581272,117.586177467313,27.3427416274345,114.438625136877,27.7854440499922,804.468484739588,788.58229318146,1964.73157950936,1980.61777106749,,main,main,314.6737041537796,19.808001370397427
164,165,4.49619598010199,102.875034746883,25.873963103036,113.072080533422,24.0740884937569,804.950083384268,800.453887404166,1976.60317373207,1981.09936971217,,main,main,1048.4283072152812,233.18118512963463
171,178,6.9763799953916,102.824901151012,25.1486133491219,103.283269951317,25.3189860975569,808.695718666992,801.719338671601,1977.86862499951,1984.8450049949,,main,main,49.891852922555735,7.151538900620793
158,159,86.4766121349212,101.986945677723,23.8072567659376,98.255198004881,24.5763172970592,809.695117375567,723.218505240646,1899.36779156855,1985.84440370347,,main,main,388.5826631353255,4.4935000752464385
212,225,11.0464432561564,117.820177427313,26.0036494015609,117.857620620035,26.5764720999179,810.262068805683,799.215625549527,1975.36491187743,1986.41135513359,,main,main,63.57450789666763,5.755201599504557
178,179,4.00577343447821,103.283269951317,25.3189860975569,103.007280226701,25.299304114581,812.701492101471,808.695718666992,1984.8450049949,1988.85077842937,,main,main,27.876461219383646,6.9590708699217325
159,160,4.22856445169541,98.255198004881,24.5763172970592,98.5174525006289,24.6241609810773,813.923681827263,809.695117375567,1985.84440370347,1990.07296815517,,main,main,27.0831769409621,6.404815925202064
256,257,40.7271027174076,110.503471060875,29.732032455148,110.50211947785,29.7546881635258,814.28106407798,773.553961360573,1949.70324768848,1990.43035040588,,main,main,2.5147439037994417,0.06174620181672262
212,213,15.169107057217,117.820177427313,26.0036494015609,114.204706968994,22.2773535719596,814.384732606744,799.215625549527,1975.36491187743,1990.53401893465,,main,main,552.5404980408509,36.42538060788285
252,253,46.3694125423454,110.820314622308,29.5538935191681,111.615434506655,28.9755406686882,814.826362025822,768.456949483477,1944.60623581138,1990.97564835373,,main,main,100.40462264860516,2.1653201354861635
178,187,6.34405362539958,103.283269951317,25.3189860975569,103.068878794777,25.0624778671365,815.039772292392,808.695718666992,1984.8450049949,1991.1890586203,,main,main,35.698252942246725,5.627041486427895
179,185,3.03529131941862,103.007280226701,25.299304114581,102.894807392763,25.0846902843124,815.736783420889,812.701492101471,1988.85077842937,1991.88606974879,,main,main,26.338526839513566,8.677429632869128
254,255,43.9243634286146,110.840214940264,29.7304170025492,107.43176833843,32.5429846047632,816.543196156676,772.618832728062,1948.76811905597,1992.69248248458,,main,main,450.3881239978501,10.253720005067711
187,200,3.30134876493404,103.068878794777,25.0624778671365,103.085640819906,25.0569462374821,818.341121057326,815.039772292392,1991.1890586203,1994.49040738523,,main,main,1.7988888574839013,0.5448951278917187
274,275,17.8278773524746,101.540456711069,21.3758057719194,101.380700207063,21.8463383807933,818.777862094386,800.949984741911,1977.09927106982,1994.92714842229,,main,main,54.6626030931601,3.0661307576009684
179,180,7.11926556935288,103.007280226701,25.299304114581,102.91806751615,25.0343911280006,819.820757670824,812.701492101471,1988.85077842937,1995.97004399873,,main,main,30.69310762573405,4.3112744322760195
270,271,15.9820174157383,114.438625136877,27.7854440499922,114.453583988295,27.5220551962051,820.450502155326,804.468484739588,1980.61777106749,1996.59978848323,,main,main,29.224443605538717,1.8285828907156572
187,188,5.64423085971762,103.068878794777,25.0624778671365,102.710550588529,25.0991222242194,820.68400315211,815.039772292392,1991.1890586203,1996.83328948001,,main,main,36.376753731562886,6.4449443397470825
180,182,1.42546332778972,102.91806751615,25.0343911280006,102.925722411762,25.0423761908489,821.246220998613,819.820757670824,1995.97004399873,1997.39550732652,,main,main,1.1743888411726775,0.8238646468679409
143,144,102.880991685676,104.861301889908,30.5425789630638,109.095836558944,38.5610274608126,821.877984487566,718.99699280189,1895.14627912979,1998.02727081547,,main,main,970.3942313269853,9.432201375855247
180,181,2.35489997823121,102.91806751615,25.0343911280006,102.871775536892,25.0405127959841,822.175657649055,819.820757670824,1995.97004399873,1998.32494397696,,main,main,4.720720654301865,2.0046374359592325
225,228,12.1752892163532,117.857620620035,26.5764720999179,117.96749461633,26.5481557091936,822.437358022037,810.262068805683,1986.41135513359,1998.58664434994,,main,main,11.388123589928123,0.9353472749240488
200,201,4.43934118174575,103.085640819906,25.0569462374821,103.257708487608,24.9896938236664,822.780462239072,818.341121057326,1994.49040738523,1998.92974856698,,main,main,18.89736656819986,4.256795275367541
182,183,3.04208010877408,102.925722411762,25.0423761908489,105.815598991409,25.4417907850632,824.288301107387,821.246220998613,1997.39550732652,2000.43758743529,,main,main,294.4952656503915,96.80720267720675
144,145,2.67548488034893,109.095836558944,38.5610274608126,112.380947245875,35.1169011182637,824.553469367915,821.877984487566,1998.02727081547,2000.70275569582,,main,main,481.5320408325762,179.97935416094595
213,215,10.3462586664789,114.204706968994,22.2773535719596,114.18058455374,22.2541368705039,824.730991273223,814.384732606744,1990.53401893465,2000.88027760113,,main,main,3.5764385389779836,0.3456745722553193
228,238,2.36402675753086,117.96749461633,26.5481557091936,117.65211803317,26.3792350733836,824.801384779567,822.437358022037,1998.58664434994,2000.95067110747,,main,main,36.59728045185617,15.480907876897597
257,258,10.7639921139661,110.50211947785,29.7546881635258,111.171934114206,30.7840448353054,825.045056191946,814.28106407798,1990.43035040588,2001.19434251985,,main,main,131.0546488225781,12.175282872284612
215,216,2.47976921583409,114.18058455374,22.2541368705039,114.091418152855,22.3742917617257,827.210760489057,824.730991273223,2000.88027760113,2003.36004681696,,main,main,16.168906288899457,6.5203270472332715
275,277,8.48812490523988,101.380700207063,21.8463383807933,101.359356555018,21.8219604758842,827.265986999626,818.777862094386,1994.92714842229,2003.41527332753,,main,main,3.4864245687578888,0.4107414308436546
216,217,0.0804339529855049,114.091418152855,22.3742917617257,114.142306439433,22.4899301345427,827.291194442043,827.210760489057,2003.36004681696,2003.44048076995,,main,main,13.835519131928455,172.01093093636428
188,199,6.95745028416084,102.710550588529,25.0991222242194,102.674182991859,25.1037401467517,827.64145343627,820.68400315211,1996.83328948001,2003.79073976417,,main,main,3.703788611019455,0.5323485558281902
217,219,0.556540011242813,114.142306439433,22.4899301345427,114.147160994829,22.4858284701012,827.847734453285,827.291194442043,2003.44048076995,2003.99702078119,,main,main,0.6751755562631065,1.2131662461345192
258,74,2.84401364453295,111.171934114206,30.7840448353054,111.215927489234,30.8190351331379,827.889069836479,825.045056191946,2001.19434251985,2004.03835616438,SC1_DQ648857.1,main,main,5.7249034154872795,2.0129662269702067
145,146,3.41610265842526,112.380947245875,35.1169011182637,112.439623751674,35.1406989532022,827.96957202634,824.553469367915,2000.70275569582,2004.11885835424,,main,main,5.964264387335584,1.7459265671146325
238,242,3.37982872851821,117.65211803317,26.3792350733836,118.02064351432,26.4499387814789,828.181213508086,824.801384779567,2000.95067110747,2004.33049983599,,main,main,37.590724437286504,11.122079684128577
225,226,18.0856724765113,117.857620620035,26.5764720999179,117.979082281815,26.6743776431021,828.347741282195,810.262068805683,1986.41135513359,2004.4970276101,,main,main,16.247157673206583,0.8983441281659568
217,218,1.11694302281082,114.142306439433,22.4899301345427,114.344568058385,22.5239390791099,828.408137464853,827.291194442043,2003.44048076995,2004.55742379276,,main,main,21.14893990735341,18.934663161359367
145,56,4.16893380189772,112.380947245875,35.1169011182637,111.397059527899,30.8508930606787,828.722403169813,824.553469367915,2000.70275569582,2004.87168949772,SC1_DQ412042.1,main,main,481.9648117997657,115.60865072512614
258,75,3.67734697786621,111.171934114206,30.7840448353054,111.117717627408,30.7321467479203,828.722403169813,825.045056191946,2001.19434251985,2004.87168949772,SC1_DQ412043.1,main,main,7.749244565271106,2.1072921896991144
165,1,23.8542869986599,113.072080533422,24.0740884937569,108.315824913286,22.8496310991208,828.804370382927,804.950083384268,1981.09936971217,2004.95365671083,SC1_DQ071615.1,main,main,504.48028912279926,21.148411987796585
213,214,14.4799552787278,114.204706968994,22.2773535719596,114.194962059734,22.5308480097127,828.864687885472,814.384732606744,1990.53401893465,2005.01397421338,,main,main,28.088828731249162,1.9398422295208242
277,278,1.72517429294896,101.359356555018,21.8219604758842,101.477330033129,21.8121042029223,828.991161292575,827.265986999626,2003.41527332753,2005.14044762048,,main,main,12.246485890565618,7.098694862669122
219,220,1.1619648311219,114.147160994829,22.4858284701012,114.210756751763,22.3990255892053,829.009699284407,827.847734453285,2003.99702078119,2005.15898561231,,main,main,11.62975491112259,10.008697853526112
220,92,0.0081376753596984,114.210756751763,22.3990255892053,114.245794193015,22.3890156527425,829.017836959767,829.009699284407,2005.15898561231,2005.16712328767,SC1_DQ022305.2,main,main,3.774395642920516,463.8174264868196
219,95,1.18928058867332,114.147160994829,22.4858284701012,113.99998870199,22.5747504446029,829.037015041959,827.847734453285,2003.99702078119,2005.18630136986,SC1_DQ084199.1,main,main,18.060682266366197,15.18622471296993
238,239,4.25508766470884,117.65211803317,26.3792350733836,115.374263017751,29.6964424892037,829.056472444276,824.801384779567,2000.95067110747,2005.20575877218,,main,main,430.43883768014945,101.15862976223848
218,94,0.686411823680729,114.344568058385,22.5239390791099,114.255962596362,22.4793488749218,829.094549288534,828.408137464853,2004.55742379276,2005.24383561644,SC1_DQ084200.1,main,main,10.36834515738455,15.10513776086582
220,221,0.215000330603111,114.210756751763,22.3990255892053,114.261058807244,22.3784310539872,829.22469961501,829.009699284407,2005.15898561231,2005.37398594291,,main,main,5.659817386858591,26.324691552714732
221,222,0.188086816278647,114.261058807244,22.3784310539872,114.286973827857,22.4139289281993,829.412786431289,829.22469961501,2005.37398594291,2005.56207275919,,main,main,4.751099638079632,25.260141737105958
215,96,4.87588678243448,114.18058455374,22.2541368705039,114.273932973628,22.1178073949326,829.606878055657,824.730991273223,2000.88027760113,2005.75616438356,SC1_GQ153539.1,main,main,17.904401479378063,3.672029782126848
221,91,0.382178440647067,114.261058807244,22.3784310539872,113.928698215497,22.100622627288,829.606878055657,829.22469961501,2005.37398594291,2005.75616438356,SC1_GQ153540.1,main,main,46.04614811342384,120.4833742988302
218,86,1.43709675518757,114.344568058385,22.5239390791099,114.361294310493,22.4682725731389,829.845234220041,828.408137464853,2004.55742379276,2005.99452054795,SC1_GQ153541.1,main,main,6.40010719351159,4.453497769310771
183,20,5.60076872909191,105.815598991409,25.4417907850632,105.952191629364,25.4892749175109,829.889069836479,824.288301107387,2000.43758743529,2006.03835616438,SC1_FJ588686.1,main,main,14.709369668053602,2.6263126330585926
214,84,1.14766962224035,114.194962059734,22.5308480097127,114.239214494372,22.5487128976441,830.012357507712,828.864687885472,2005.01397421338,2006.16164383562,SC1_GQ153542.1,main,main,4.963406508987196,4.324769439569376
214,85,1.14766962224035,114.194962059734,22.5308480097127,114.398237174181,22.1759559720171,830.012357507712,828.864687885472,2005.01397421338,2006.16164383562,SC1_GQ153543.1,main,main,44.52884410854918,38.799357624910414
222,223,1.03237671021448,114.286973827857,22.4139289281993,114.30723398815,22.4008204367646,830.445163141503,829.412786431289,2005.56207275919,2006.59444946941,,main,main,2.541419210387903,2.4617169151945646
222,88,1.13107792573829,114.286973827857,22.4139289281993,114.306176003254,22.4133610914693,830.543864357027,829.412786431289,2005.56207275919,2006.69315068493,SC1_GQ153545.1,main,main,1.9780557276496245,1.7488235625838826
223,90,0.0987012155238105,114.30723398815,22.4008204367646,114.386799641249,22.3462332774512,830.543864357027,830.445163141503,2006.59444946941,2006.69315068493,SC1_GQ153544.1,main,main,10.182701691953744,103.16693303029574
223,224,0.50918273111707,114.30723398815,22.4008204367646,114.094297032973,22.2601136676246,830.95434587262,830.445163141503,2006.59444946941,2007.10363220052,,main,main,26.907321729909896,52.844136467235046
201,202,8.27795908812553,103.257708487608,24.9896938236664,102.921445693176,25.024806885927,831.058421327197,822.780462239072,1998.92974856698,2007.2077076551,,main,main,34.16588214712211,4.12733160231874
224,87,0.112806155639506,114.094297032973,22.2601136676246,114.11345230715,22.2415578992293,831.06715202826,830.95434587262,2007.10363220052,2007.21643835616,SC1_GQ153546.1,main,main,2.8496858910152665,25.26179422443924
216,93,4.04543263509342,114.091418152855,22.3742917617257,114.309651191999,22.2169280872612,831.25619312415,827.210760489057,2003.36004681696,2007.40547945205,SC1_GQ153547.1,main,main,28.44940980860102,7.032476467858435
257,259,17.1751564578022,110.50211947785,29.7546881635258,112.274850197756,28.8498358301981,831.456220535782,814.28106407798,1990.43035040588,2007.60550686369,,main,main,199.29807071814898,11.603857653803985
224,89,0.805956840571158,114.094297032973,22.2601136676246,114.075885159374,22.2425743308085,831.760302713192,830.95434587262,2007.10363220052,2007.9095890411,SC1_GQ153548.1,main,main,2.7155248546605706,3.369317955954264
201,207,9.24383412679136,103.257708487608,24.9896938236664,102.96973418064,24.8393478410037,832.024296365863,822.780462239072,1998.92974856698,2008.17358269377,,main,main,33.5208843809899,3.6262966125534946
242,243,4.36238473459531,118.02064351432,26.4499387814789,118.374429184793,26.4800507365421,832.543598242681,828.181213508086,2004.33049983599,2008.69288457059,,main,main,35.436991305380296,8.123307195798656
144,148,10.7119317443629,109.095836558944,38.5610274608126,125.795135266091,41.2815358111686,832.589916231929,821.877984487566,1998.02727081547,2008.73920255983,,main,main,1456.8064754893853,135.9984837707748
242,245,5.36521160347466,118.02064351432,26.4499387814789,117.869957534658,29.5754093511235,833.54642511156,828.181213508086,2004.33049983599,2009.69571143946,,main,main,346.68082297458994,64.61643055235135
159,50,25.1939524609121,98.255198004881,24.5763172970592,98.0276161131995,24.2450133323076,834.889069836479,809.695117375567,1985.84440370347,2011.03835616438,SC1_JX993988.1,main,main,43.35267009921197,1.7207570017635283
160,51,20.9653880092167,98.5174525006289,24.6241609810773,99.2122194306944,25.2301917405974,834.889069836479,813.923681827263,1990.07296815517,2011.03835616438,SC1_KF569996.1,main,main,97.11571810066192,4.63219273871623
182,17,13.9332597967702,102.925722411762,25.0423761908489,102.884805142771,24.9940610628672,835.179480795383,821.246220998613,1997.39550732652,2011.32876712329,SC1_KC881005.1,main,main,6.760247650534512,0.48518779877351975
188,189,14.5296678428043,102.710550588529,25.0991222242194,102.647727289259,24.9468168703769,835.213670994914,820.68400315211,1996.83328948001,2011.36295732282,,main,main,18.023563328129722,1.2404663013033534
202,204,4.40353146287773,102.921445693176,25.024806885927,102.94918083231,24.9821799494075,835.461952790075,831.058421327197,2007.2077076551,2011.61123911798,,main,main,5.489557583435747,1.24662617485837
183,184,11.2408225609472,105.815598991409,25.4417907850632,105.23764046154,25.3118734926532,835.529123668335,824.288301107387,2000.43758743529,2011.67840999624,,main,main,59.91976622613457,5.330549957643445
148,149,2.95174759728923,125.795135266091,41.2815358111686,125.895780914893,41.5290473623002,835.541663829218,832.589916231929,2008.73920255983,2011.69095015712,,main,main,28.7484496246322,9.739467443298219
189,190,0.336562587508491,102.647727289259,24.9468168703769,102.978452527876,25.0540638739666,835.550233582422,835.213670994914,2011.36295732282,2011.69951991033,,main,main,35.43728823584776,105.29182253495044
255,72,19.0116271044606,107.43176833843,32.5429846047632,107.381237307091,32.6429363994047,835.554823261137,816.543196156676,1992.69248248458,2011.70410958904,SC1_JX993987.1,main,main,12.0568465609999,0.6341827816605483
189,197,0.496273224745037,102.647727289259,24.9468168703769,102.683286545286,24.9663538581792,835.709944219659,835.213670994914,2011.36295732282,2011.85923054756,,main,main,4.1926887990381125,8.448347785017273
239,240,6.65377769186192,115.374263017751,29.6964424892037,115.401383882755,29.6960543268706,835.710250136138,829.056472444276,2005.20575877218,2011.85953646404,,main,main,2.6250764100705224,0.39452421340754923
207,208,3.6942262338575,102.96973418064,24.8393478410037,102.974679603612,24.8670360445043,835.718522599721,832.024296365863,2008.17358269377,2011.86780892762,,main,main,3.1075035032395197,0.8411784515954438
269,139,47.3067766550188,117.586177467313,27.3427416274345,119.005383498582,28.1224443809694,835.889069836479,788.58229318146,1964.73157950936,2012.03835616438,SC1_KF294457.1,main,main,164.46145022021733,3.476488187295879
160,52,21.9653880092167,98.5174525006289,24.6241609810773,98.680478027856,24.5712847729396,835.889069836479,813.923681827263,1990.07296815517,2012.03835616438,SC1_KU973692.1,main,main,17.518682461116743,0.7975585249741951
146,55,7.9194978101392,112.439623751674,35.1406989532022,112.519164712807,35.1655882012288,835.889069836479,827.96957202634,2004.11885835424,2012.03835616438,SC1_KY770860.1,main,main,7.75579663099211,0.9793293485178434
149,66,0.347406007261215,125.895780914893,41.5290473623002,126.49556624876,41.8568720158525,835.889069836479,835.541663829218,2011.69095015712,2012.03835616438,SC1_KJ473811.1,main,main,61.79634187045845,177.87931290432093
185,186,20.2245770653521,102.894807392763,25.0846902843124,101.895244348642,25.2476067285398,835.961360486241,815.736783420889,1991.88606974879,2012.11064681415,,main,main,102.37287604850465,5.061805530850164
197,198,0.326573735006388,102.683286545286,24.9663538581792,102.649551950068,24.9322998558753,836.036517954665,835.709944219659,2011.85923054756,2012.18580428257,,main,main,5.082987255725059,15.56459295670435
208,27,0.383661990856915,102.974679603612,24.8670360445043,102.846535689706,24.9059096999577,836.102184590578,835.718522599721,2011.86780892762,2012.25147091848,SC1_KC881006.1,main,main,13.645257105600507,35.56582989918708
146,147,8.25833532033985,112.439623751674,35.1406989532022,113.631075199351,36.5596441375551,836.22790734668,827.96957202634,2004.11885835424,2012.37719367458,,main,main,190.70878921135028,23.092885165566535
240,241,0.564419779196546,115.401383882755,29.6960543268706,115.412203278206,29.7075367885855,836.274669915335,835.710250136138,2011.85953646404,2012.42395624324,,main,main,1.6481188041962793,2.9200231192152475
149,150,0.79703985464562,125.895780914893,41.5290473623002,125.815837420594,41.5500684634586,836.338703683864,835.541663829218,2011.69095015712,2012.48799001177,,main,main,7.067663143776051,8.867389883431208
204,205,0.966921449988801,102.94918083231,24.9821799494075,102.706035060572,24.9714779199882,836.428874240064,835.461952790075,2011.61123911798,2012.57816056797,,main,main,24.578791698588805,25.41963641294076
228,229,14.0646540628488,117.96749461633,26.5481557091936,116.580224067407,23.8459025699493,836.502012084885,822.437358022037,1998.58664434994,2012.65129841279,,main,main,330.37998907094766,23.490089951350647
208,28,0.837213903425315,102.974679603612,24.8670360445043,102.721174972065,25.1243666197139,836.555736503146,835.718522599721,2011.86780892762,2012.70502283105,SC1_KF367457.1,main,main,38.30805885194107,45.75659660596929
205,206,0.144744157610711,102.706035060572,24.9714779199882,102.688088845755,24.9642776748949,836.573618397675,836.428874240064,2012.57816056797,2012.72290472558,,main,main,1.9799011824315342,13.678625894915033
181,19,14.4265269415228,102.871775536892,25.0405127959841,102.832883354496,25.0508719567082,836.602184590578,822.175657649055,1998.32494397696,2012.75147091848,SC1_KY417145.1,main,main,4.089034241132365,0.28343857518216675
198,45,0.565666635912255,102.649551950068,24.9322998558753,102.95109698565,25.0045805721953,836.602184590578,836.036517954665,2012.18580428257,2012.75147091848,SC1_KY417144.1,main,main,31.48387515580282,55.658002712195554
206,33,0.0285661929030034,102.688088845755,24.9642776748949,102.651918402794,25.0985972191853,836.602184590578,836.573618397675,2012.72290472558,2012.75147091848,SC1_KY417143.1,main,main,15.320294493627937,536.3085849643335
245,246,3.16942780904652,117.869957534658,29.5754093511235,117.611714606621,28.892523783386,836.715852920607,833.54642511156,2009.69571143946,2012.86513924851,,main,main,79.74581001817472,25.160948544262688
262,140,563.56670828747,114.938414906099,26.9214124202503,141.587281785525,39.2662052344074,836.889069836479,273.32236154901,1449.47164787691,2013.03835616438,SC1_LC556375.1,main,main,2824.0262066529262,5.010988344635179
256,73,63.3351084759067,110.503471060875,29.732032455148,110.502372080045,30.3285809006314,836.889069836479,773.553961360573,1949.70324768848,2013.03835616438,SC1_KJ473814.1,main,main,66.12924503572164,1.0441167091531525
248,83,60.3702097978648,116.767131255654,26.576483605415,111.666427092064,24.6138892372141,836.889069836479,776.518860038614,1952.66814636652,2013.03835616438,SC1_KJ473815.1,main,main,556.5591076784618,9.219101764628064
185,23,21.15228641559,102.894807392763,25.0846902843124,102.93096447724,25.0225026364268,836.889069836479,815.736783420889,1991.88606974879,2013.03835616438,SC1_KJ473816.1,main,main,7.79527541205777,0.36853110150363555
184,21,1.3599461681447,105.23764046154,25.3118734926532,105.249289573896,25.3321492820127,836.889069836479,835.529123668335,2011.67840999624,2013.03835616438,SC1_KY770859.1,main,main,2.533904724428879,1.8632389897357085
184,22,1.3599461681447,105.23764046154,25.3118734926532,105.595736480305,24.9441940866389,836.889069836479,835.529123668335,2011.67840999624,2013.03835616438,SC1_KY770858.1,main,main,54.43334874218455,40.02610545713363
147,53,0.661162489799352,113.631075199351,36.5596441375551,113.724911396061,36.5618975482394,836.889069836479,836.22790734668,2012.37719367458,2013.03835616438,SC1_KJ473812.1,main,main,8.404034651462318,12.710997343501376
147,54,0.661162489799352,113.631075199351,36.5596441375551,113.445024698256,36.7445334240272,836.889069836479,836.22790734668,2012.37719367458,2013.03835616438,SC1_KJ473813.1,main,main,26.414241389931593,39.95120987270122
199,24,9.53802735911297,102.674182991859,25.1037401467517,102.628041436792,25.0818956977069,837.179480795383,827.64145343627,2003.79073976417,2013.32876712329,SC1_KY417148.1,main,main,5.245923255423991,0.5500008605460592
207,29,5.15518442952028,102.96973418064,24.8393478410037,102.883795092574,24.6915591263315,837.179480795383,832.024296365863,2008.17358269377,2013.32876712329,SC1_KY417147.1,main,main,18.53489273584742,3.595388872939353
204,35,1.71752800530838,102.94918083231,24.9821799494075,102.81942644584,24.8215767260774,837.179480795383,835.461952790075,2011.61123911798,2013.32876712329,SC1_KY417149.1,main,main,22.098444635228677,12.86642463291941
198,46,1.14296284071812,102.649551950068,24.9322998558753,102.657083042859,24.9353239003525,837.179480795383,836.036517954665,2012.18580428257,2013.32876712329,SC1_KY417146.1,main,main,0.8311629343077912,0.7272003119415275
190,191,1.71249413150678,102.978452527876,25.0540638739666,102.835095500418,25.2276500677837,837.262727713929,835.550233582422,2011.69951991033,2013.41201404183,,main,main,24.056433345221706,14.047600457500582
186,15,1.31675044612835,101.895244348642,25.2476067285398,101.941491900932,25.2967824359923,837.27811093237,835.961360486241,2012.11064681415,2013.42739726027,SC1_KP886808.1,main,main,7.167699902610212,5.443476342601932
186,16,1.31675044612835,101.895244348642,25.2476067285398,101.873731070061,25.2093139383021,837.27811093237,835.961360486241,2012.11064681415,2013.42739726027,SC1_KP886809.1,main,main,4.76372464769116,3.6177885199871938
229,236,0.872532343764295,116.580224067407,23.8459025699493,116.823578107967,23.5997575997366,837.37454442865,836.502012084885,2012.65129841279,2013.52383075655,,main,main,36.86393904942309,42.249366814740654
243,244,4.83116023889402,118.374429184793,26.4800507365421,117.939643455628,26.5013793485076,837.374758481575,832.543598242681,2008.69288457059,2013.52404480948,,main,main,43.411657221757764,8.985762234145195
205,34,1.01088052792217,102.706035060572,24.9714779199882,102.970407831204,25.0929795620831,837.439754767986,836.428874240064,2012.57816056797,2013.58904109589,SC1_KT444582.1,main,main,29.88393886615486,29.56228559232441
206,32,0.866136370311455,102.688088845755,24.9642776748949,102.606010616732,24.9622389400809,837.439754767986,836.573618397675,2012.72290472558,2013.58904109589,SC1_KY417150.1,main,main,8.2913430005441,9.572791635066203
150,58,1.13118807042378,125.815837420594,41.5500684634586,125.950383291391,41.5765498673297,837.469891754287,836.338703683864,2012.48799001177,2013.61917808219,SC1_KU182964.1,main,main,11.602098856170667,10.256560477891304
202,203,6.56517383255261,102.921445693176,25.024806885927,102.904556109662,25.0445790834351,837.62359515975,831.058421327197,2007.2077076551,2013.77288148765,,main,main,2.775343536479296,0.42273725072108453
191,196,0.653426511262736,102.835095500418,25.2276500677837,102.824228029492,25.2051975179814,837.916154225192,837.262727713929,2013.41201404183,2014.0654405531,,main,main,2.7176336522537445,4.159050184544796
191,192,0.795628320173426,102.835095500418,25.2276500677837,102.81606559041,25.2086197761041,838.058356034103,837.262727713929,2013.41201404183,2014.20764236201,,main,main,2.849830952045743,3.581862133093195
203,31,0.624378786318341,102.904556109662,25.0445790834351,102.903163630442,25.0347651807969,838.247973946068,837.62359515975,2013.77288148765,2014.39726027397,SC1_KY417142.1,main,main,1.0961649676169696,1.755608921437775
203,30,1.0764335808389,102.904556109662,25.0445790834351,102.650041273023,24.8581668687567,838.700028740589,837.62359515975,2013.77288148765,2014.84931506849,SC1_KY417151.1,main,main,32.97053984012491,30.629423335557668
171,172,37.0475269833661,102.824901151012,25.1486133491219,104.363856005755,24.2621699079131,838.766865654967,801.719338671601,1977.86862499951,2014.91615198287,,main,main,184.09463845726827,4.969147833806143
259,260,7.64543347878285,112.274850197756,28.8498358301981,112.216836077137,28.9151559836724,839.101654014565,831.456220535782,2007.60550686369,2015.25094034247,,main,main,9.189107651835322,1.2019079987205936
192,194,1.1912662965642,102.81606559041,25.2086197761041,102.747259595673,25.1727057755294,839.249622330667,838.058356034103,2014.20764236201,2015.39890865857,,main,main,7.995302075996809,6.711599328425997
271,134,18.9344580921123,114.453583988295,27.5220551962051,122.225246608632,29.8342815945634,839.384960247438,820.450502155326,1996.59978848323,2015.53424657534,SC1_MG772934.1,main,main,801.439641998328,42.327044064292025
192,193,1.44162749042035,102.81606559041,25.2086197761041,102.689624557793,25.0066326808385,839.499983524523,838.058356034103,2014.20764236201,2015.64926985243,,main,main,25.75427136646069,17.86471993465611
197,44,3.9681667127106,102.683286545286,24.9663538581792,102.597143829077,25.1270475223041,839.67811093237,835.709944219659,2011.85923054756,2015.82739726027,SC1_KY417152.1,main,main,19.809768835072724,4.992171516287163
165,166,34.8286846258356,113.072080533422,24.0740884937569,112.479137077732,24.1370069864694,839.778768010103,804.950083384268,1981.09936971217,2015.92805433801,,main,main,60.685154359847616,1.7423900733486766
194,195,0.891404109936347,102.747259595673,25.1727057755294,102.682953694537,25.1838246686697,840.141026440603,839.249622330667,2015.39890865857,2016.29031276851,,main,main,6.598269034701804,7.40210748542877
260,261,1.03991491158746,112.216836077137,28.9151559836724,111.336256500329,27.0780768653137,840.141568926153,839.101654014565,2015.25094034247,2016.29085525406,,main,main,221.24188161202883,212.74998477932849
148,57,7.59150333132635,125.795135266091,41.2815358111686,127.053784363939,35.4477980527412,840.181419563255,832.589916231929,2008.73920255983,2016.33070589116,SC1_KY938558.1,main,main,656.8192269767004,86.52031070925503
236,100,3.01179316739237,116.823578107967,23.5997575997366,116.708799687585,23.54727319324,840.386337596042,837.37454442865,2013.52383075655,2016.53562392395,SC1_OK017812.1,main,main,13.079676736905958,4.342820376417291
143,67,121.474044247704,104.861301889908,30.5425789630638,104.691223927833,30.6354504016725,840.471037049594,718.99699280189,1895.14627912979,2016.6203233775,SC1_MK211374.1,main,main,19.289928988750248,0.15879877144301838
255,71,23.9278408929176,107.43176833843,32.5429846047632,106.608075715022,32.5158309778887,840.471037049594,816.543196156676,1992.69248248458,2016.6203233775,SC1_OK017846.1,main,main,77.44113596411762,3.236444788758162
190,37,4.92080346717154,102.978452527876,25.0540638739666,102.968898546139,25.1081809652513,840.471037049594,835.550233582422,2011.69951991033,2016.6203233775,SC1_OK017848.1,main,main,6.071760776289404,1.2338962156884168
196,42,2.55488282440203,102.824228029492,25.2051975179814,102.797815631546,25.0750193967726,840.471037049594,837.916154225192,2014.0654405531,2016.6203233775,SC1_OK017850.1,main,main,14.66435715473158,5.739737656330196
194,39,1.22141471892713,102.747259595673,25.1727057755294,102.733691613882,25.1282241731338,840.471037049594,839.249622330667,2015.39890865857,2016.6203233775,SC1_OK017847.1,main,main,5.113832662011134,4.186811066517225
193,43,0.971053525070987,102.689624557793,25.0066326808385,102.717962067315,25.1279032556046,840.471037049594,839.499983524523,2015.64926985243,2016.6203233775,SC1_OK017851.1,main,main,13.734500167155076,14.143916697229479
195,38,0.330010608990787,102.682953694537,25.1838246686697,102.724790505764,25.1656662054701,840.471037049594,840.141026440603,2016.29031276851,2016.6203233775,SC1_OK017849.1,main,main,4.672574953824837,14.158862856300727
181,18,18.3800788540912,102.871775536892,25.0405127959841,102.237077071656,26.0359669285627,840.555736503146,822.175657649055,1998.32494397696,2016.70502283105,SC1_MK211375.1,main,main,127.39781599862077,6.9312986636215355
196,36,2.63958227795407,102.824228029492,25.2051975179814,102.596609316797,25.2448536508317,840.555736503146,837.916154225192,2014.0654405531,2016.70502283105,SC1_MK211378.1,main,main,23.35300223234346,8.847234059490763
193,41,1.05575297862304,102.689624557793,25.0066326808385,102.627177742489,24.9909490998059,840.555736503146,839.499983524523,2015.64926985243,2016.70502283105,SC1_MK211376.1,main,main,6.5390827936464095,6.193762107282873
195,40,0.414710062542835,102.682953694537,25.1838246686697,102.61910145609,25.0971737422789,840.555736503146,840.141026440603,2016.29031276851,2016.70502283105,SC1_MK211377.1,main,main,11.558151925365923,27.87044002379878
166,167,1.03903703989128,112.479137077732,24.1370069864694,112.444105316241,24.4973055283541,840.817805049994,839.778768010103,2015.92805433801,2016.9670913779,,main,main,40.0657781091777,38.56049069566374
166,170,1.12269650406231,112.479137077732,24.1370069864694,112.432538940568,24.1377966512543,840.901464514165,839.778768010103,2015.92805433801,2017.05075084207,,main,main,4.737202869323012,4.219486612973451
273,135,55.7678300685284,117.536029529,27.9988049259771,122.228383220488,30.203415431978,840.974001343328,785.2061712748,1961.3554576027,2017.12328767123,SC1_MG772933.1,main,main,517.9499871443005,9.28761234761753
229,230,4.47357271534436,116.580224067407,23.8459025699493,116.257128170764,23.9872534622427,840.97558480023,836.502012084885,2012.65129841279,2017.12487112813,,main,main,36.43201846857347,8.14383062191246
230,231,0.125518487271707,116.257128170764,23.9872534622427,116.270259714473,23.9212841636561,841.101103287502,840.97558480023,2017.12487112813,2017.25038961541,,main,main,7.427850294988963,59.17734077618435
231,234,0.088755046205951,116.270259714473,23.9212841636561,116.247994369919,23.9132006151073,841.189858333708,841.101103287502,2017.25038961541,2017.33914466161,,main,main,2.437375531089031,27.461824823269662
236,237,3.81610041246557,116.823578107967,23.5997575997366,116.747974589143,23.8151151029645,841.190644841115,837.37454442865,2013.52383075655,2017.33993116902,,main,main,25.066895490373053,6.568720101937101
231,232,0.191038542632676,116.270259714473,23.9212841636561,116.27496447065,23.8738332990716,841.292141830134,841.101103287502,2017.25038961541,2017.44142815804,,main,main,5.277295335242693,27.6242441054931
232,233,0.05862185893006,116.27496447065,23.8738332990716,116.419933906065,23.9180142340699,841.350763689064,841.292141830134,2017.44142815804,2017.50005001697,,main,main,15.55259051085134,265.3036050836715
234,235,0.214156594122712,116.247994369919,23.9132006151073,115.865309471297,23.9959358091413,841.40401492783,841.189858333708,2017.33914466161,2017.55330125573,,main,main,40.01585323870282,186.85323887703257
172,14,2.70302609932049,104.363856005755,24.2621699079131,114.943595848413,23.3709098408444,841.469891754287,838.766865654967,2014.91615198287,2017.61917808219,SC1_OK017792.1,main,main,1082.2713289052003,400.39248203236775
211,121,58.5564284751986,117.022726736574,26.8865272756949,111.64694932892,23.6978259198826,841.554823261137,782.998394785938,1959.14768111384,2017.70410958904,SC1_OK017823.1,main,main,646.3115690759493,11.037414437762244
170,5,0.653358746971426,112.432538940568,24.1377966512543,112.715675138841,24.4402266587316,841.554823261137,840.901464514165,2017.05075084207,2017.70410958904,SC1_OK017824.1,main,main,44.140390151496945,67.5591937141807
170,4,0.653358746971426,112.432538940568,24.1377966512543,112.42532479036,24.1410709780091,841.554823261137,840.901464514165,2017.05075084207,2017.70410958904,SC1_OK017822.1,main,main,0.8180437526834322,1.2520590815924417
230,104,0.57923846090706,116.257128170764,23.9872534622427,116.226806207423,24.0528367031055,841.554823261137,840.97558480023,2017.12487112813,2017.70410958904,SC1_OK017814.1,main,main,7.891798277097938,13.624437618903544
234,103,0.364964927429402,116.247994369919,23.9132006151073,116.243200679596,23.9896756840182,841.554823261137,841.189858333708,2017.33914466161,2017.70410958904,SC1_OK017815.1,main,main,8.484232066655988,23.246705173600986
237,101,0.364178420021553,116.747974589143,23.8151151029645,116.6637852429,23.8300386538112,841.554823261137,841.190644841115,2017.33993116902,2017.70410958904,SC1_OK017813.1,main,main,8.735908250543511,23.987989870532413
237,102,0.364178420021553,116.747974589143,23.8151151029645,116.785464663393,23.8424491048257,841.554823261137,841.190644841115,2017.33993116902,2017.70410958904,SC1_OK017819.1,main,main,4.873944447959886,13.383397203138598
232,108,0.262681431002678,116.27496447065,23.8738332990716,116.281245675689,23.8837836058852,841.554823261137,841.292141830134,2017.44142815804,2017.70410958904,SC1_OK017821.1,main,main,1.2742766421420055,4.851034339496249
233,105,0.204059572072618,116.419933906065,23.9180142340699,116.42019347847,23.9071057403279,841.554823261137,841.350763689064,2017.50005001697,2017.70410958904,SC1_OK017818.1,main,main,1.208480631476756,5.922195264854805
233,106,0.204059572072618,116.419933906065,23.9180142340699,115.879891221593,23.80587180205,841.554823261137,841.350763689064,2017.50005001697,2017.70410958904,SC1_OK017816.1,main,main,56.39350148616667,276.35803071319833
235,107,0.15080833330669,115.865309471297,23.9959358091413,115.83591089112,23.9744607047872,841.554823261137,841.40401492783,2017.55330125573,2017.70410958904,SC1_OK017817.1,main,main,3.8220045063173087,25.3434569729295
235,109,0.15080833330669,115.865309471297,23.9959358091413,115.844332058854,24.0100601737358,841.554823261137,841.40401492783,2017.55330125573,2017.70410958904,SC1_OK017820.1,main,main,2.64634620760601,17.54774520466513
275,276,23.1314308593323,101.380700207063,21.8463383807933,101.372663958461,21.821380020386,841.909292953718,818.777862094386,1994.92714842229,2018.05857928162,,main,main,2.885769490582618,0.12475533866156678
172,173,3.34237601847866,104.363856005755,24.2621699079131,104.12519208148,24.2912184705184,842.109241673446,838.766865654967,2014.91615198287,2018.25852800135,,main,main,24.444940335823226,7.3136416132346955
276,133,0.560598800569174,101.372663958461,21.821380020386,101.384991032996,21.9681614467105,842.469891754287,841.909292953718,2018.05857928162,2018.61917808219,SC1_MW703458.1,main,main,16.30278356105907,29.081017555704562
226,227,14.2490333730389,117.979082281815,26.6743776431021,117.10574533362,28.0095058155942,842.596774655234,828.347741282195,2004.4970276101,2018.74606098314,,main,main,171.33335315656927,12.0242088477914
150,151,6.3642867855854,125.815837420594,41.5500684634586,125.321691644876,41.2652349982048,842.702990469449,836.338703683864,2012.48799001177,2018.85227679735,,main,main,52.03714760251539,8.17643034571845
167,168,1.89893220629179,112.444105316241,24.4973055283541,112.565441876462,24.4483749632473,842.716737256286,840.817805049994,2016.9670913779,2018.86602358419,,main,main,13.441761716945601,7.078589573871359
278,279,13.9198775020636,101.477330033129,21.8121042029223,102.37946540857,18.5891533690427,842.911038794638,828.991161292575,2005.14044762048,2019.06032512254,,main,main,369.0461665751112,26.512170564748196
167,169,2.3209531763867,112.444105316241,24.4973055283541,112.490396616344,24.3540501684064,843.138758226381,840.817805049994,2016.9670913779,2019.28804455429,,main,main,16.547501818891856,7.1296146717846725
173,174,1.2420337799661,104.12519208148,24.2912184705184,104.110707636514,24.3187975972558,843.351275453412,842.109241673446,2018.25852800135,2019.50056178132,,main,main,3.390172504284591,2.7295332534169257
277,131,16.102534891648,101.359356555018,21.8219604758842,101.678390955414,21.6951869978278,843.368521891274,827.265986999626,2003.41527332753,2019.51780821918,SC1_EPI_ISL_412977,main,main,35.861123350064894,2.227048324463821
248,249,66.8948906793685,116.767131255654,26.576483605415,115.037538931713,26.3384821069669,843.413750717983,776.518860038614,1952.66814636652,2019.56303704589,,main,main,174.4891304944002,2.6084074392278747
169,6,0.331133527906316,112.490396616344,24.3540501684064,112.504810838504,24.386612245954,843.469891754287,843.138758226381,2019.28804455429,2019.61917808219,SC1_OK017825.1,main,main,3.8919119981004577,11.753300919747257
169,7,0.331133527906316,112.490396616344,24.3540501684064,112.486780523373,24.3562418867597,843.469891754287,843.138758226381,2019.28804455429,2019.61917808219,SC1_OK017826.1,main,main,0.4399646965432671,1.3286624864750678
249,250,0.0567286931934095,115.037538931713,26.3384821069669,115.075656513226,26.2687783564185,843.470479411176,843.413750717983,2019.56303704589,2019.61976573908,,main,main,8.609766446226022,151.77092863521608
261,78,3.41325433498415,111.336256500329,27.0780768653137,108.255606392994,24.9261653125429,843.554823261137,840.141568926153,2016.29085525406,2019.70410958904,SC1_OK017859.1,main,main,389.79246200312724,114.19965339469417
168,3,0.838086004850663,112.565441876462,24.4483749632473,112.596456716427,24.6214968013676,843.554823261137,842.716737256286,2018.86602358419,2019.70410958904,SC1_OK017828.1,main,main,19.431821600653908,23.18595166628087
168,2,0.838086004850663,112.565441876462,24.4483749632473,112.792253813045,24.5649339268238,843.554823261137,842.716737256286,2018.86602358419,2019.70410958904,SC1_OK017827.1,main,main,26.364762206333868,31.45830147949047
173,176,1.64319288828515,104.12519208148,24.2912184705184,104.223968302164,25.0100138483822,843.752434561731,842.109241673446,2018.25852800135,2019.90172088963,,main,main,80.24477842746425,48.83466755458538
174,175,0.445769398470384,104.110707636514,24.3187975972558,104.04912455436,24.3797509331712,843.797044851882,843.351275453412,2019.50056178132,2019.94633117979,,main,main,9.199635180257854,20.637655280567802
151,153,1.32730409907772,125.321691644876,41.2652349982048,125.551970163291,41.1490888831449,844.030294568527,842.702990469449,2018.85227679735,2020.17958089643,,main,main,23.225041849394028,17.497905616001635
153,155,0.178221596584474,125.551970163291,41.1490888831449,125.48203295805,41.1614001428783,844.208516165111,844.030294568527,2020.17958089643,2020.35780249302,,main,main,6.027470478958298,33.82009023862256
161,162,51.505854832343,102.954065042036,25.7214548033263,105.617974981682,26.6300540742437,844.212011517211,792.706156684868,1968.85544301277,2020.36129784511,,main,main,284.68824461839245,5.52729870312963
278,130,15.2940834072925,101.477330033129,21.8121042029223,101.728960544426,21.6989256349833,844.285244699867,828.991161292575,2005.14044762048,2020.43453102777,SC1_MZ081381.1,main,main,28.887995871354242,1.8888347279170659
176,177,0.540796322208383,104.223968302164,25.0100138483822,103.834321401109,24.9994514578585,844.293230883939,843.752434561731,2019.90172088963,2020.44251721184,,main,main,39.350767560739946,72.76448811642817
199,25,16.6629169466569,102.674182991859,25.1037401467517,102.468479984805,24.9640191307518,844.304370382927,827.64145343627,2003.79073976417,2020.45365671083,SC1_OK017858.1,main,main,25.89455152935701,1.5540227207669222
174,11,0.953094929515722,104.110707636514,24.3187975972558,104.104312644591,24.3144958314797,844.304370382927,843.351275453412,2019.50056178132,2020.45365671083,SC1_OK017854.1,main,main,0.8052077616386272,0.84483479735619
176,12,0.551935821196671,104.223968302164,25.0100138483822,104.271841221728,24.845182939213,844.304370382927,843.752434561731,2019.90172088963,2020.45365671083,SC1_OK017857.1,main,main,18.888096034351754,34.22154407988926
175,13,0.507325531045338,104.04912455436,24.3797509331712,104.04135286347,24.3235359747523,844.304370382927,843.797044851882,2019.94633117979,2020.45365671083,SC1_OK017856.1,main,main,6.276298064070112,12.371342816392223
175,10,0.507325531045338,104.04912455436,24.3797509331712,104.046822565282,24.3846937955595,844.304370382927,843.797044851882,2019.94633117979,2020.45365671083,SC1_OK017853.1,main,main,0.5952173891286908,1.1732454857973593
177,9,0.011139498988288,103.834321401109,24.9994514578585,103.813702126291,25.0019851180107,844.304370382927,844.293230883939,2020.44251721184,2020.45365671083,SC1_OK017855.1,main,main,2.100341849386246,188.54904081364273
177,8,0.011139498988288,103.834321401109,24.9994514578585,103.841352141588,25.016526662425,844.304370382927,844.293230883939,2020.44251721184,2020.45365671083,SC1_OK017852.1,main,main,2.0202353066637544,181.35782487056352
274,127,43.4035659688847,101.540456711069,21.3758057719194,101.071326538789,13.5418550589683,844.353550710796,800.949984741911,1977.09927106982,2020.5028370387,SC1_MW251308.1,main,main,868.4561347342468,20.008865984809376
240,120,8.67608745990388,115.401383882755,29.6960543268706,115.841754464776,29.9288737753219,844.386337596042,835.710250136138,2011.85953646404,2020.53562392395,SC1_OK017802.1,main,main,49.781435458111396,5.737774738691133
241,119,8.11166768070734,115.412203278206,29.7075367885855,115.544337826739,29.9934322030113,844.386337596042,836.274669915335,2012.42395624324,2020.53562392395,SC1_OK017801.1,main,main,34.16690690812428,4.212069361444171
279,128,1.49169224402667,102.37946540857,18.5891533690427,102.384893163884,18.5772214876013,844.402731038665,842.911038794638,2019.06032512254,2020.55201736657,SC1_MZ937002.1,main,main,1.4396132656568355,0.9650873170532464
279,129,1.49988896533805,102.37946540857,18.5891533690427,102.031077059776,18.5472490078722,844.410927759977,842.911038794638,2019.06032512254,2020.56021408788,SC1_MZ937004.1,main,main,37.06742261031864,24.713444439511733
155,156,0.227960885945778,125.48203295805,41.1614001428783,125.453329822405,41.1882086781735,844.436477051057,844.208516165111,2020.35780249302,2020.58576337896,,main,main,3.8295350078836017,16.799088106695994
153,154,0.413792295179577,125.551970163291,41.1490888831449,125.652144827859,41.187288606847,844.444086863706,844.030294568527,2020.17958089643,2020.59337319161,,main,main,9.416530063625757,22.756658771375104
151,152,1.77386462369116,125.321691644876,41.2652349982048,125.258752861196,41.0231846366949,844.47685509314,842.702990469449,2018.85227679735,2020.62614142104,,main,main,27.395684064451405,15.444066981529224
164,47,44.1018490989804,102.875034746883,25.873963103036,102.966631751877,25.693588169656,844.555736503146,800.453887404166,1976.60317373207,2020.70502283105,SC1_OK017793.1,main,main,21.99354828993219,0.49869900558071295
155,65,0.347220338034743,125.48203295805,41.1614001428783,125.475715542348,41.1816547775526,844.555736503146,844.208516165111,2020.35780249302,2020.70502283105,SC1_OK017795.1,main,main,2.3110497581695815,6.655859421282911
156,63,0.119259452088964,125.453329822405,41.1882086781735,125.484729368765,41.1857939489916,844.555736503146,844.436477051057,2020.58576337896,2020.70502283105,SC1_OK017796.1,main,main,2.6479407566801694,22.20319404708387
156,64,0.119259452088964,125.453329822405,41.1882086781735,125.453851802009,41.1646616628374,844.555736503146,844.436477051057,2020.58576337896,2020.70502283105,SC1_OK017798.1,main,main,2.615435184003945,21.93063223242807
154,60,0.111649639439639,125.652144827859,41.187288606847,125.647626149918,41.1790541728186,844.555736503146,844.444086863706,2020.59337319161,2020.70502283105,SC1_OK017797.1,main,main,0.989968478047502,8.86674137969525
154,59,0.111649639439639,125.652144827859,41.187288606847,125.688638131832,41.167511287005,844.555736503146,844.444086863706,2020.59337319161,2020.70502283105,SC1_OK017800.1,main,main,3.7684011578621894,33.75202263773987
152,61,0.0788814100057775,125.258752861196,41.0231846366949,125.280703040803,41.0474216840895,844.555736503146,844.47685509314,2020.62614142104,2020.70502283105,SC1_OK017799.1,main,main,3.263719685907614,41.37501707523445
152,62,0.0788814100057775,125.258752861196,41.0231846366949,125.289854595328,41.0333802774106,844.555736503146,844.47685509314,2020.62614142104,2020.70502283105,SC1_OK017794.1,main,main,2.850186877739115,36.13255490146993
271,272,24.3304701497815,114.453583988295,27.5220551962051,112.105959879401,28.8843577941061,844.780972305107,820.450502155326,1996.59978848323,2020.93025863301,,main,main,275.5156106029582,11.323891766449586
246,247,8.11653580238153,117.611714606621,28.892523783386,117.555368990097,28.8239422994643,844.832388722988,836.715852920607,2012.86513924851,2020.98167505089,,main,main,9.380941770520181,1.1557814810313103
259,76,13.5177808075461,112.274850197756,28.8498358301981,112.203614770463,28.8472470307781,844.974001343328,831.456220535782,2007.60550686369,2021.12328767123,SC1_OK017832.1,main,main,6.957115651964732,0.5146640377598833
261,79,4.83243241717575,111.336256500329,27.0780768653137,111.536402725342,26.9047450260072,844.974001343328,840.141568926153,2016.29085525406,2021.12328767123,SC1_OK017833.1,main,main,27.632555230033315,5.718146234558784
272,136,0.193029038221081,112.105959879401,28.8843577941061,112.106007820739,28.8848037940929,844.974001343328,844.780972305107,2020.93025863301,2021.12328767123,SC1_OK017803.1,main,main,0.049652621425918524,0.2572287666327702
272,137,0.193029038221081,112.105959879401,28.8843577941061,112.107366139875,28.9299257891579,844.974001343328,844.780972305107,2020.93025863301,2021.12328767123,SC1_OK017804.1,main,main,5.05235560781644,26.174070255843322
254,70,72.4318809440339,110.840214940264,29.7304170025492,109.059297617756,27.396512705711,845.050713672096,772.618832728062,1948.76811905597,2021.2,SC1_OK017829.1,main,main,311.8702274787626,4.305703833919984
270,138,40.5822289325081,114.438625136877,27.7854440499922,113.180743254668,26.2004281315744,845.050713672096,804.468484739588,1980.61777106749,2021.2,SC1_OK017805.1,main,main,215.48092489124218,5.309736073136997
253,68,30.2243516462733,111.615434506655,28.9755406686882,110.302542632225,27.4919628055604,845.050713672096,814.826362025822,1990.97564835373,2021.2,SC1_OK017835.1,main,main,208.88982851549952,6.911308833361059
253,69,30.2243516462733,111.615434506655,28.9755406686882,111.996012368224,28.1753567947413,845.050713672096,814.826362025822,1990.97564835373,2021.2,SC1_OK017834.1,main,main,96.18236130375382,3.1822803820380123
162,48,0.838702154885052,105.617974981682,26.6300540742437,105.652346505692,26.6297676907344,845.050713672096,844.212011517211,2020.36129784511,2021.2,SC1_OK017830.1,main,main,3.4227859460031556,4.081050616201487
162,49,0.838702154885052,105.617974981682,26.6300540742437,105.540117561949,26.655284778156,845.050713672096,844.212011517211,2020.36129784511,2021.2,SC1_OK017831.1,main,main,8.240658603139137,9.825488768737642
276,132,3.26635222522676,101.372663958461,21.821380020386,101.526619272542,21.9491939548719,845.175645178945,841.909292953718,2018.05857928162,2021.32493150685,SC1_OK017806.1,main,main,21.294186212892043,6.519255960343878
226,97,16.8700956775723,117.979082281815,26.6743776431021,119.487245086065,27.1949603731863,845.217836959767,828.347741282195,2004.4970276101,2021.36712328767,SC1_OK017808.1,main,main,160.50043555754186,9.51390191407846
243,112,12.6742387170859,118.374429184793,26.4800507365421,118.235297403568,26.3858022362761,845.217836959767,832.543598242681,2008.69288457059,2021.36712328767,SC1_OK017809.1,main,main,17.36783893275928,1.3703260069850212
244,110,7.8430784781919,117.939643455628,26.5013793485076,117.932793546288,26.5883387900945,845.217836959767,837.374758481575,2013.52404480948,2021.36712328767,SC1_OK017810.1,main,main,9.65894338753372,1.2315245109928366
244,111,7.8430784781919,117.939643455628,26.5013793485076,117.864046177093,26.493020757368,845.217836959767,837.374758481575,2013.52404480948,2021.36712328767,SC1_OK017811.1,main,main,7.5931691460229365,0.9681363213610766
239,113,16.3284878031619,115.374263017751,29.6964424892037,115.411114646065,27.2091082464871,845.384960247438,829.056472444276,2005.20575877218,2021.53424657534,SC1_OK017837.1,main,main,275.68713579666183,16.88381307075337
245,114,11.8385351358779,117.869957534658,29.5754093511235,118.042279708112,30.1058941668618,845.384960247438,833.54642511156,2009.69571143946,2021.53424657534,SC1_OK017807.1,main,main,61.116692617945866,5.1625215380512275
241,118,9.11029033210343,115.412203278206,29.7075367885855,114.860996740959,29.3725901377139,845.384960247438,836.274669915335,2012.42395624324,2021.53424657534,SC1_OK017836.1,main,main,65.06062680670586,7.141443843720437
246,115,8.66910732683134,117.611714606621,28.892523783386,117.370098658895,29.3028146642313,845.384960247438,836.715852920607,2012.86513924851,2021.53424657534,SC1_OK017838.1,main,main,51.19806977465998,5.90580642786591
260,77,6.28330623287295,112.216836077137,28.9151559836724,115.982855927758,26.5948886577123,845.384960247438,839.101654014565,2015.25094034247,2021.53424657534,SC1_OK017860.1,main,main,451.5591329314375,71.86648496757553
227,98,2.7881855922047,117.10574533362,28.0095058155942,116.821421030559,27.7597198542674,845.384960247438,842.596774655234,2018.74606098314,2021.53424657534,SC1_OK017844.1,main,main,39.3702419448776,14.120380671555797
227,99,2.7881855922047,117.10574533362,28.0095058155942,117.124926330962,28.003008518277,845.384960247438,842.596774655234,2018.74606098314,2021.53424657534,SC1_OK017845.1,main,main,2.0193031130368517,0.7242355453964345
249,82,1.9712095294553,115.037538931713,26.3384821069669,115.498802251468,26.6630512499789,845.384960247438,843.413750717983,2019.56303704589,2021.53424657534,SC1_OK017842.1,main,main,58.37478576942913,29.613688903766462
250,80,1.91448083626189,115.075656513226,26.2687783564185,115.246516537883,26.3959094963547,845.384960247438,843.470479411176,2019.61976573908,2021.53424657534,SC1_OK017841.1,main,main,22.12146256997811,11.554810134935204
250,81,1.91448083626189,115.075656513226,26.2687783564185,115.347331583222,26.3092993723681,845.384960247438,843.470479411176,2019.61976573908,2021.53424657534,SC1_OK017843.1,main,main,27.50148263363602,14.364981938045357
247,116,0.55257152444981,117.555368990097,28.8239422994643,117.578546443221,28.8057504019398,845.384960247438,844.832388722988,2020.98167505089,2021.53424657534,SC1_OK017840.1,main,main,3.030468798248728,5.484301423722723
247,117,0.55257152444981,117.555368990097,28.8239422994643,117.500297049109,28.7697254002649,845.384960247438,844.832388722988,2020.98167505089,2021.53424657534,SC1_OK017839.1,main,main,8.06324287947131,14.592215709088164
200,26,8.46301727230396,103.085640819906,25.0569462374821,109.69687752932518,21.653213622305277,826.80413832963,818.341121057326,1994.49040738523,2002.95342465753,SC1_AY394995.1,,,773.8258405024154,91.43616462119664
