node1,node2,length,startLon,startLat,endLon,endLat,endNodeL,startNodeL,startYear,endYear,tipLabel
141,142,14277291.73,103.490861489434,25.4795848517911,103.398713495197,25.2950079463691,14277291.73,0,-14473288.815426,-195997.085425976,NA
141,183,14406844.43,103.490861489434,25.4795848517911,102.91597890064,25.9461396664627,14406844.43,0,-14473288.815426,-66444.3854259771,NA
142,143,145040.5395,103.398713495197,25.2950079463691,103.755114012103,23.8639119045347,14422332.2695,14277291.73,-195997.085425976,-50956.5459259765,NA
142,146,191311.1376,103.398713495197,25.2950079463691,103.376918955775,25.2224388606717,14468602.8676,14277291.73,-195997.085425976,-4685.94782597732,NA
183,206,65510.77313,102.91597890064,25.9461396664627,100.363289291889,23.1280104887227,14472355.20313,14406844.43,-66444.3854259771,-933.612295977516,NA
183,184,66604.08201,102.91597890064,25.9461396664627,104.388321721476,25.1743967751234,14473448.51201,14406844.43,-66444.3854259771,159.696584021928,NA
146,154,5341.420914,103.376918955775,25.2224388606717,102.829041444338,25.4792453310441,14473944.288514,14468602.8676,-4685.94782597732,655.473088024439,NA
206,207,2012.657539,100.363289291889,23.1280104887227,100.35742468034,22.924750749817,14474367.860669,14472355.20313,-933.612295977516,1079.04524302322,NA
154,160,733.4181652,102.829041444338,25.4792453310441,113.090039250021,25.8470760885627,14474677.7066792,14473944.288514,655.473088024439,1388.8912532239,NA
154,155,852.2302958,102.829041444338,25.4792453310441,103.233341632678,25.6375762729001,14474796.5188098,14473944.288514,655.473088024439,1507.70338382411,NA
160,170,272.904297,113.090039250021,25.8470760885627,112.753596786194,25.5543543392433,14474950.6109762,14474677.7066792,1388.8912532239,1661.7955502237,NA
160,161,328.6312715,113.090039250021,25.8470760885627,114.645385569364,26.2592734302838,14475006.3379507,14474677.7066792,1388.8912532239,1717.52252472404,NA
184,185,1671.63695,104.388321721476,25.1743967751234,107.221035745539,26.4483573109387,14475120.14896,14473448.51201,159.696584021928,1831.33353402305,NA
146,147,6518.169182,103.376918955775,25.2224388606717,103.049942979212,25.0077612503683,14475121.036782,14468602.8676,-4685.94782597732,1832.22135602336,NA
207,236,772.5653926,100.35742468034,22.924750749817,115.179214655207,29.8084956234444,14475140.4260616,14474367.860669,1079.04524302322,1851.61063562359,NA
236,237,31.42887829,115.179214655207,29.8084956234444,115.182640871985,29.8711123609024,14475171.8549399,14475140.4260616,1851.61063562359,1883.03951391231,NA
237,238,65.5438447,115.182640871985,29.8711123609024,114.253611266532,29.5333615869799,14475237.3987846,14475171.8549399,1883.03951391231,1948.58335861217,NA
207,208,872.1418317,100.35742468034,22.924750749817,103.007543222853,25.4693287254226,14475240.0025007,14474367.860669,1079.04524302322,1951.18707472298,NA
238,239,5.49568507,114.253611266532,29.5333615869799,111.255849418119,30.3864387891958,14475242.8944697,14475237.3987846,1948.58335861217,1954.07904368292,NA
161,162,240.144376,114.645385569364,26.2592734302838,110.874911037084,29.8642846855332,14475246.4823267,14475006.3379507,1717.52252472404,1957.66690072443,NA
236,249,110.1836583,115.179214655207,29.8084956234444,115.131785545423,29.7887144560212,14475250.6097199,14475140.4260616,1851.61063562359,1961.79429392356,NA
238,242,14.75325393,114.253611266532,29.5333615869799,114.498565764428,29.1397119795457,14475252.1520385,14475237.3987846,1948.58335861217,1963.33661254335,NA
155,156,469.4028953,103.233341632678,25.6375762729001,102.770919126309,25.0231094319875,14475265.9217051,14474796.5188098,1507.70338382411,1977.10627912383,NA
242,243,17.16654499,114.498565764428,29.1397119795457,114.294664475287,29.1712190961327,14475269.3185835,14475252.1520385,1963.33661254335,1980.5031575321,NA
249,271,24.4496064,115.131785545423,29.7887144560212,115.843633933327,29.9676143966364,14475275.0593263,14475250.6097199,1961.79429392356,1986.24390032354,NA
185,190,159.2974025,107.221035745539,26.4483573109387,106.018079198111,24.6274193646179,14475279.4463625,14475120.14896,1831.33353402305,1990.63093652229,NA
185,186,161.7726891,107.221035745539,26.4483573109387,113.525889314497,26.4440777971899,14475281.9216491,14475120.14896,1831.33353402305,1993.1062231234,NA
239,241,41.66603917,111.255849418119,30.3864387891958,106.04735677393,32.8761112012708,14475284.5605088,14475242.8944697,1954.07904368292,1995.74508285362,NA
162,163,38.95733745,110.874911037084,29.8642846855332,111.006580229119,30.3931013393733,14475285.4396641,14475246.4823267,1957.66690072443,1996.6242381728,NA
208,209,47.57341749,103.007543222853,25.4693287254226,102.91427044132,25.2984371369028,14475287.5759182,14475240.0025007,1951.18707472298,1998.76049221333,NA
163,164,2.565779521,111.006580229119,30.3931013393733,110.974535238679,30.7648458700028,14475288.0054437,14475285.4396641,1996.6242381728,1999.19001769486,NA
147,148,167.8785663,103.049942979212,25.0077612503683,103.062494516956,25.2226298900298,14475288.9153483,14475121.036782,1832.22135602336,2000.09992232385,NA
209,210,3.633665283,102.91427044132,25.2984371369028,102.888180640592,25.2370989132287,14475291.2095835,14475287.5759182,1998.76049221333,2002.3941574956,NA
170,171,341.0023272,112.753596786194,25.5543543392433,111.810662895562,24.4279983282906,14475291.6133034,14474950.6109762,1661.7955502237,2002.79787742372,NA
210,214,1.473971777,102.888180640592,25.2370989132287,102.917418830147,25.288967063581,14475292.6835552,14475291.2095835,2002.3941574956,2003.86812927227,NA
171,172,2.356836121,111.810662895562,24.4279983282906,115.639421848885,24.996923098598,14475293.9701395,14475291.6133034,2002.79787742372,2005.15471354525,NA
156,157,29.11010854,102.770919126309,25.0231094319875,102.899624519725,25.0332675858226,14475295.0318136,14475265.9217051,1977.10627912383,2006.21638766329,NA
171,179,3.690066908,111.810662895562,24.4279983282906,111.921778232389,24.439493537512,14475295.3033703,14475291.6133034,2002.79787742372,2006.48794433128,NA
184,193,1847.205193,104.388321721476,25.1743967751234,124.904348216378,42.0185481909113,14475295.717203,14473448.51201,159.696584021928,2006.9017770237,NA
249,250,46.60735272,115.131785545423,29.7887144560212,114.267683224927,22.6404457408993,14475297.2170726,14475250.6097199,1961.79429392356,2008.40164664227,NA
210,211,6.257550651,102.888180640592,25.2370989132287,112.368201589364,23.1437023268933,14475297.4671341,14475291.2095835,2002.3941574956,2008.65170814681,NA
211,212,0.4452164825,112.368201589364,23.1437023268933,112.361214926886,23.1433712799953,14475297.9123506,14475297.4671341,2008.65170814681,2009.09692462932,NA
250,259,0.8472808813,114.267683224927,22.6404457408993,114.085664499796,22.5018304254946,14475298.0643535,14475297.2170726,2008.40164664227,2009.24892752457,NA
214,215,5.770354844,102.917418830147,25.288967063581,101.840833392672,23.3530127373465,14475298.4539101,14475292.6835552,2003.86812927227,2009.6384841169,NA
193,194,2.902692179,124.904348216378,42.0185481909113,125.019948426911,41.6628925863458,14475298.6198952,14475295.717203,2006.9017770237,2009.80446920197,NA
271,274,24.05315662,115.843633933327,29.9676143966364,115.307436449576,28.1191200204834,14475299.1124829,14475275.0593263,1986.24390032354,2010.29705694343,NA
186,187,17.37483208,113.525889314497,26.4440777971899,113.727970546222,26.388049295744,14475299.2964812,14475281.9216491,1993.1062231234,2010.48105520222,NA
214,216,6.745462105,102.917418830147,25.288967063581,102.981229438974,25.0266485378006,14475299.4290174,14475292.6835552,2003.86812927227,2010.61359137695,NA
143,144,52968.15489,103.755114012103,23.8639119045347,101.424850159764,21.6337695929638,14475300.42439,14422332.2695,-50956.5459259765,2011.60896402437,NA
242,246,48.80576125,114.498565764428,29.1397119795457,113.317098507375,27.8168347488439,14475300.9577998,14475252.1520385,1963.33661254335,2012.14237379308,NA
271,272,26.35839016,115.843633933327,29.9676143966364,115.746501664634,29.91667126886,14475301.4177165,14475275.0593263,1986.24390032354,2012.60229048345,NA
216,217,2.588762467,102.981229438974,25.0266485378006,102.990202905246,25.0353104536294,14475302.0177798,14475299.4290174,2010.61359137695,2013.20235384467,NA
250,251,5.334898097,114.267683224927,22.6404457408993,114.170004835094,22.604528225325,14475302.5519707,14475297.2170726,2008.40164664227,2013.73654473971,NA
194,199,4.54085525,125.019948426911,41.6628925863458,125.300280577159,41.826666266675,14475303.1607504,14475298.6198952,2009.80446920197,2014.34532445136,NA
243,244,34.07470028,114.294664475287,29.1712190961327,108.197671538432,23.3154904769719,14475303.3932838,14475269.3185835,1980.5031575321,2014.57785781312,NA
172,176,9.535662591,115.639421848885,24.996923098598,115.598174875181,24.7208343190178,14475303.5058021,14475293.9701395,2005.15471354525,2014.69037613484,NA
217,226,2.080379105,102.990202905246,25.0353104536294,102.752785239781,24.7745966227169,14475304.0981589,14475302.0177798,2013.20235384467,2015.28273294892,NA
176,177,0.7555703567,115.598174875181,24.7208343190178,116.09725405152,25.6283388139566,14475304.2613725,14475303.5058021,2014.69037613484,2015.44594649251,NA
199,200,1.718468485,125.300280577159,41.826666266675,125.298661462508,41.9586347649834,14475304.8792189,14475303.1607504,2014.34532445136,2016.06379293676,NA
157,158,10.10251074,102.899624519725,25.0332675858226,106.705250242904,25.7227519196615,14475305.1343244,14475295.0318136,2006.21638766329,2016.31889840427,NA
190,191,25.70817426,106.018079198111,24.6274193646179,101.353947505628,21.2631081274791,14475305.1545368,14475279.4463625,1990.63093652229,2016.33911078263,NA
259,260,7.184615944,114.085664499796,22.5018304254946,114.091470382596,22.3952676349551,14475305.2489694,14475298.0643535,2009.24892752457,2016.43354346815,NA
161,168,298.9637153,114.645385569364,26.2592734302838,114.462948343054,26.3906521998284,14475305.301666,14475006.3379507,1717.52252472404,2016.486240024,NA
217,218,3.448077607,102.990202905246,25.0353104536294,102.926069311825,24.9719579989847,14475305.4658574,14475302.0177798,2013.20235384467,2016.65043145257,NA
172,173,11.5148266,115.639421848885,24.996923098598,115.60217777099,24.8627772602425,14475305.4849661,14475293.9701395,2005.15471354525,2016.66954014476,NA
179,180,10.31897712,111.921778232389,24.439493537512,111.723887288349,24.3140496907233,14475305.6223474,14475295.3033703,2006.48794433128,2016.80692145068,NA
260,261,0.6682336119,114.091470382596,22.3952676349551,114.102532844417,22.3990850192845,14475305.9172031,14475305.2489694,2016.43354346815,2017.1017770807,NA
177,178,2.429585415,116.09725405152,25.6283388139566,115.734987943587,25.7146460016563,14475306.6909579,14475304.2613725,2015.44594649251,2017.87553190652,NA
261,262,0.8612781612,114.102532844417,22.3990850192845,114.106843249083,22.4014344565468,14475306.7784812,14475305.9172031,2017.1017770807,2017.96305524211,NA
206,279,2951.647898,100.363289291889,23.1280104887227,99.5529709016024,26.0762302728441,14475306.851028,14472355.20313,-933.612295977516,2018.03560202222,NA
194,195,8.238775588,125.019948426911,41.6628925863458,124.901801022146,41.3827616379803,14475306.8586708,14475298.6198952,2009.80446920197,2018.04324479054,NA
195,196,0.02495170697,124.901801022146,41.3827616379803,124.927254263843,41.407132333019,14475306.8836225,14475306.8586708,2018.04324479054,2018.06819649625,NA
226,227,3.009647205,102.752785239781,24.7745966227169,102.824369844777,24.7654843977027,14475307.1078061,14475304.0981589,2015.28273294892,2018.29238015439,NA
148,149,18.35631894,103.062494516956,25.2226298900298,101.30484815618,24.0896208240603,14475307.2716672,14475288.9153483,2000.09992232385,2018.45624126333,NA
180,181,1.66090788,111.723887288349,24.3140496907233,112.022718301678,24.1980087235771,14475307.2832553,14475305.6223474,2016.80692145068,2018.46782933201,NA
168,169,2.064170047,114.462948343054,26.3906521998284,114.441349667303,26.7021024782325,14475307.365836,14475305.301666,2016.486240024,2018.55041006978,NA
218,219,1.989159261,102.926069311825,24.9719579989847,102.967379965599,24.9549201688548,14475307.4550167,14475305.4658574,2016.65043145257,2018.63959071252,NA
187,189,8.347975834,113.727970546222,26.388049295744,122.163032433659,29.8433716058937,14475307.644457,14475299.2964812,2010.48105520222,2018.82903103742,NA
173,174,2.207095481,115.60217777099,24.8627772602425,115.597214469057,24.8599869954388,14475307.6920616,14475305.4849661,2016.66954014476,2018.87663562621,NA
200,201,2.927759295,125.298661462508,41.9586347649834,125.21230429129,41.636006612404,14475307.8069782,14475304.8792189,2016.06379293676,2018.99155223209,NA
201,204,0.2094501255,125.21230429129,41.636006612404,125.19813161302,41.6422360755419,14475308.0164283,14475307.8069782,2018.99155223209,2019.20100235778,NA
204,205,0.03576441795,125.19813161302,41.6422360755419,125.19842603021,41.6312838001034,14475308.0521928,14475308.0164283,2019.20100235778,2019.23676677446,NA
196,197,1.290206042,124.927254263843,41.407132333019,124.935923227513,41.3546312302871,14475308.1738285,14475306.8836225,2018.06819649625,2019.3584025393,NA
260,267,2.939625119,114.091470382596,22.3952676349551,114.302771143252,22.2210458341425,14475308.1885946,14475305.2489694,2016.43354346815,2019.37316858794,NA
251,258,5.686657669,114.170004835094,22.604528225325,114.520092011118,22.7354929031382,14475308.2386284,14475302.5519707,2013.73654473971,2019.42320240873,NA
274,275,9.231760499,115.307436449576,28.1191200204834,118.791830192086,27.7317181848977,14475308.3442434,14475299.1124829,2010.29705694343,2019.52881744157,NA
246,247,7.421563606,113.317098507375,27.8168347488439,113.419891598564,27.9701459733297,14475308.3793634,14475300.9577998,2012.14237379308,2019.56393739793,NA
275,277,0.05177225233,118.791830192086,27.7317181848977,119.420851597038,28.1034592447551,14475308.3960157,14475308.3442434,2019.52881744157,2019.58058969329,NA
218,222,3.019182468,102.926069311825,24.9719579989847,102.959139354734,24.9435658942475,14475308.4850399,14475305.4658574,2016.65043145257,2019.66961392041,NA
244,245,5.247033322,108.197671538432,23.3154904769719,109.145313481638,26.0381892141789,14475308.6403171,14475303.3932838,2014.57785781312,2019.82489113535,NA
274,278,9.534358402,115.307436449576,28.1191200204834,115.202036245902,27.9694490869294,14475308.6468413,14475299.1124829,2010.29705694343,2019.83141534428,NA
144,145,8.266760419,101.424850159764,21.6337695929638,102.140311546287,18.6464167715553,14475308.6911504,14475300.42439,2011.60896402437,2019.87572444256,NA
216,228,9.302800955,102.981229438974,25.0266485378006,103.114904650005,24.9954055044903,14475308.7318183,14475299.4290174,2010.61359137695,2019.9163923322,NA
272,273,7.338068549,115.746501664634,29.91667126886,115.702676683033,29.8717824563459,14475308.755785,14475301.4177165,2012.60229048345,2019.94035903204,NA
173,175,3.277532393,115.60217777099,24.8627772602425,115.651927024083,24.8367793761479,14475308.7624985,14475305.4849661,2016.66954014476,2019.94707253787,NA
222,224,0.4332922069,102.959139354734,24.9435658942475,102.936417713054,24.9013679453984,14475308.9183321,14475308.4850399,2019.66961392041,2020.10290612678,NA
267,268,0.7946160889,114.302771143252,22.2210458341425,114.390884553337,22.254025454881,14475308.9832107,14475308.1885946,2019.37316858794,2020.16778467621,NA
224,225,0.06496046683,102.936417713054,24.9013679453984,103.015232350311,25.0818383439944,14475308.9832926,14475308.9183321,2020.10290612678,2020.16786659348,NA
251,252,6.485815557,114.170004835094,22.604528225325,114.565187075368,22.945206919424,14475309.0377863,14475302.5519707,2013.73654473971,2020.22236029643,NA
191,192,4.061896108,101.353947505628,21.2631081274791,101.427989274948,21.3318033129132,14475309.2164329,14475305.1545368,2016.33911078263,2020.40100689072,NA
222,223,0.763185807,102.959139354734,24.9435658942475,103.128039385011,24.8149913526401,14475309.2482257,14475308.4850399,2019.66961392041,2020.43279972698,NA
239,240,66.46627567,111.255849418119,30.3864387891958,111.299339815643,30.8232818768679,14475309.3607453,14475242.8944697,1954.07904368292,2020.54531935255,NA
164,165,21.36404455,110.974535238679,30.7648458700028,113.509209654391,36.7873290437742,14475309.3694882,14475288.0054437,1999.19001769486,2020.55406224381,NA
252,253,0.3440451527,114.565187075368,22.945206919424,114.572586143871,22.9537642277199,14475309.3818314,14475309.0377863,2020.22236029643,2020.56640544932,NA
162,167,62.92928871,110.874911037084,29.8642846855332,102.169999739703,24.9252236476894,14475309.4116154,14475246.4823267,1957.66690072443,2020.59618943396,NA
219,220,2.035673412,102.967379965599,24.9549201688548,102.843737363205,24.9312320092782,14475309.4906901,14475307.4550167,2018.63959071252,2020.67526412408,NA
228,229,0.8013372179,103.114904650005,24.9954055044903,103.035459590715,24.9992457118102,14475309.5331555,14475308.7318183,2019.9163923322,2020.71772955011,NA
229,230,0.01504978403,103.035459590715,24.9992457118102,103.027464241575,24.9952702724026,14475309.5482053,14475309.5331555,2020.71772955011,2020.73277933549,NA
253,254,0.2220212292,114.572586143871,22.9537642277199,114.389816633804,22.7494382175514,14475309.6038527,14475309.3818314,2020.56640544932,2020.78842667888,NA
149,150,2.340094071,101.30484815618,24.0896208240603,101.22272704226,24.0889319160063,14475309.6117613,14475307.2716672,2018.45624126333,2020.79633533421,NA
149,152,2.353138517,101.30484815618,24.0896208240603,101.320079133719,24.0434510250169,14475309.6248058,14475307.2716672,2018.45624126333,2020.80937978092,NA
262,263,2.850451136,114.106843249083,22.4014344565468,114.082871462602,22.4246724411353,14475309.6289324,14475306.7784812,2017.96305524211,2020.81350637812,NA
158,159,4.534998811,106.705250242904,25.7227519196615,105.594137741471,25.1642846815548,14475309.6693232,14475305.1343244,2016.31889840427,2020.85389721419,NA
187,188,10.39492302,113.727970546222,26.388049295744,113.547330920172,26.4564514846307,14475309.6914042,14475299.2964812,2010.48105520222,2020.87597822237,NA
212,213,11.78031633,112.361214926886,23.1433712799953,112.360073355739,23.1437123013595,14475309.6926669,14475297.9123506,2009.09692462932,2020.87724095981,NA
219,221,2.249565055,102.967379965599,24.9549201688548,102.966381106395,24.9604550922396,14475309.7045817,14475307.4550167,2018.63959071252,2020.88915576811,NA
150,151,0.1429210386,101.22272704226,24.0889319160063,101.205497088307,24.0798588238117,14475309.7546824,14475309.6117613,2020.79633533421,2020.93925637405,NA
259,270,11.71886741,114.085664499796,22.5018304254946,114.176013631723,22.5421737378494,14475309.7832209,14475298.0643535,2009.24892752457,2020.96779493454,NA
152,153,0.1635648088,101.320079133719,24.0434510250169,101.31218019815,24.0277479167919,14475309.7883706,14475309.6248058,2020.80937978092,2020.97294458959,NA
229,231,0.2756076856,103.035459590715,24.9992457118102,103.027517521724,24.9870315179389,14475309.8087632,14475309.5331555,2020.71772955011,2020.9933372366,NA
231,232,0.007483828719,103.027517521724,24.9870315179389,103.027936728322,24.9919253767213,14475309.816247,14475309.8087632,2020.9933372366,2021.00082106541,NA
267,269,1.663530649,114.302771143252,22.2210458341425,114.066892967933,22.0992962355603,14475309.8521252,14475308.1885946,2019.37316858794,2021.03669923569,NA
254,255,0.2514608652,114.389816633804,22.7494382175514,114.370521853743,22.733193930207,14475309.8553135,14475309.6038527,2020.78842667888,2021.03988754402,NA
263,265,0.2450922966,114.082871462602,22.4246724411353,114.114750379946,22.4550115688745,14475309.8740247,14475309.6289324,2020.81350637812,2021.05859867323,NA
165,166,0.6503523626,113.509209654391,36.7873290437742,113.583176461833,36.7808429524459,14475310.0198406,14475309.3694882,2020.55406224381,2021.20441460635,NA
201,202,2.225711559,125.21230429129,41.636006612404,125.206372981628,41.6214027388116,14475310.0326898,14475307.8069782,2018.99155223209,2021.2172637901,NA
263,264,0.412142502,114.082871462602,22.4246724411353,114.084687042327,22.5122901741716,14475310.0410749,14475309.6289324,2020.81350637812,2021.2256488784,NA
202,203,0.05543011865,125.206372981628,41.6214027388116,125.210683875472,41.6350510601149,14475310.0881199,14475310.0326898,2021.2172637901,2021.27269390996,NA
247,248,1.771299495,113.419891598564,27.9701459733297,113.377366202135,27.9557867444498,14475310.1506629,14475308.3793634,2019.56393739793,2021.33523689422,NA
252,256,1.177349904,114.565187075368,22.945206919424,114.583763559799,22.9411326131439,14475310.2151362,14475309.0377863,2020.22236029643,2021.39971020098,NA
232,233,0.4192928662,103.027936728322,24.9919253767213,102.619882197377,24.7772086979106,14475310.2355399,14475309.816247,2021.00082106541,2021.42011393073,NA
181,182,2.975575638,112.022718301678,24.1980087235771,111.911633237559,24.1950662252863,14475310.2588309,14475307.2832553,2018.46782933201,2021.44340496908,NA
233,234,0.03663472022,102.619882197377,24.7772086979106,102.618773949102,24.7716830206213,14475310.2721746,14475310.2355399,2021.42011393073,2021.4567486516,NA
197,198,2.10010677,124.935923227513,41.3546312302871,124.407125224205,41.6093820439851,14475310.2739353,14475308.1738285,2019.3584025393,2021.45850930947,NA
234,235,0.002238899052,102.618773949102,24.7716830206213,102.615453758572,24.7616456673016,14475310.2744135,14475310.2721746,2021.4567486516,2021.45898755107,NA
256,257,0.07594603586,114.583763559799,22.9411326131439,114.585265493284,22.9422123486022,14475310.2910822,14475310.2151362,2021.39971020098,2021.47565623585,NA
262,266,3.52688239,114.106843249083,22.4014344565468,113.900628057739,22.3315949540671,14475310.3053636,14475306.7784812,2017.96305524211,2021.48993763167,NA
275,276,1.999343415,118.791830192086,27.7317181848977,118.248656801388,27.4150254548321,14475310.3435868,14475308.3442434,2019.52881744157,2021.52816085729,NA
211,88,12.87878465,112.368201589364,23.1437023268933,112.571101675242,22.8939031556089,14475310.3459188,14475297.4671341,2008.65170814681,2021.53049279775,SC1_OK017792.1
215,66,11.89200868,101.840833392672,23.3530127373465,101.95735919706,23.4031807955269,14475310.3459188,14475298.4539101,2009.6384841169,2021.53049279775,SC1_OK017793.1
215,93,11.89200868,101.840833392672,23.3530127373465,101.844012880592,23.3857582315296,14475310.3459188,14475298.4539101,2009.6384841169,2021.53049279775,SC1_OK017858.1
212,89,12.43356817,112.361214926886,23.1433712799953,108.186921614049,26.8932143024657,14475310.3459188,14475297.9123506,2009.09692462932,2021.53049279961,SC1_FJ588686.1
226,76,6.247759852,102.752785239781,24.7745966227169,103.180142441976,24.7603921911007,14475310.3459188,14475304.0981589,2015.28273294892,2021.53049280147,SC1_MK211378.1
227,86,3.238112646,102.824369844777,24.7654843977027,102.808231702157,24.6311257690924,14475310.3459188,14475307.1078061,2018.29238015439,2021.53049280147,SC1_MK211377.1
227,87,3.238112646,102.824369844777,24.7654843977027,102.854746151108,24.7892034237235,14475310.3459188,14475307.1078061,2018.29238015439,2021.53049280147,SC1_KY417151.1
228,75,1.614100468,103.114904650005,24.9954055044903,103.026172722572,25.0135280260407,14475310.3459188,14475308.7318183,2019.9163923322,2021.53049280147,SC1_OK017848.1
224,78,1.427586674,102.936417713054,24.9013679453984,102.792138344571,24.8932494566658,14475310.3459188,14475308.9183321,2020.10290612678,2021.53049280147,SC1_KY417148.1
225,85,1.362626208,103.015232350311,25.0818383439944,103.016549333414,25.0986369311364,14475310.3459188,14475308.9832926,2020.16786659348,2021.53049280147,SC1_KY417152.1
225,84,1.362626208,103.015232350311,25.0818383439944,103.008819566381,25.0851035707597,14475310.3459188,14475308.9832926,2020.16786659348,2021.53049280147,SC1_KY417150.1
223,79,1.097693074,103.128039385011,24.8149913526401,103.058357355913,24.6534658393289,14475310.3459188,14475309.2482257,2020.43279972698,2021.53049280147,SC1_KT444582.1
223,77,1.097693074,103.128039385011,24.8149913526401,102.810154785839,24.6401454381109,14475310.3459188,14475309.2482257,2020.43279972698,2021.53049280147,SC1_KY417146.1
220,82,0.855228677,102.843737363205,24.9312320092782,102.608302184473,24.7324060676763,14475310.3459188,14475309.4906901,2020.67526412408,2021.53049280147,SC1_KY417143.1
220,83,0.855228677,102.843737363205,24.9312320092782,102.787196461375,25.108465852091,14475310.3459188,14475309.4906901,2020.67526412408,2021.53049280147,SC1_KC881005.1
230,70,0.7977134665,103.027464241575,24.9952702724026,102.896060671054,24.9589565078846,14475310.3459188,14475309.5482053,2020.73277933549,2021.53049280147,SC1_KF367457.1
230,67,0.7977134665,103.027464241575,24.9952702724026,103.128819011238,25.0038828337126,14475310.3459188,14475309.5482053,2020.73277933549,2021.53049280147,SC1_OK017851.1
221,80,0.6413370337,102.966381106395,24.9604550922396,103.010048720083,24.7534128109045,14475310.3459188,14475309.7045817,2020.88915576811,2021.53049280147,SC1_KY417149.1
221,81,0.6413370337,102.966381106395,24.9604550922396,102.954025552068,24.9612098282297,14475310.3459188,14475309.7045817,2020.88915576811,2021.53049280147,SC1_KY417142.1
231,74,0.5371555649,103.027517521724,24.9870315179389,103.035762961039,24.9959016453637,14475310.3459188,14475309.8087632,2020.9933372366,2021.53049280147,SC1_KY417147.1
232,73,0.5296717361,103.027936728322,24.9919253767213,103.051209426677,24.9128577641674,14475310.3459188,14475309.816247,2021.00082106541,2021.53049280147,SC1_OK017850.1
233,68,0.1103788699,102.619882197377,24.7772086979106,102.406819470853,24.7218023889591,14475310.3459188,14475310.2355399,2021.42011393073,2021.53049280147,SC1_OK017847.1
234,71,0.0737441497,102.618773949102,24.7716830206213,102.617301072329,24.7758685627422,14475310.3459188,14475310.2721746,2021.4567486516,2021.53049280147,SC1_KC881006.1
235,72,0.07150525065,102.615453758572,24.7616456673016,102.629966215775,24.7829513565466,14475310.3459188,14475310.2744135,2021.45898755107,2021.53049280147,SC1_OK017849.1
235,69,0.07150525065,102.615453758572,24.7616456673016,102.628103351818,24.7626167701019,14475310.3459188,14475310.2744135,2021.45898755107,2021.53049280147,SC1_MK211376.1
208,94,70.34341808,103.007543222853,25.4693287254226,101.814664046118,26.2908179212567,14475310.3459188,14475240.0025007,1951.18707472298,2021.53049280334,SC1_MK211374.1
209,92,22.77000059,102.91427044132,25.2984371369028,102.595170743109,24.686274524516,14475310.3459188,14475287.5759182,1998.76049221333,2021.53049280334,SC1_MK211375.1
213,90,0.6532518442,112.360073355739,23.1437123013595,112.134482879381,22.8940705432003,14475310.3459188,14475309.6926669,2020.87724095981,2021.53049280334,SC1_OK017826.1
213,91,0.6532518442,112.360073355739,23.1437123013595,112.092814699524,23.0822990970788,14475310.3459188,14475309.6926669,2020.87724095981,2021.53049280334,SC1_OK017825.1
237,105,138.4909789,115.182640871985,29.8711123609024,115.278297597715,29.8464694238565,14475310.3459188,14475171.8549399,1883.03951391231,2021.53049281265,SC1_KJ473814.1
241,103,25.78540998,106.04735677393,32.8761112012708,105.993166603175,32.6691235272494,14475310.3459188,14475284.5605088,1995.74508285362,2021.53049283314,SC1_OK017846.1
241,104,25.78540998,106.04735677393,32.8761112012708,106.08444857978,33.0668818292127,14475310.3459188,14475284.5605088,1995.74508285362,2021.53049283314,SC1_JX993987.1
240,106,0.9851734798,111.299339815643,30.8232818768679,111.30501151959,30.5567393992614,14475310.3459188,14475309.3607453,2020.54531935255,2021.53049283314,SC1_DQ648857.1
240,107,0.9851734798,111.299339815643,30.8232818768679,111.385770013279,30.5982558987575,14475310.3459188,14475309.3607453,2020.54531935255,2021.53049283314,SC1_DQ412043.1
246,98,9.388119044,113.317098507375,27.8168347488439,113.307989056586,28.0073234058056,14475310.3459188,14475300.9577998,2012.14237379308,2021.53049283686,SC1_OK017835.1
247,95,1.966555438,113.419891598564,27.9701459733297,114.142692270992,28.0163477132955,14475310.3459188,14475308.3793634,2019.56393739793,2021.53049283686,SC1_OK017860.1
248,96,0.1952559431,113.377366202135,27.9557867444498,113.386342771536,27.9587966721309,14475310.3459188,14475310.1506629,2021.33523689422,2021.53049283686,SC1_OK017832.1
248,97,0.1952559431,113.377366202135,27.9557867444498,113.368397636769,27.9715226251366,14475310.3459188,14475310.1506629,2021.33523689422,2021.53049283686,SC1_OK017833.1
243,99,41.02733531,114.294664475287,29.1712190961327,114.208001200793,29.1733529806219,14475310.3459188,14475269.3185835,1980.5031575321,2021.53049284245,SC1_OK017841.1
244,102,6.952635029,108.197671538432,23.3154904769719,108.307254936377,22.9445523601682,14475310.3459188,14475303.3932838,2014.57785781312,2021.53049284245,SC1_DQ071615.1
245,100,1.705601707,109.145313481638,26.0381892141789,109.165560173304,26.080723577717,14475310.3459188,14475308.6403171,2019.82489113535,2021.53049284245,SC1_OK017829.1
245,101,1.705601707,109.145313481638,26.0381892141789,109.353078980488,26.1912651474128,14475310.3459188,14475308.6403171,2019.82489113535,2021.53049284245,SC1_OK017831.1
272,116,8.928202371,115.746501664634,29.91667126886,116.390775443398,30.285761929385,14475310.3459188,14475301.4177165,2012.60229048345,2021.53049285363,SC1_OK017807.1
273,114,1.590133822,115.702676683033,29.8717824563459,115.733610385966,29.9190700902559,14475310.3459188,14475308.755785,2019.94035903204,2021.53049285363,SC1_OK017801.1
273,115,1.590133822,115.702676683033,29.8717824563459,115.763683407119,29.8878793836743,14475310.3459188,14475308.755785,2019.94035903204,2021.53049285363,SC1_OK017802.1
270,137,0.5626979189,114.176013631723,22.5421737378494,114.420878571724,22.321702948879,14475310.3459188,14475309.7832209,2020.96779493454,2021.53049285363,SC1_GQ153542.1
270,138,0.5626979189,114.176013631723,22.5421737378494,113.992057756149,22.5318671852564,14475310.3459188,14475309.7832209,2020.96779493454,2021.53049285363,SC1_GQ153543.1
261,136,4.428715776,114.102532844417,22.3990850192845,114.221532149324,22.4713884995037,14475310.3459188,14475305.9172031,2017.1017770807,2021.53049285549,SC1_DQ084200.1
258,117,2.107290447,114.520092011118,22.7354929031382,114.52479175863,22.8043060627415,14475310.3459188,14475308.2386284,2019.42320240873,2021.53049285549,SC1_OK017828.1
258,118,2.107290447,114.520092011118,22.7354929031382,114.427229034251,22.8504053156273,14475310.3459188,14475308.2386284,2019.42320240873,2021.53049285549,SC1_OK017827.1
277,110,1.949903162,119.420851597038,28.1034592447551,118.343002475594,27.9257027914416,14475310.3459188,14475308.3960157,2019.58058969329,2021.53049285549,SC1_OK017811.1
277,108,1.949903162,119.420851597038,28.1034592447551,119.374229031538,28.1613781100952,14475310.3459188,14475308.3960157,2019.58058969329,2021.53049285549,SC1_KF294457.1
268,126,1.362708179,114.390884553337,22.254025454881,114.373895029695,22.2462655061034,14475310.3459188,14475308.9832107,2020.16778467621,2021.53049285549,SC1_GQ153541.1
268,127,1.362708179,114.390884553337,22.254025454881,114.395793343953,22.2197472209454,14475310.3459188,14475308.9832107,2020.16778467621,2021.53049285549,SC1_GQ153539.1
253,121,0.9640874066,114.572586143871,22.9537642277199,114.571109692688,22.9189344379358,14475310.3459188,14475309.3818314,2020.56640544932,2021.53049285549,SC1_OK017815.1
254,123,0.7420661774,114.389816633804,22.7494382175514,113.629435354746,22.8152079502912,14475310.3459188,14475309.6038527,2020.78842667888,2021.53049285549,SC1_OK017818.1
269,131,0.4937936192,114.066892967933,22.0992962355603,114.19686511869,22.135767741355,14475310.3459188,14475309.8521252,2021.03669923569,2021.53049285549,SC1_GQ153544.1
269,130,0.4937936192,114.066892967933,22.0992962355603,113.984713363606,22.1063499540196,14475310.3459188,14475309.8521252,2021.03669923569,2021.53049285549,SC1_DQ022305.2
255,119,0.4906053122,114.370521853743,22.733193930207,114.29170739976,22.8686892406017,14475310.3459188,14475309.8553135,2021.03988754402,2021.53049285549,SC1_OK017820.1
255,120,0.4906053122,114.370521853743,22.733193930207,114.324802487342,22.7171293375233,14475310.3459188,14475309.8553135,2021.03988754402,2021.53049285549,SC1_OK017817.1
265,129,0.4718941817,114.114750379946,22.4550115688745,113.944391420041,22.1400055107835,14475310.3459188,14475309.8740247,2021.05859867323,2021.53049285549,SC1_GQ153547.1
265,135,0.4718941817,114.114750379946,22.4550115688745,114.017750393653,22.3858002674431,14475310.3459188,14475309.8740247,2021.05859867323,2021.53049285549,SC1_GQ153545.1
264,133,0.3048439764,114.084687042327,22.5122901741716,113.954620886861,22.5150280571907,14475310.3459188,14475310.0410749,2021.2256488784,2021.53049285549,SC1_GQ153540.1
264,128,0.3048439764,114.084687042327,22.5122901741716,114.25674139924,22.5145724264345,14475310.3459188,14475310.0410749,2021.2256488784,2021.53049285549,SC1_GQ153546.1
266,132,0.04055522431,113.900628057739,22.3315949540671,113.991243030282,22.2128106014374,14475310.3459188,14475310.3053636,2021.48993763167,2021.53049285549,SC1_DQ084199.1
266,134,0.04055522431,113.900628057739,22.3315949540671,113.929554263445,22.3592413380799,14475310.3459188,14475310.3053636,2021.48993763167,2021.53049285549,SC1_GQ153548.1
276,111,0.002331998856,118.248656801388,27.4150254548321,118.231152051575,27.4090591751656,14475310.3459188,14475310.3435868,2021.52816085729,2021.53049285549,SC1_OK017809.1
276,109,0.002331998856,118.248656801388,27.4150254548321,118.238178647407,27.4082291223174,14475310.3459188,14475310.3435868,2021.52816085729,2021.53049285549,SC1_OK017810.1
278,112,1.699077512,115.202036245902,27.9694490869294,115.351996021931,28.0696346948713,14475310.3459188,14475308.6468413,2019.83141534428,2021.53049285735,SC1_OK017836.1
278,113,1.699077512,115.202036245902,27.9694490869294,115.159869765479,28.2666943767601,14475310.3459188,14475308.6468413,2019.83141534428,2021.53049285735,SC1_OK017837.1
256,124,0.1307826558,114.583763559799,22.9411326131439,114.570924038824,22.9233627076188,14475310.3459188,14475310.2151362,2021.39971020098,2021.53049285735,SC1_OK017816.1
257,122,0.05483661992,114.585265493284,22.9422123486022,114.562205320593,22.90226227292,14475310.3459188,14475310.2910822,2021.47565623585,2021.53049285735,SC1_OK017821.1
257,125,0.05483661992,114.585265493284,22.9422123486022,114.576188310244,22.9401460503057,14475310.3459188,14475310.2910822,2021.47565623585,2021.53049285735,SC1_OK017814.1
279,139,3.494891014,99.5529709016024,26.0762302728441,98.9526509897546,25.3333871411053,14475310.345919,14475306.851028,2018.03560202222,2021.53049303617,SC1_KF569996.1
279,140,3.494891014,99.5529709016024,26.0762302728441,99.1453133777524,28.0163970855586,14475310.345919,14475306.851028,2018.03560202222,2021.53049303617,SC1_JX993988.1
190,51,30.8995566,106.018079198111,24.6274193646179,100.9208202859,13.57983168067,14475310.3459191,14475279.4463625,1990.63093652229,2021.53049312371,SC1_MW251308.1
191,50,5.191382341,101.353947505628,21.2631081274791,101.269931612972,21.3079558892734,14475310.3459191,14475305.1545368,2016.33911078263,2021.53049312371,SC1_OK017806.1
192,48,1.129486233,101.427989274948,21.3318033129132,101.502368707658,21.3235325728215,14475310.3459191,14475309.2164329,2020.40100689072,2021.53049312371,SC1_MZ081381.1
192,49,1.129486233,101.427989274948,21.3318033129132,101.380702825869,21.623368609386,14475310.3459191,14475309.2164329,2020.40100689072,2021.53049312371,SC1_MW703458.1
186,47,28.42427002,113.525889314497,26.4440777971899,113.477451486788,26.6555642962502,14475310.3459191,14475281.9216491,1993.1062231234,2021.53049314234,SC1_OK017805.1
189,45,2.70146211,122.163032433659,29.8433716058937,122.201982265356,29.85701997009,14475310.3459191,14475307.644457,2018.82903103742,2021.53049314606,SC1_MG772933.1
189,46,2.70146211,122.163032433659,29.8433716058937,121.997201135476,29.8382170009259,14475310.3459191,14475307.644457,2018.82903103742,2021.53049314606,SC1_MG772934.1
188,43,0.6545149239,113.547330920172,26.4564514846307,113.675961399529,26.6810912590045,14475310.3459191,14475309.6914042,2020.87597822237,2021.53049314606,SC1_OK017803.1
188,44,0.6545149239,113.547330920172,26.4564514846307,113.480226299225,26.287623530526,14475310.3459191,14475309.6914042,2020.87597822237,2021.53049314606,SC1_OK017804.1
199,64,7.185169456,125.300280577159,41.826666266675,125.323016262683,41.7705110315864,14475310.3459199,14475303.1607504,2014.34532445136,2021.53049390789,SC1_KJ473811.1
196,53,3.462297412,124.927254263843,41.407132333019,124.973815241958,41.4575233180825,14475310.3459199,14475306.8836225,2018.06819649625,2021.53049390789,SC1_OK017795.1
204,63,2.329491551,125.19813161302,41.6422360755419,125.194110266826,41.671774488574,14475310.3459199,14475308.0164283,2019.20100235778,2021.53049390789,SC1_MT072864.1
205,57,2.293727133,125.19842603021,41.6312838001034,125.226084523242,41.7112894844335,14475310.3459199,14475308.0521928,2019.23676677446,2021.53049390789,SC1_OK017794.1
205,60,2.293727133,125.19842603021,41.6312838001034,125.92164246412,41.9472693016956,14475310.3459199,14475308.0521928,2019.23676677446,2021.53049390789,SC1_KU182964.1
197,56,2.17209137,124.935923227513,41.3546312302871,125.368920030649,41.3896571741055,14475310.3459199,14475308.1738285,2019.3584025393,2021.53049390789,SC1_OK017800.1
200,59,5.466700972,125.298661462508,41.9586347649834,125.154511032411,42.0145340475807,14475310.3459199,14475304.8792189,2016.06379293676,2021.53049390975,SC1_MT040334.1
195,55,3.487249119,124.901801022146,41.3827616379803,124.514112469133,41.1869054053151,14475310.3459199,14475306.8586708,2018.04324479054,2021.53049390975,SC1_OK017799.1
202,65,0.3132301182,125.206372981628,41.6214027388116,125.263217008508,41.6485586828118,14475310.3459199,14475310.0326898,2021.2172637901,2021.53049390975,SC1_MT040336.1
203,61,0.2577999995,125.210683875472,41.6350510601149,125.260838045497,41.7200733639636,14475310.3459199,14475310.0881199,2021.27269390996,2021.53049390975,SC1_MT040333.1
203,62,0.2577999995,125.210683875472,41.6350510601149,125.607187537759,41.7936979758946,14475310.3459199,14475310.0881199,2021.27269390996,2021.53049390975,SC1_MT040335.1
198,54,0.07198460062,124.407125224205,41.6093820439851,124.423566383085,41.5444629741089,14475310.3459199,14475310.2739353,2021.45850930947,2021.53049390975,SC1_OK017797.1
198,58,0.07198460062,124.407125224205,41.6093820439851,124.386241245149,41.5956133438005,14475310.3459199,14475310.2739353,2021.45850930947,2021.53049390975,SC1_OK017796.1
193,52,14.62871689,124.904348216378,42.0185481909113,125.067878474754,41.8888118393359,14475310.3459199,14475295.717203,2006.9017770237,2021.53049391347,SC1_OK017798.1
144,42,9.925224959,101.424850159764,21.6337695929638,101.411311420546,21.5137121815886,14475310.349615,14475300.42439,2011.60896402437,2021.53418898235,SC1_EPI_ISL_412977
145,40,1.65846454,102.140311546287,18.6464167715553,102.036830281116,18.5524036210493,14475310.349615,14475308.6911504,2019.87572444256,2021.53418898235,SC1_MZ937004.1
145,41,1.65846454,102.140311546287,18.6464167715553,102.188395728601,18.5684094386035,14475310.349615,14475308.6911504,2019.87572444256,2021.53418898235,SC1_MZ937002.1
143,39,52978.08012,103.755114012103,23.8639119045347,141.428764699145,39.2924765157439,14475310.34962,14422332.2695,-50956.5459259765,2021.53419402267,SC1_LC556375.1
147,1,189.3128898,103.049942979212,25.0077612503683,103.068530034636,24.9939884227812,14475310.3496718,14475121.036782,1832.22135602336,2021.53424582283,SC1_KY417144.1
148,8,21.4343235,103.062494516956,25.2226298900298,103.846524303281,25.7868284622653,14475310.3496718,14475288.9153483,2000.09992232385,2021.53424582283,SC1_AY394995.1
150,4,0.7379104886,101.22272704226,24.0889319160063,101.059695565854,23.8143881453954,14475310.3496718,14475309.6117613,2020.79633533421,2021.53424582283,SC1_OK017857.1
152,6,0.7248660426,101.320079133719,24.0434510250169,101.300238992828,23.9951001082998,14475310.3496718,14475309.6248058,2020.80937978092,2021.53424582283,SC1_OK017853.1
151,2,0.59498945,101.205497088307,24.0798588238117,101.2099331077,24.1140554357312,14475310.3496718,14475309.7546824,2020.93925637405,2021.53424582283,SC1_OK017856.1
151,3,0.59498945,101.205497088307,24.0798588238117,101.159622024767,24.0921543575822,14475310.3496718,14475309.7546824,2020.93925637405,2021.53424582283,SC1_OK017854.1
153,5,0.5613012339,101.31218019815,24.0277479167919,101.354602764609,24.0359479648682,14475310.3496718,14475309.7883706,2020.97294458959,2021.53424582283,SC1_OK017855.1
153,7,0.5613012339,101.31218019815,24.0277479167919,101.310598586625,24.0547895961389,14475310.3496718,14475309.7883706,2020.97294458959,2021.53424582283,SC1_OK017852.1
155,33,513.8308626,103.233341632678,25.6375762729001,98.7591299361611,24.6348611674758,14475310.3496724,14474796.5188098,1507.70338382411,2021.53424642447,SC1_KU973692.1
158,34,5.215348078,106.705250242904,25.7227519196615,106.867976637988,25.9609703190144,14475310.3496725,14475305.1343244,2016.31889840427,2021.53424648221,SC1_OK017830.1
159,36,0.6803492667,105.594137741471,25.1642846815548,105.591881506422,25.1640379246824,14475310.3496725,14475309.6693232,2020.85389721419,2021.53424648221,SC1_KY770859.1
159,37,0.6803492667,105.594137741471,25.1642846815548,105.564141230706,25.1703102492128,14475310.3496725,14475309.6693232,2020.85389721419,2021.53424648221,SC1_KY770858.1
156,38,44.42796736,102.770919126309,25.0231094319875,102.863311417886,24.8559406000166,14475310.3496725,14475265.9217051,1977.10627912383,2021.53424648407,SC1_KY417145.1
157,35,15.31785882,102.899624519725,25.0332675858226,102.840384769569,24.9993752857595,14475310.3496725,14475295.0318136,2006.21638766329,2021.53424648407,SC1_KJ473816.1
179,24,15.04630219,111.921778232389,24.439493537512,111.585501362007,24.6344513544426,14475310.3496725,14475295.3033703,2006.48794433128,2021.53424652133,SC1_KJ473815.1
174,25,2.657610895,115.597214469057,24.8599869954388,115.601163803522,24.9543849227822,14475310.3496725,14475307.6920616,2018.87663562621,2021.53424652133,SC1_OK017842.1
174,26,2.657610895,115.597214469057,24.8599869954388,115.598852355412,24.8993718179438,14475310.3496725,14475307.6920616,2018.87663562621,2021.53424652133,SC1_OK017843.1
175,27,1.587173983,115.651927024083,24.8367793761479,115.378720109725,24.3667516694224,14475310.3496725,14475308.7624985,2019.94707253787,2021.53424652133,SC1_OK017819.1
175,28,1.587173983,115.651927024083,24.8367793761479,115.79814149133,24.8529506991549,14475310.3496725,14475308.7624985,2019.94707253787,2021.53424652133,SC1_OK017813.1
182,21,0.09084155237,111.911633237559,24.1950662252863,112.109208697126,24.3059593666665,14475310.3496725,14475310.2588309,2021.44340496908,2021.53424652133,SC1_OK017822.1
182,22,0.09084155237,111.911633237559,24.1950662252863,111.887041857091,24.1848897754604,14475310.3496725,14475310.2588309,2021.44340496908,2021.53424652133,SC1_OK017824.1
170,19,359.7386963,112.753596786194,25.5543543392433,112.581463405025,25.8053761657216,14475310.3496725,14474950.6109762,1661.7955502237,2021.53424652319,SC1_OK017834.1
180,20,4.727325071,111.723887288349,24.3140496907233,111.587761145593,24.2856148893808,14475310.3496725,14475305.6223474,2016.80692145068,2021.53424652319,SC1_OK017859.1
181,23,3.066417191,112.022718301678,24.1980087235771,112.08913411717,24.1995993345801,14475310.3496725,14475307.2832553,2018.46782933201,2021.53424652319,SC1_OK017823.1
176,32,6.843870389,115.598174875181,24.7208343190178,115.06379767885,24.021815074023,14475310.3496725,14475303.5058021,2014.69037613484,2021.53424652505,SC1_OK017812.1
177,29,6.088300033,116.09725405152,25.6283388139566,116.190520570296,25.5091243878476,14475310.3496725,14475304.2613725,2015.44594649251,2021.53424652505,SC1_OK017808.1
178,30,3.658714618,115.734987943587,25.7146460016563,115.859605282533,25.7241906643361,14475310.3496725,14475306.6909579,2017.87553190652,2021.53424652505,SC1_OK017844.1
178,31,3.658714618,115.734987943587,25.7146460016563,115.647392673767,25.6917315531327,14475310.3496725,14475306.6909579,2017.87553190652,2021.53424652505,SC1_OK017845.1
163,12,24.9100084,111.006580229119,30.3931013393733,127.374240756167,35.5188667550504,14475310.3496726,14475285.4396641,1996.6242381728,2021.53424657348,SC1_KY938558.1
167,9,0.9380571396,102.169999739703,24.9252236476894,102.201158033391,24.9818281885748,14475310.3496726,14475309.4116154,2020.59618943396,2021.53424657348,SC1_KP886809.1
167,10,0.9380571396,102.169999739703,24.9252236476894,102.283602238784,25.2372393595987,14475310.3496726,14475309.4116154,2020.59618943396,2021.53424657348,SC1_KP886808.1
164,11,22.34422888,110.974535238679,30.7648458700028,111.092687091734,30.743364746763,14475310.3496726,14475288.0054437,1999.19001769486,2021.53424657534,SC1_DQ412042.1
168,17,5.048006552,114.462948343054,26.3906521998284,116.06862509649,27.3762652227328,14475310.3496726,14475305.301666,2016.486240024,2021.53424657534,SC1_OK017839.1
169,18,2.983836504,114.441349667303,26.7021024782325,114.47429172558,26.6051042886612,14475310.3496726,14475307.365836,2018.55041006978,2021.53424657534,SC1_OK017840.1
169,16,2.983836504,114.441349667303,26.7021024782325,114.473928097764,26.720290699651,14475310.3496726,14475307.365836,2018.55041006978,2021.53424657534,SC1_OK017838.1
165,15,0.9801843316,113.509209654391,36.7873290437742,112.80902019972,34.9925879673282,14475310.3496726,14475309.3694882,2020.55406224381,2021.53424657534,SC1_KY770860.1
166,13,0.329831969,113.583176461833,36.7808429524459,113.914483824201,37.1310731413811,14475310.3496726,14475310.0198406,2021.20441460635,2021.53424657534,SC1_KJ473812.1
166,14,0.329831969,113.583176461833,36.7808429524459,113.544684170474,36.7863692407083,14475310.3496726,14475310.0198406,2021.20441460635,2021.53424657534,SC1_KJ473813.1
