node1,node2,length,startLon,startLat,endLon,endLat,endNodeL,startNodeL,startYear,endYear,tipLabel,startClade,endClade
209,211,0.452678662741604,109.529231679768,29.334728765446,109.556147059343,29.3887169270118,301.626871092418,301.174192429677,1972.89478596986,1973.34746463261,NA,main,main
218,219,2.13328310387097,116.696401594428,26.1954883417199,116.694961459737,26.1697819007538,308.665706938665,306.532423834794,1978.25301737498,1980.38630047885,NA,main,main
206,207,8.91619248699022,111.834188718565,30.4472218351134,109.875633960263,29.2598810880533,308.735795604642,299.819603117652,1971.54019665784,1980.45638914483,NA,main,main
211,212,12.1187613981653,109.556147059343,29.3887169270118,108.101548835298,26.393586102318,313.745632490583,301.626871092418,1973.34746463261,1985.46622603077,NA,main,main
189,190,2.36129175712625,103.713032042706,25.5401914412321,103.667936296671,25.5431212840146,314.147480418694,311.786188661568,1983.50678220176,1985.86807395888,NA,main,main
211,215,12.7508312837491,109.556147059343,29.3887169270118,109.466810662547,29.5051450147232,314.377702376167,301.626871092418,1973.34746463261,1986.09829591636,NA,main,main
218,224,8.38328106069802,116.696401594428,26.1954883417199,116.008494703441,25.9113873690539,314.915704895492,306.532423834794,1978.25301737498,1986.63629843568,NA,main,main
224,244,1.40148538234452,116.008494703441,25.9113873690539,115.932673366427,26.0242964914848,316.317190277837,314.915704895492,1986.63629843568,1988.03778381803,NA,main,main
219,222,8.83291013204756,116.694961459737,26.1697819007538,116.649483534446,25.6609277524959,317.498617070713,308.665706938665,1980.38630047885,1989.2192106109,NA,main,main
190,191,3.87814464007747,103.667936296671,25.5431212840146,103.215460727965,25.248285098492,318.025625058772,314.147480418694,1985.86807395888,1989.74621859896,NA,main,main
145,146,0.108050909412082,103.268398629196,24.9719373505777,102.763710871725,24.8667890192952,318.435826912905,318.327776003493,1990.04836954368,1990.15642045309,NA,main,main
244,247,3.17321221760548,115.932673366427,26.0242964914848,116.094222536134,25.8558152426357,319.490402495442,316.317190277837,1988.03778381803,1991.21099603563,NA,main,main
189,201,10.0372944356923,103.713032042706,25.5401914412321,104.315981625092,23.6103144724215,321.82348309726,311.786188661568,1983.50678220176,1993.54407663745,NA,main,main
145,159,5.7863677986808,103.268398629196,24.9719373505777,103.064967151162,24.9007454466418,324.114143802174,318.327776003493,1990.04836954368,1995.83473734236,NA,main,main
270,275,10.5001972961101,105.790425050251,25.1503562061633,122.136162344542,29.6970170214746,324.241556045105,313.741358748995,1985.46195228918,1995.96214958529,NA,main,main
191,193,7.27527021403446,103.215460727965,25.248285098492,103.03723750097,25.1415956566856,325.300895272806,318.025625058772,1989.74621859896,1997.02148881299,NA,main,main
159,160,2.06111186896973,103.064967151162,24.9007454466418,102.922155211236,24.8400758089656,326.175255671144,324.114143802174,1995.83473734236,1997.89584921133,NA,main,main
247,248,6.7201445180947,116.094222536134,25.8558152426357,115.290751667712,25.2907267416829,326.210547013537,319.490402495442,1991.21099603563,1997.93114055373,NA,main,main
190,197,12.3628563752221,103.667936296671,25.5431212840146,103.012976273666,24.8066964282647,326.510336793916,314.147480418694,1985.86807395888,1998.2309303341,NA,main,main
247,260,7.22753705513162,116.094222536134,25.8558152426357,116.557920463596,26.0758717085742,326.717939550574,319.490402495442,1991.21099603563,1998.43853309076,NA,main,main
212,213,13.2189939255849,108.101548835298,26.393586102318,108.153735974951,26.5898607514622,326.964626416168,313.745632490583,1985.46622603077,1998.68521995636,NA,main,main
224,225,13.4744750642561,116.008494703441,25.9113873690539,115.908934523319,25.8497159496607,328.390179959749,314.915704895492,1986.63629843568,2000.11077349994,NA,main,main
172,173,12.7493925513168,114.072765717858,31.0528336379469,112.973304560532,32.5223651194007,328.925727840521,316.176335289204,1987.89692882939,2000.64632138071,NA,main,main
270,271,15.7251921079709,105.790425050251,25.1503562061633,105.920363061986,25.8097260471009,329.466550856966,313.741358748995,1985.46195228918,2001.18714439715,NA,main,main
248,249,3.41436695226826,115.290751667712,25.2907267416829,114.782736404371,25.4271516762992,329.624913965805,326.210547013537,1997.93114055373,2001.34550750599,NA,main,main
219,220,21.1762901513295,116.694961459737,26.1697819007538,114.610868778429,28.8441296863859,329.841997089995,308.665706938665,1980.38630047885,2001.56259063018,NA,main,main
248,250,3.80342688089035,115.290751667712,25.2907267416829,113.630066841778,22.4156029102352,330.013973894428,326.210547013537,1997.93114055373,2001.73456743462,NA,main,main
277,278,23.6440602454856,101.149192466237,21.3028356603148,101.037490816083,21.3005263319814,330.021888477992,306.377828232506,1978.09842177269,2001.74248201818,NA,main,main
193,195,4.91215734755865,103.03723750097,25.1415956566856,104.73953836641,24.9688340676904,330.213052620365,325.300895272806,1997.02148881299,2001.93364616055,NA,main,main
197,198,3.75890739554787,103.012976273666,24.8066964282647,102.661756213291,25.0158847486803,330.269244189464,326.510336793916,1998.2309303341,2001.98983772965,NA,main,main
209,210,29.9507889189093,109.529231679768,29.334728765446,111.587519582994,30.7159191278749,331.124981348586,301.174192429677,1972.89478596986,2002.84557488877,NA,main,main
146,147,13.0460822957599,102.763710871725,24.8667890192952,102.665156011956,24.753764028435,331.481909208665,318.435826912905,1990.15642045309,2003.20250274885,NA,main,main
250,251,2.23991683821917,113.630066841778,22.4156029102352,114.255713815792,22.3734275422189,332.253890732647,330.013973894428,2001.73456743462,2003.97448427283,NA,main,main
210,109,1.19278127560942,111.587519582994,30.7159191278749,111.692747734225,30.6433185933895,332.317762624195,331.124981348586,2002.84557488877,2004.03835616438,SC1_DQ648857.1,main,main
244,245,16.3381510030848,115.932673366427,26.0242964914848,115.986001142028,26.1515369473742,332.655341280922,316.317190277837,1988.03778381803,2004.37593482111,NA,main,main
251,252,0.403273830346379,114.255713815792,22.3734275422189,114.215783654006,22.3888728469325,332.657164562993,332.253890732647,2003.97448427283,2004.37775810318,NA,main,main
225,226,4.44038134700147,115.908934523319,25.8497159496607,116.44452919214,25.6301553986889,332.83056130675,328.390179959749,2000.11077349994,2004.55115484694,NA,main,main
252,253,0.307592070331516,114.215783654006,22.3888728469325,114.350679677772,22.4653624328754,332.964756633325,332.657164562993,2004.37775810318,2004.68535017351,NA,main,main
173,94,4.22536811700725,112.973304560532,32.5223651194007,111.406807845395,30.7923538099021,333.151095957529,328.925727840521,2000.64632138071,2004.87168949772,SC1_DQ412042.1,main,main
210,108,2.02611460894268,111.587519582994,30.7159191278749,111.475623549936,30.4788267694566,333.151095957529,331.124981348586,2002.84557488877,2004.87168949772,SC1_DQ412043.1,main,main
212,115,19.48743068006,108.101548835298,26.393586102318,108.365216180598,22.9611733581571,333.233063170643,313.745632490583,1985.46622603077,2004.95365671083,SC1_DQ071615.1,main,main
252,254,0.681060917560377,114.215783654006,22.3888728469325,114.218428427086,22.4166818016258,333.338225480553,332.657164562993,2004.37775810318,2005.05881902074,NA,main,main
251,259,1.15355436564981,114.255713815792,22.3734275422189,114.358691347516,22.1946009427456,333.407445098297,332.253890732647,2003.97448427283,2005.12803863848,NA,main,main
253,53,0.481773114158283,114.350679677772,22.4653624328754,114.280682541457,22.1631583186474,333.446529747483,332.964756633325,2004.68535017351,2005.16712328767,SC1_DQ022305.2,main,main
259,51,0.0582627313780968,114.358691347516,22.1946009427456,114.345997106929,22.1502237191463,333.465707829675,333.407445098297,2005.12803863848,2005.18630136986,SC1_DQ084199.1,main,main
253,54,0.558485442925427,114.350679677772,22.4653624328754,114.332576768588,22.4780605836428,333.52324207625,332.964756633325,2004.68535017351,2005.24383561644,SC1_DQ084200.1,main,main
254,255,0.499789370663263,114.218428427086,22.4166818016258,114.273200629851,22.4046053715255,333.838014851217,333.338225480553,2005.05881902074,2005.5586083914,NA,main,main
255,256,0.147052868410094,114.273200629851,22.4046053715255,114.351630594449,22.4532419792344,333.985067719627,333.838014851217,2005.5586083914,2005.70566125982,NA,main,main
254,52,0.697345362819902,114.218428427086,22.4166818016258,114.212228641683,22.4215863872347,334.035570843373,333.338225480553,2005.05881902074,2005.75616438356,SC1_GQ153539.1,main,main
255,56,0.197555992156639,114.273200629851,22.4046053715255,114.258954601327,22.5305767449535,334.035570843373,333.838014851217,2005.5586083914,2005.75616438356,SC1_GQ153540.1,main,main
222,223,16.624635873962,116.649483534446,25.6609277524959,114.226986008063,22.5675406375564,334.123252944675,317.498617070713,1989.2192106109,2005.84384648486,NA,main,main
259,55,0.866481909460351,114.358691347516,22.1946009427456,114.095274304339,22.274515604413,334.273927007757,333.407445098297,2005.12803863848,2005.99452054795,SC1_GQ153541.1,main,main
195,137,4.10471000383049,104.73953836641,24.9688340676904,104.947578085222,24.9529262772951,334.317762624195,330.213052620365,2001.93364616055,2006.03835616438,SC1_FJ588686.1,main,main
223,45,0.317797350753132,114.226986008063,22.5675406375564,114.116667533449,22.5604917488534,334.441050295428,334.123252944675,2005.84384648486,2006.16164383562,SC1_GQ153542.1,main,main
223,46,0.317797350753132,114.226986008063,22.5675406375564,114.242275437958,22.1649919489504,334.441050295428,334.123252944675,2005.84384648486,2006.16164383562,SC1_GQ153543.1,main,main
271,272,5.13796451396343,105.920363061986,25.8097260471009,111.956674174438,25.5316266682963,334.604515370929,329.466550856966,2001.18714439715,2006.32510891112,NA,main,main
173,174,5.71928167567841,112.973304560532,32.5223651194007,124.33731894305,37.4244948393757,334.6450095162,328.925727840521,2000.64632138071,2006.36560305639,NA,main,main
193,194,9.35499643332118,103.03723750097,25.1415956566856,102.862752690241,24.9800086148637,334.655891706127,325.300895272806,1997.02148881299,2006.37648524632,NA,main,main
225,238,6.26670606864017,115.908934523319,25.8497159496607,115.8648806163,25.70699243734,334.656886028389,328.390179959749,2000.11077349994,2006.37747956858,NA,main,main
256,258,0.676898740605539,114.351630594449,22.4532419792344,114.311982684626,22.4005610403734,334.661966460232,333.985067719627,2005.70566125982,2006.38256000042,NA,main,main
226,227,1.95754418466666,116.44452919214,25.6301553986889,114.590969660288,24.7139572495253,334.788105491417,332.83056130675,2004.55115484694,2006.5086990316,NA,main,main
256,257,0.865636588624467,114.351630594449,22.4532419792344,114.343067572313,22.3005949235059,334.850704308251,333.985067719627,2005.70566125982,2006.57129784844,NA,main,main
258,59,0.310590684510876,114.311982684626,22.4005610403734,114.327831997713,22.3744987484839,334.972557144743,334.661966460232,2006.38256000042,2006.69315068493,SC1_GQ153544.1,main,main
258,60,0.310590684510876,114.311982684626,22.4005610403734,114.420062296071,22.5067163058603,334.972557144743,334.661966460232,2006.38256000042,2006.69315068493,SC1_GQ153545.1,main,main
198,200,4.88493230638768,102.661756213291,25.0158847486803,102.886268843356,25.0773111129277,335.154176495852,330.269244189464,2001.98983772965,2006.87477003604,NA,main,main
257,58,0.645140507724713,114.343067572313,22.3005949235059,114.27730414914,22.310323954785,335.495844815976,334.850704308251,2006.57129784844,2007.21643835616,SC1_GQ153546.1,main,main
250,61,5.67091201743885,113.630066841778,22.4156029102352,114.102565268953,22.1066880871155,335.684885911866,330.013973894428,2001.73456743462,2007.40547945205,SC1_GQ153547.1,main,main
257,57,1.33829119265637,114.343067572313,22.3005949235059,114.021175515228,22.3611079587582,336.188995500908,334.850704308251,2006.57129784844,2007.9095890411,SC1_GQ153548.1,main,main
238,240,1.56485755865352,115.8648806163,25.70699243734,113.523370159228,24.4172056800689,336.221743587042,334.656886028389,2006.37747956858,2007.94233712723,NA,main,main
198,199,6.7542607893881,102.661756213291,25.0158847486803,102.474982847676,24.9535128846065,337.023504978852,330.269244189464,2001.98983772965,2008.74409851904,NA,main,main
146,153,20.069200464015,102.763710871725,24.8667890192952,102.784669273557,24.859120870742,338.50502737692,318.435826912905,1990.15642045309,2010.22562091711,NA,main,main
172,183,22.9680803554885,114.072765717858,31.0528336379469,112.147167052847,36.1364524722166,339.144415644693,316.176335289204,1987.89692882939,2010.86500918488,NA,main,main
159,162,15.2574507782865,103.064967151162,24.9007454466418,102.986735346684,24.8866988189383,339.37159458046,324.114143802174,1995.83473734236,2011.09218812065,NA,main,main
162,163,0.218631479172812,102.986735346684,24.8866988189383,102.961328363943,24.8123884617413,339.590226059633,339.37159458046,2011.09218812065,2011.31081959982,NA,main,main
163,43,0.0179475234663506,102.961328363943,24.8123884617413,102.912750042075,24.8017857115936,339.608173583099,339.590226059633,2011.31081959982,2011.32876712329,SC1_KC881005.1,main,main
174,175,5.24801164815579,124.33731894305,37.4244948393757,125.484360973828,41.206024910337,339.893021164355,334.6450095162,2006.36560305639,2011.61361470454,NA,main,main
207,117,31.247720444211,109.875633960263,29.2598810880533,109.171712805511,32.0984584271346,339.983516048853,308.735795604642,1980.45638914483,2011.70410958904,SC1_JX993987.1,main,main
163,164,0.401569880611071,102.961328363943,24.8123884617413,102.88935190152,24.8622112942928,339.991795940244,339.590226059633,2011.31081959982,2011.71238948043,NA,main,main
164,165,0.198917398591899,102.88935190152,24.8622112942928,102.908131061727,24.8710086539743,340.190713338836,339.991795940244,2011.71238948043,2011.91130687902,NA,main,main
227,229,5.43050223835995,114.590969660288,24.7139572495253,114.654545563232,24.5324980169827,340.218607729777,334.788105491417,2006.5086990316,2011.93920126996,NA,main,main
164,166,0.298058907915726,102.88935190152,24.8622112942928,102.765783278242,25.0247379739068,340.28985484816,339.991795940244,2011.71238948043,2012.01044838835,NA,main,main
188,139,35.0656387220773,100.927673020824,23.4487758096554,98.488039709548,24.2061009373656,340.317762624195,305.252123902118,1976.97271744231,2012.03835616438,SC1_KU973692.1,main,main
260,67,13.5998230736212,116.557920463596,26.0758717085742,119.322852093914,28.3096591728351,340.317762624195,326.717939550574,1998.43853309076,2012.03835616438,SC1_KF294457.1,main,main
183,105,1.1733469795023,112.147167052847,36.1364524722166,112.746656596053,35.067784219982,340.317762624195,339.144415644693,2010.86500918488,2012.03835616438,SC1_KY770860.1,main,main
175,103,0.424741459839797,125.484360973828,41.206024910337,125.480117161241,42.0583833025553,340.317762624195,339.893021164355,2011.61361470454,2012.03835616438,SC1_KJ473811.1,main,main
183,184,1.32961225091185,112.147167052847,36.1364524722166,112.283697377935,36.1247128739335,340.474027895605,339.144415644693,2010.86500918488,2012.19462143579,NA,main,main
166,39,0.241022530133693,102.765783278242,25.0247379739068,102.638682443687,24.9971601760868,340.530877378294,340.28985484816,2012.01044838835,2012.25147091848,SC1_KC881006.1,main,main
238,239,5.89336656699432,115.8648806163,25.70699243734,116.001883863866,25.1287644517855,340.550252595383,334.656886028389,2006.37747956858,2012.27084613557,NA,main,main
191,192,22.5917026401953,103.215460727965,25.248285098492,102.789398742854,24.6991369038437,340.617327698967,318.025625058772,1989.74621859896,2012.33792123916,NA,main,main
195,196,10.6747158726488,104.73953836641,24.9688340676904,105.048192679662,25.158066296271,340.887768493014,330.213052620365,2001.93364616055,2012.6083620332,NA,main,main
166,42,0.694574442702093,102.765783278242,25.0247379739068,102.880998048389,24.9532255652935,340.984429290862,340.28985484816,2012.01044838835,2012.70502283105,SC1_KF367457.1,main,main
197,132,14.5205405843773,103.012976273666,24.8066964282647,102.894414371675,25.012417604609,341.030877378294,326.510336793916,1998.2309303341,2012.75147091848,SC1_KY417143.1,main,main
200,128,5.87670088244174,102.886268843356,25.0773111129277,102.73671076886,24.9913633346028,341.030877378294,335.154176495852,2006.87477003604,2012.75147091848,SC1_KY417145.1,main,main
162,38,1.6592827978333,102.986735346684,24.8866988189383,102.682989333702,24.655122354705,341.030877378294,339.37159458046,2011.09218812065,2012.75147091848,SC1_KY417144.1,main,main
206,116,41.4981595065436,111.834188718565,30.4472218351134,111.626369854533,30.475242815557,341.317762624195,299.819603117652,1971.54019665784,2013.03835616438,SC1_KJ473814.1,main,main
200,129,6.1635861283434,102.886268843356,25.0773111129277,102.904439271523,24.9736749318428,341.317762624195,335.154176495852,2006.87477003604,2013.03835616438,SC1_KJ473816.1,main,main
184,107,0.843734728590453,112.283697377935,36.1247128739335,114.759603597177,37.9753401924878,341.317762624195,340.474027895605,2012.19462143579,2013.03835616438,SC1_KJ473812.1,main,main
184,106,0.843734728590453,112.283697377935,36.1247128739335,112.343973997428,36.3013978037386,341.317762624195,340.474027895605,2012.19462143579,2013.03835616438,SC1_KJ473813.1,main,main
196,135,0.429994131181646,105.048192679662,25.158066296271,105.189614750409,25.3115871954274,341.317762624195,340.887768493014,2012.6083620332,2013.03835616438,SC1_KY770858.1,main,main
196,136,0.429994131181646,105.048192679662,25.158066296271,105.198802803052,24.9337290287491,341.317762624195,340.887768493014,2012.6083620332,2013.03835616438,SC1_KY770859.1,main,main
175,176,1.53926127266432,125.484360973828,41.206024910337,125.948432902765,41.4292852004393,341.43228243702,339.893021164355,2011.61361470454,2013.15287597721,NA,main,main
147,21,10.1262643744345,102.665156011956,24.753764028435,102.703375326926,24.7846866460402,341.608173583099,331.481909208665,2003.20250274885,2013.32876712329,SC1_KY417146.1,main,main
194,133,6.95228187697217,102.862752690241,24.9800086148637,102.708413877804,25.0269628464398,341.608173583099,334.655891706127,2006.37648524632,2013.32876712329,SC1_KY417148.1,main,main
194,134,6.95228187697217,102.862752690241,24.9800086148637,102.837348581094,25.0018113413585,341.608173583099,334.655891706127,2006.37648524632,2013.32876712329,SC1_KY417147.1,main,main
192,127,0.990845884132483,102.789398742854,24.6991369038437,102.788907175186,24.6922434952967,341.608173583099,340.617327698967,2012.33792123916,2013.32876712329,SC1_KY417149.1,main,main
171,92,1.28685338520194,102.161180276358,25.2558056730365,102.124831665675,25.2760378354394,341.706803720086,340.419950334884,2012.14054387507,2013.42739726027,SC1_KP886808.1,main,main
171,93,1.28685338520194,102.161180276358,25.2558056730365,101.948355677545,24.9687366287477,341.706803720086,340.419950334884,2012.14054387507,2013.42739726027,SC1_KP886809.1,main,main
220,221,11.9826926635371,114.610868778429,28.8441296863859,114.761033646461,28.6500638781745,341.824689753532,329.841997089995,2001.56259063018,2013.54528329372,NA,main,main
165,40,1.67773421686597,102.908131061727,24.8710086539743,102.986287648813,24.7816291387293,341.868447555702,340.190713338836,2011.91130687902,2013.58904109589,SC1_KT444582.1,main,main
165,41,1.67773421686597,102.908131061727,24.8710086539743,102.774818950609,25.0623314313628,341.868447555702,340.190713338836,2011.91130687902,2013.58904109589,SC1_KY417150.1,main,main
176,95,0.466302104983658,125.948432902765,41.4292852004393,125.937448256753,41.4978855563577,341.898584542003,341.43228243702,2013.15287597721,2013.61917808219,SC1_KU182964.1,main,main
160,161,16.2630546729158,102.922155211236,24.8400758089656,102.821843596054,24.5390572906091,342.438310344059,326.175255671144,1997.89584921133,2014.15890388425,NA,main,main
240,242,6.29985748934957,113.523370159228,24.4172056800689,114.017193539134,24.1810108019536,342.521601076392,336.221743587042,2007.94233712723,2014.24219461658,NA,main,main
242,243,0.119547336576307,114.017193539134,24.1810108019536,114.028912220336,24.1821001323151,342.641148412968,342.521601076392,2014.24219461658,2014.36174195316,NA,main,main
199,131,5.65316175493204,102.474982847676,24.9535128846065,102.688108701685,24.6977684820776,342.676666733784,337.023504978852,2008.74409851904,2014.39726027397,SC1_KY417142.1,main,main
229,231,2.66131810815025,114.654545563232,24.5324980169827,114.262512459322,24.504944108935,342.879925837927,340.218607729777,2011.93920126996,2014.60051937812,NA,main,main
161,36,0.690411184245557,102.821843596054,24.5390572906091,102.594412341559,24.7619233839433,343.128721528305,342.438310344059,2014.15890388425,2014.84931506849,SC1_KY417151.1,main,main
271,274,13.6692552471425,105.920363061986,25.8097260471009,102.289461425759,25.4914329583667,343.135806104108,329.466550856966,2001.18714439715,2014.8563996443,NA,main,main
176,177,2.05288199611286,125.948432902765,41.4292852004393,124.972458104255,41.1233032677805,343.485164433133,341.43228243702,2013.15287597721,2015.20575797332,NA,main,main
240,241,7.30835607471414,113.523370159228,24.4172056800689,112.947969798842,24.0182782138063,343.530099661756,336.221743587042,2007.94233712723,2015.25069320194,NA,main,main
207,208,34.9777971826974,109.875633960263,29.2598810880533,109.592676081847,28.7217061243955,343.713592787339,308.735795604642,1980.45638914483,2015.43418632753,NA,main,main
227,228,8.94575157808209,114.590969660288,24.7139572495253,114.837369225791,23.7525457715023,343.733857069499,334.788105491417,2006.5086990316,2015.45445060969,NA,main,main
260,261,17.0677426741781,116.557920463596,26.0758717085742,117.124644129516,26.7537823202122,343.785682224752,326.717939550574,1998.43853309076,2015.50627576494,NA,main,main
275,12,19.5720969900495,122.136162344542,29.6970170214746,122.192522107535,29.7821104399541,343.813653035154,324.241556045105,1995.96214958529,2015.53424657534,SC1_MG772934.1,main,main
161,35,1.66849337602624,102.821843596054,24.5390572906091,102.863417075443,25.1145772287875,344.106803720086,342.438310344059,2014.15890388425,2015.82739726027,SC1_KY417152.1,main,main
147,148,12.6816763783687,102.665156011956,24.753764028435,103.61825146113,24.6039129335857,344.163585587034,331.481909208665,2003.20250274885,2015.88417912722,NA,main,main
174,104,9.96510283477149,124.33731894305,37.4244948393757,126.952095447183,35.5570778251817,344.610112350971,334.6450095162,2006.36560305639,2016.33070589116,SC1_KY938558.1,main,main
148,150,0.623788404213923,103.61825146113,24.6039129335857,103.645831114937,24.5432920299123,344.787373991248,344.163585587034,2015.88417912722,2016.50796753144,NA,main,main
148,149,0.647937065721314,103.61825146113,24.6039129335857,103.580480305756,24.6083991679355,344.811522652755,344.163585587034,2015.88417912722,2016.53211619294,NA,main,main
231,87,1.93510454583119,114.262512459322,24.504944108935,114.343411379595,24.5804557923909,344.815030383758,342.879925837927,2014.60051937812,2016.53562392395,SC1_OK017812.1,main,main
150,151,0.0299509949648975,103.645831114937,24.5432920299123,103.501957959333,24.4009366069433,344.817324986212,344.787373991248,2016.50796753144,2016.5379185264,NA,main,main
151,152,0.00968964497025748,103.501957959333,24.4009366069433,103.485000687419,24.3571422555253,344.827014631183,344.817324986212,2016.5379185264,2016.54760817137,NA,main,main
150,23,0.112355846062361,103.645831114937,24.5432920299123,103.635521905913,24.5329424647497,344.89972983731,344.787373991248,2016.50796753144,2016.6203233775,SC1_OK017848.1,main,main
149,22,0.0882071845549692,103.580480305756,24.6083991679355,103.516506806813,24.5887203561359,344.89972983731,344.811522652755,2016.53211619294,2016.6203233775,SC1_OK017847.1,main,main
149,25,0.0882071845549692,103.580480305756,24.6083991679355,103.432608422575,24.6016941226713,344.89972983731,344.811522652755,2016.53211619294,2016.6203233775,SC1_OK017850.1,main,main
152,27,0.0727152061272056,103.485000687419,24.3571422555253,103.482372388401,24.4226600764346,344.89972983731,344.827014631183,2016.54760817137,2016.6203233775,SC1_OK017851.1,main,main
152,26,0.0727152061272056,103.485000687419,24.3571422555253,103.452601644559,24.3868913237989,344.89972983731,344.827014631183,2016.54760817137,2016.6203233775,SC1_OK017849.1,main,main
199,130,7.96092431200973,102.474982847676,24.9535128846065,102.497786360831,24.9753365498375,344.984429290862,337.023504978852,2008.74409851904,2016.70502283105,SC1_MK211375.1,main,main
192,126,4.36710159189502,102.789398742854,24.6991369038437,103.075642164218,25.0239333823062,344.984429290862,340.617327698967,2012.33792123916,2016.70502283105,SC1_MK211377.1,main,main
151,24,0.167104304649511,103.501957959333,24.4009366069433,103.437440764675,24.3858128561101,344.984429290862,344.817324986212,2016.5379185264,2016.70502283105,SC1_MK211376.1,main,main
231,232,2.12010805489784,114.262512459322,24.504944108935,114.043112886253,24.4155433649853,345.000033892825,342.879925837927,2014.60051937812,2016.72062743301,NA,main,main
232,234,0.0644782547313731,114.043112886253,24.4155433649853,114.046944939226,24.4163710611547,345.064512147556,345.000033892825,2016.72062743301,2016.78510568774,NA,main,main
213,214,18.3921012076811,108.153735974951,26.5898607514622,108.194586946125,26.6062291665607,345.356727623849,326.964626416168,1998.68521995636,2017.07732116404,NA,main,main
275,11,21.1611380859398,122.136162344542,29.6970170214746,122.22464885201,29.8243269122991,345.402694131044,324.241556045105,1995.96214958529,2017.12328767123,SC1_MG772933.1,main,main
234,235,0.531022416945174,114.046944939226,24.4163710611547,114.07793510225,24.4198830724818,345.595534564501,345.064512147556,2016.78510568774,2017.31612810469,NA,main,main
235,236,0.0162327240985372,114.07793510225,24.4198830724818,114.074201911674,24.4061724670505,345.6117672886,345.595534564501,2017.31612810469,2017.33236082879,NA,main,main
235,237,0.0641772012411597,114.07793510225,24.4198830724818,114.096562289687,24.4385670944488,345.659711765742,345.595534564501,2017.31612810469,2017.38030530593,NA,main,main
232,233,0.830054477351491,114.043112886253,24.4155433649853,114.180919644406,23.9573297903471,345.830088370176,345.000033892825,2016.72062743301,2017.55068191036,NA,main,main
201,124,24.0751014447432,104.315981625092,23.6103144724215,112.767436984522,23.0280620965567,345.898584542003,321.82348309726,1993.54407663745,2017.61917808219,SC1_OK017792.1,main,main
242,75,3.46191497246103,114.017193539134,24.1810108019536,114.003227046157,24.118973351651,345.983516048853,342.521601076392,2014.24219461658,2017.70410958904,SC1_OK017824.1,main,main
241,73,2.45341638709645,112.947969798842,24.0182782138063,113.024010954902,24.2861003016983,345.983516048853,343.530099661756,2015.25069320194,2017.70410958904,SC1_OK017823.1,main,main
241,74,2.45341638709645,112.947969798842,24.0182782138063,112.110058706659,24.1540555089581,345.983516048853,343.530099661756,2015.25069320194,2017.70410958904,SC1_OK017822.1,main,main
228,88,2.24965897935406,114.837369225791,23.7525457715023,116.469088075013,23.0144798061366,345.983516048853,343.733857069499,2015.45445060969,2017.70410958904,SC1_OK017813.1,main,main
228,89,2.24965897935406,114.837369225791,23.7525457715023,114.833933172062,23.7496021530295,345.983516048853,343.733857069499,2015.45445060969,2017.70410958904,SC1_OK017819.1,main,main
234,83,0.91900390129673,114.046944939226,24.4163710611547,114.00923149427,24.4279718226682,345.983516048853,345.064512147556,2016.78510568774,2017.70410958904,SC1_OK017821.1,main,main
236,86,0.371748760253018,114.074201911674,24.4061724670505,114.219510529963,24.5438255294124,345.983516048853,345.6117672886,2017.33236082879,2017.70410958904,SC1_OK017815.1,main,main
236,84,0.371748760253018,114.074201911674,24.4061724670505,113.845434729014,24.5922900253867,345.983516048853,345.6117672886,2017.33236082879,2017.70410958904,SC1_OK017818.1,main,main
237,85,0.323804283110396,114.096562289687,24.4385670944488,114.06044467234,24.4629596725401,345.983516048853,345.659711765742,2017.38030530593,2017.70410958904,SC1_OK017816.1,main,main
237,81,0.323804283110396,114.096562289687,24.4385670944488,114.101990150473,24.4449931869895,345.983516048853,345.659711765742,2017.38030530593,2017.70410958904,SC1_OK017814.1,main,main
233,80,0.153427678676612,114.180919644406,23.9573297903471,114.304022344563,23.9159615275172,345.983516048853,345.830088370176,2017.55068191036,2017.70410958904,SC1_OK017820.1,main,main
233,82,0.153427678676612,114.180919644406,23.9573297903471,114.225189696482,23.9845455690366,345.983516048853,345.830088370176,2017.55068191036,2017.70410958904,SC1_OK017817.1,main,main
278,279,16.5619016699235,101.037490816083,21.3005263319814,102.461640330761,18.7016894908101,346.583790147915,330.021888477992,2001.74248201818,2018.3043836881,NA,main,main
274,10,3.76277843789536,102.289461425759,25.4914329583667,100.999503148164,25.4942275674634,346.898584542003,343.135806104108,2014.8563996443,2018.61917808219,SC1_MW703458.1,main,main
177,178,3.67648155394459,124.972458104255,41.1233032677805,124.890607061817,40.8321447745495,347.161645987077,343.485164433133,2015.20575797332,2018.88223952727,NA,main,main
153,154,9.10627061043409,102.784669273557,24.859120870742,103.014836637858,25.1051818203066,347.611297987354,338.50502737692,2010.22562091711,2019.33189152754,NA,main,main
178,179,0.623715222918666,124.890607061817,40.8321447745495,124.652929792137,41.0936887925499,347.785361209996,347.161645987077,2018.88223952727,2019.50595475018,NA,main,main
278,13,17.7753262009982,101.037490816083,21.3005263319814,101.335354751619,21.3331807606333,347.79721467899,330.021888477992,2001.74248201818,2019.51780821918,SC1_EPI_ISL_412977,main,main
229,230,7.63897768249226,114.654545563232,24.5324980169827,114.639236238696,24.5468742810009,347.857585412269,340.218607729777,2011.93920126996,2019.57817895246,NA,main,main
154,155,0.257582233231306,103.014836637858,25.1051818203066,103.154169690447,24.9788525024451,347.868880220585,347.611297987354,2019.33189152754,2019.58947376077,NA,main,main
230,78,0.0409991297344909,114.639236238696,24.5468742810009,114.806544596552,24.2833080040702,347.898584542003,347.857585412269,2019.57817895246,2019.61917808219,SC1_OK017826.1,main,main
230,79,0.0409991297344909,114.639236238696,24.5468742810009,114.620325551085,24.5274508809725,347.898584542003,347.857585412269,2019.57817895246,2019.61917808219,SC1_OK017825.1,main,main
188,140,42.7313921467349,100.927673020824,23.4487758096554,109.228724227922,25.626395936946,347.983516048853,305.252123902118,1976.97271744231,2019.70410958904,SC1_OK017859.1,main,main
243,77,5.34236763588472,114.028912220336,24.1821001323151,115.421475835293,22.9126325332437,347.983516048853,342.641148412968,2014.36174195316,2019.70410958904,SC1_OK017827.1,main,main
243,76,5.34236763588472,114.028912220336,24.1821001323151,113.971890961421,24.1816305845905,347.983516048853,342.641148412968,2014.36174195316,2019.70410958904,SC1_OK017828.1,main,main
179,180,0.402571576564637,124.652929792137,41.0936887925499,124.637854713766,41.143103591036,348.187932786561,347.785361209996,2019.50595475018,2019.90852632675,NA,main,main
155,156,0.501615293599199,103.154169690447,24.9788525024451,103.277382983089,25.0508291350518,348.370495514185,347.868880220585,2019.58947376077,2020.09108905437,NA,main,main
156,157,0.0131235665987648,103.277382983089,25.0508291350518,103.291736052474,25.0531910808945,348.383619080783,348.370495514185,2020.09108905437,2020.10421262097,NA,main,main
157,158,0.0629598707774737,103.291736052474,25.0531910808945,103.285403308288,25.0539236963158,348.446578951561,348.383619080783,2020.10421262097,2020.16717249175,NA,main,main
177,182,5.1592949926921,124.972458104255,41.1233032677805,124.879342798688,41.0762405912223,348.644459425825,343.485164433133,2015.20575797332,2020.36505296601,NA,main,main
180,181,0.491651777710676,124.637854713766,41.143103591036,124.963539544422,41.3009673062821,348.679584564271,348.187932786561,2019.90852632675,2020.40017810446,NA,main,main
277,16,42.3361092550773,101.149192466237,21.3028356603148,101.310217600251,21.6176010401837,348.713937487583,306.377828232506,1978.09842177269,2020.43453102777,SC1_MZ081381.1,main,main
153,34,10.2280357937234,102.784669273557,24.859120870742,102.853366672143,24.9949674827843,348.733063170643,338.50502737692,2010.22562091711,2020.45365671083,SC1_OK017858.1,main,main
154,31,1.12176518328927,103.014836637858,25.1051818203066,102.722154675121,25.2251311256528,348.733063170643,347.611297987354,2019.33189152754,2020.45365671083,SC1_OK017855.1,main,main
155,30,0.864182950057964,103.154169690447,24.9788525024451,102.994099287859,24.943338596049,348.733063170643,347.868880220585,2019.58947376077,2020.45365671083,SC1_OK017854.1,main,main
156,33,0.362567656458765,103.277382983089,25.0508291350518,103.205176090767,25.0341293119297,348.733063170643,348.370495514185,2020.09108905437,2020.45365671083,SC1_OK017853.1,main,main
157,29,0.349444089860001,103.291736052474,25.0531910808945,103.286152852698,25.0419991570297,348.733063170643,348.383619080783,2020.10421262097,2020.45365671083,SC1_OK017856.1,main,main
158,32,0.286484219082527,103.285403308288,25.0539236963158,103.338699333536,25.0493183555402,348.733063170643,348.446578951561,2020.16717249175,2020.45365671083,SC1_OK017852.1,main,main
158,28,0.286484219082527,103.285403308288,25.0539236963158,102.999311660837,25.428977354811,348.733063170643,348.446578951561,2020.16717249175,2020.45365671083,SC1_OK017857.1,main,main
204,121,41.807379745223,116.54788318282,27.8159550721029,112.594449995862,30.1906253291865,348.815030383758,307.007650638535,1978.72824417872,2020.53562392395,SC1_OK017801.1,main,main
221,48,6.99034063022608,114.761033646461,28.6500638781745,114.88496964661,30.1409266518265,348.815030383758,341.824689753532,2013.54528329372,2020.53562392395,SC1_OK017802.1,main,main
279,14,2.24763367846594,102.461640330761,18.7016894908101,102.395789409752,18.580665451413,348.831423826381,346.583790147915,2018.3043836881,2020.55201736657,SC1_MZ937002.1,main,main
279,15,2.25583039977732,102.461640330761,18.7016894908101,102.225685513043,18.5462584038228,348.839620547693,346.583790147915,2018.3043836881,2020.56021408788,SC1_MZ937004.1,main,main
261,262,5.09136218879026,117.124644129516,26.7537823202122,116.985423503914,26.7837891688393,348.877044413542,343.785682224752,2015.50627576494,2020.59763795373,NA,main,main
245,246,16.32107989763,115.986001142028,26.1515369473742,116.055575068309,26.0445472384725,348.976421178552,332.655341280922,2004.37593482111,2020.69701471874,NA,main,main
201,125,27.1609461936017,104.315981625092,23.6103144724215,103.839522455277,24.1632110161342,348.984429290862,321.82348309726,1993.54407663745,2020.70502283105,SC1_OK017793.1,main,main
178,97,1.82278330378477,124.890607061817,40.8321447745495,124.695694908706,40.6437394252518,348.984429290862,347.161645987077,2018.88223952727,2020.70502283105,SC1_OK017795.1,main,main
179,99,1.19906808086611,124.652929792137,41.0936887925499,124.635006648264,41.0979132187242,348.984429290862,347.785361209996,2019.50595475018,2020.70502283105,SC1_OK017797.1,main,main
180,100,0.796496504301469,124.637854713766,41.143103591036,124.347908993542,41.0499682730149,348.984429290862,348.187932786561,2019.90852632675,2020.70502283105,SC1_OK017796.1,main,main
182,101,0.339969865037253,124.879342798688,41.0762405912223,124.876445604917,41.0899993191507,348.984429290862,348.644459425825,2020.36505296601,2020.70502283105,SC1_OK017794.1,main,main
182,102,0.339969865037253,124.879342798688,41.0762405912223,124.968435543993,41.1149427640338,348.984429290862,348.644459425825,2020.36505296601,2020.70502283105,SC1_OK017799.1,main,main
181,96,0.304844726590793,124.963539544422,41.3009673062821,124.984402537355,41.3111510215962,348.984429290862,348.679584564271,2020.40017810446,2020.70502283105,SC1_OK017800.1,main,main
181,98,0.304844726590793,124.963539544422,41.3009673062821,124.963092613205,41.3057449956996,348.984429290862,348.679584564271,2020.40017810446,2020.70502283105,SC1_OK017798.1,main,main
272,273,14.6681738611971,111.956674174438,25.5316266682963,111.776989662438,25.0606922767457,349.272689232126,334.604515370929,2006.32510891112,2020.99328277231,NA,main,main
215,110,35.0249917548773,109.466810662547,29.5051450147232,109.923657769024,29.4620052110514,349.402694131044,314.377702376167,1986.09829591636,2021.12328767123,SC1_OK017833.1,main,main
273,7,0.130004898918402,111.776989662438,25.0606922767457,111.666825456721,25.1069846347481,349.402694131044,349.272689232126,2020.99328277231,2021.12328767123,SC1_OK017804.1,main,main
273,8,0.130004898918402,111.776989662438,25.0606922767457,111.79887314498,25.0775663599754,349.402694131044,349.272689232126,2020.99328277231,2021.12328767123,SC1_OK017803.1,main,main
213,112,22.5147800436433,108.153735974951,26.5898607514622,108.434049455044,25.5594861107218,349.479406459812,326.964626416168,1998.68521995636,2021.2,SC1_OK017830.1,main,main
272,6,14.8748910888826,111.956674174438,25.5316266682963,112.855563298199,25.68454380112,349.479406459812,334.604515370929,2006.32510891112,2021.2,SC1_OK017805.1,main,main
208,118,5.76581367247242,109.592676081847,28.7217061243955,109.455889571864,28.6947955831617,349.479406459812,343.713592787339,2015.43418632753,2021.2,SC1_OK017834.1,main,main
208,119,5.76581367247242,109.592676081847,28.7217061243955,110.218448859221,28.0478905204543,349.479406459812,343.713592787339,2015.43418632753,2021.2,SC1_OK017835.1,main,main
214,113,4.12267883596215,108.194586946125,26.6062291665607,108.189106268195,26.568637589619,349.479406459812,345.356727623849,2017.07732116404,2021.2,SC1_OK017829.1,main,main
214,114,4.12267883596215,108.194586946125,26.6062291665607,108.086069501748,26.6366766448924,349.479406459812,345.356727623849,2017.07732116404,2021.2,SC1_OK017831.1,main,main
274,9,6.46853186255295,102.289461425759,25.4914329583667,100.111844847326,23.9522750127586,349.604337966661,343.135806104108,2014.8563996443,2021.32493150685,SC1_OK017806.1,main,main
226,90,16.8159684407329,116.44452919214,25.6301553986889,116.504425675279,25.6597279082445,349.646529747483,332.83056130675,2004.55115484694,2021.36712328767,SC1_OK017808.1,main,main
261,66,5.86084752273069,117.124644129516,26.7537823202122,116.828145383603,26.6612057796349,349.646529747483,343.785682224752,2015.50627576494,2021.36712328767,SC1_OK017809.1,main,main
262,64,0.769485333940435,116.985423503914,26.7837891688393,117.008127616314,26.804309751696,349.646529747483,348.877044413542,2020.59763795373,2021.36712328767,SC1_OK017810.1,main,main
262,65,0.769485333940435,116.985423503914,26.7837891688393,116.925437609884,26.555456863948,349.646529747483,348.877044413542,2020.59763795373,2021.36712328767,SC1_OK017811.1,main,main
204,120,42.8060023966191,116.54788318282,27.8159550721029,116.169951474286,27.9478130031829,349.813653035154,307.007650638535,1978.72824417872,2021.53424657534,SC1_OK017842.1,main,main
215,111,35.435950658987,109.466810662547,29.5051450147232,114.693361475085,29.3638177032586,349.813653035154,314.377702376167,1986.09829591636,2021.53424657534,SC1_OK017860.1,main,main
222,47,32.3150359644412,116.649483534446,25.6609277524959,117.021873506533,33.6648682992709,349.813653035154,317.498617070713,1989.2192106109,2021.53424657534,SC1_OK017807.1,main,main
249,63,20.1887390693488,114.782736404371,25.4271516762992,114.987172707875,25.6544009902805,349.813653035154,329.624913965805,2001.34550750599,2021.53424657534,SC1_OK017839.1,main,main
249,62,20.1887390693488,114.782736404371,25.4271516762992,114.830111098821,25.9175092948678,349.813653035154,329.624913965805,2001.34550750599,2021.53424657534,SC1_OK017838.1,main,main
220,50,19.9716559451593,114.610868778429,28.8441296863859,115.233140751956,27.6175186212583,349.813653035154,329.841997089995,2001.56259063018,2021.53424657534,SC1_OK017836.1,main,main
245,70,17.1583117542324,115.986001142028,26.1515369473742,115.367311704309,26.5711583312489,349.813653035154,332.655341280922,2004.37593482111,2021.53424657534,SC1_OK017840.1,main,main
239,71,9.26340043977114,116.001883863866,25.1287644517855,115.46870660696,26.0025558015808,349.813653035154,340.550252595383,2012.27084613557,2021.53424657534,SC1_OK017841.1,main,main
239,72,9.26340043977114,116.001883863866,25.1287644517855,115.933398892445,25.299024179319,349.813653035154,340.550252595383,2012.27084613557,2021.53424657534,SC1_OK017843.1,main,main
221,49,7.98896328162217,114.761033646461,28.6500638781745,114.686557835014,27.3203897583521,349.813653035154,341.824689753532,2013.54528329372,2021.53424657534,SC1_OK017837.1,main,main
246,68,0.837231856602464,116.055575068309,26.0445472384725,116.101175306275,26.0838733520169,349.813653035154,348.976421178552,2020.69701471874,2021.53424657534,SC1_OK017845.1,main,main
246,69,0.837231856602464,116.055575068309,26.0445472384725,115.68186052276,28.1961595006078,349.813653035154,348.976421178552,2020.69701471874,2021.53424657534,SC1_OK017844.1,main,main
