node1,node2,length,startLon,startLat,endLon,endLat,endNodeL,startNodeL,startYear,endYear,tipLabel
144,145,16.7647668651648,102.027463857422,26.8243263596748,110.205451645616,30.9787362003919,78.1175605807562,61.3527937155914,1947.21316151141,1963.97792837658,NA
144,181,17.6603272898635,102.027463857422,26.8243263596748,103.771912346609,27.6894062559122,79.013121005455,61.3527937155914,1947.21316151141,1964.87348880128,NA
145,146,6.20628854259578,110.205451645616,30.9787362003919,110.2336007348,30.9907926066663,84.323849123352,78.1175605807562,1963.97792837658,1970.18421691917,NA
145,153,6.96277170862828,110.205451645616,30.9787362003919,108.729909109391,29.2807745036375,85.0803322893845,78.1175605807562,1963.97792837658,1970.94070008521,NA
197,198,9.58749266472587,101.993828703159,26.881778709176,102.461330213746,26.0890958528876,90.0005027910408,80.4130101263149,1966.27337792214,1975.86087058686,NA
153,154,10.9975407918042,108.729909109391,29.2807745036375,113.901722116448,23.7955547679177,96.0778730811886,85.0803322893845,1970.94070008521,1981.93824087701,NA
198,202,6.21421503398258,102.461330213746,26.0890958528876,103.193265128994,25.7941959691483,96.2147178250234,90.0005027910408,1975.86087058686,1982.07508562085,NA
146,149,15.2296874276997,110.2336007348,30.9907926066663,111.589112580816,31.2182620265949,99.5535365510516,84.323849123352,1970.18421691917,1985.41390434687,NA
198,199,9.60754983316616,102.461330213746,26.0890958528876,102.400270884323,26.2136120340508,99.6080526242069,90.0005027910408,1975.86087058686,1985.46842042003,NA
181,182,22.8161867775952,103.771912346609,27.6894062559122,105.377599419352,29.1441790091206,101.82930778305,79.013121005455,1964.87348880128,1987.68967557887,NA
146,147,20.3100606704548,110.2336007348,30.9907926066663,109.756149305549,31.1496095217987,104.633909793807,84.323849123352,1970.18421691917,1990.49427758963,NA
202,203,9.39128490741243,103.193265128994,25.7941959691483,102.893009877656,24.9480621103788,105.606002732436,96.2147178250234,1982.07508562085,1991.46637052826,NA
203,211,0.33898852809493,102.893009877656,24.9480621103788,102.851656975279,24.991760264685,105.944991260531,105.606002732436,1991.46637052826,1991.80535905635,NA
203,204,0.525843554872345,102.893009877656,24.9480621103788,103.030471184432,24.9173241980899,106.131846287308,105.606002732436,1991.46637052826,1991.99221408313,NA
154,164,10.4284380694777,113.901722116448,23.7955547679177,114.042199541324,23.8578332968161,106.506311150666,96.0778730811886,1981.93824087701,1992.36667894649,NA
211,212,1.9934879131973,102.851656975279,24.991760264685,102.69240937487,24.8928353039374,107.938479173728,105.944991260531,1991.80535905635,1993.79884696955,NA
199,200,8.61435939253866,102.400270884323,26.2136120340508,102.85010464023,24.2073460122694,108.222412016746,99.6080526242069,1985.46842042003,1994.08277981257,NA
204,205,4.65451251854127,103.030471184432,24.9173241980899,103.016917784641,24.8978722846829,110.786358805849,106.131846287308,1991.99221408313,1996.64672660167,NA
212,236,4.01285071196111,102.69240937487,24.8928353039374,102.801798274504,24.8343529281338,111.951329885689,107.938479173728,1993.79884696955,1997.81169768151,NA
149,150,13.0091783963379,111.589112580816,31.2182620265949,111.660740223032,31.2876379036388,112.56271494739,99.5535365510516,1985.41390434687,1998.42308274321,NA
164,165,6.1298090320641,114.042199541324,23.8578332968161,114.304910677849,22.7407252652964,112.63612018273,106.506311150666,1992.36667894649,1998.49648797855,NA
200,201,6.24209492500681,102.85010464023,24.2073460122694,103.52282313579,24.432441358942,114.464506941752,108.222412016746,1994.08277981257,2000.32487473758,NA
150,151,1.9457814843453,111.660740223032,31.2876379036388,111.375219645145,30.3348388170615,114.508496431735,112.56271494739,1998.42308274321,2000.36886422756,NA
151,152,0.913364458273364,111.375219645145,30.3348388170615,111.322810452216,30.1478194614323,115.421860890008,114.508496431735,2000.36886422756,2001.28222868583,NA
236,237,3.73917032140541,102.801798274504,24.8343529281338,102.896252193547,24.7212751393062,115.690500207095,111.951329885689,1997.81169768151,2001.55086800292,NA
164,167,9.74816678272084,114.042199541324,23.8578332968161,116.274631142113,26.843271750682,116.254477933387,106.506311150666,1992.36667894649,2002.11484572921,NA
153,180,31.5158593201932,108.729909109391,29.2807745036375,121.708551585736,30.0387178904361,116.596191609578,85.0803322893845,1970.94070008521,2002.4565594054,NA
182,183,14.8213382416598,105.377599419352,29.1441790091206,107.119111427818,31.0035954476771,116.65064602471,101.82930778305,1987.68967557887,2002.51101382053,NA
199,72,17.4850042375047,102.400270884323,26.2136120340508,113.177741803647,22.9452154203204,117.093056861712,99.6080526242069,1985.46842042003,2002.95342465753,SC1_AY394995.1
167,168,0.956068511524112,116.274631142113,26.843271750682,116.255267202568,26.6717920104038,117.210546444911,116.254477933387,2002.11484572921,2003.07091424073,NA
212,213,9.59700938211368,102.69240937487,24.8928353039374,108.472721557373,22.8125274929239,117.535488555842,107.938479173728,1993.79884696955,2003.39585635166,NA
237,248,1.88989278753029,102.896252193547,24.7212751393062,102.87861727381,24.7077123807887,117.580392994625,115.690500207095,2001.55086800292,2003.44076079045,NA
154,155,21.6677901268216,113.901722116448,23.7955547679177,114.3994784121,22.490416165115,117.74566320801,96.0778730811886,1981.93824087701,2003.60603100383,NA
182,185,16.1751048834351,105.377599419352,29.1441790091206,113.712617769594,34.366358481938,118.004412666485,101.82930778305,1987.68967557887,2003.86478046231,NA
151,84,3.66949193682601,111.375219645145,30.3348388170615,112.094948058041,30.9892549982309,118.177988368561,114.508496431735,2000.36886422756,2004.03835616438,SC1_DQ648857.1
168,169,1.26021796558163,116.255267202568,26.6717920104038,116.251252008717,26.6303000330821,118.470764410493,117.210546444911,2003.07091424073,2004.33113220632,NA
155,163,1.01616853647828,114.3994784121,22.490416165115,114.193509871549,22.373652161521,118.761831744488,117.74566320801,2003.60603100383,2004.62219954031,NA
155,156,1.04172455518744,114.3994784121,22.490416165115,114.382975426492,22.4990168210555,118.787387763198,117.74566320801,2003.60603100383,2004.64775555902,NA
152,83,3.58946081188591,111.322810452216,30.1478194614323,111.36988195366,30.4993677161166,119.011321701894,115.421860890008,2001.28222868583,2004.87168949772,SC1_DQ412043.1
152,82,3.58946081188591,111.322810452216,30.1478194614323,111.18837241379,30.5556460997431,119.011321701894,115.421860890008,2001.28222868583,2004.87168949772,SC1_DQ412042.1
213,66,1.55780035916731,108.472721557373,22.8125274929239,108.258276257225,22.7167960153837,119.093288915009,117.535488555842,2003.39585635166,2004.95365671083,SC1_DQ071615.1
156,157,0.387858489577095,114.382975426492,22.4990168210555,114.217141952866,22.2043484877698,119.175246252775,118.787387763198,2004.64775555902,2005.0356140486,NA
157,158,0.0648322083918025,114.217141952866,22.2043484877698,114.233670182892,22.2325794428696,119.240078461167,119.175246252775,2005.0356140486,2005.10044625699,NA
163,87,0.544923747359974,114.193509871549,22.373652161521,114.320472724988,22.1091795326785,119.306755491848,118.761831744488,2004.62219954031,2005.16712328767,SC1_DQ022305.2
248,262,1.72918333282889,102.87861727381,24.7077123807887,102.855373049084,24.7913513454305,119.309576327454,117.580392994625,2003.44076079045,2005.16994412328,NA
156,90,0.538545810842542,114.382975426492,22.4990168210555,114.378516014221,22.501901719691,119.32593357404,118.787387763198,2004.64775555902,2005.18630136986,SC1_DQ084199.1
163,88,0.621636076127118,114.193509871549,22.373652161521,114.230041592358,22.4640074709096,119.383467820616,118.761831744488,2004.62219954031,2005.24383561644,SC1_DQ084200.1
157,159,0.629403304849783,114.217141952866,22.2043484877698,114.115771384939,22.1941408561357,119.804649557625,119.175246252775,2005.0356140486,2005.66501735345,NA
159,160,0.0609677181856156,114.115771384939,22.1941408561357,114.071930035738,22.1855794576399,119.86561727581,119.804649557625,2005.66501735345,2005.72598507163,NA
237,238,4.19623385258599,102.896252193547,24.7212751393062,103.006327275584,24.79856860454,119.886734059681,115.690500207095,2001.55086800292,2005.7471018555,NA
158,91,0.655718126572395,114.233670182892,22.2325794428696,114.216484464764,22.093862465357,119.895796587739,119.240078461167,2005.10044625699,2005.75616438356,SC1_GQ153539.1
158,89,0.655718126572395,114.233670182892,22.2325794428696,114.357742108652,22.1468251008466,119.895796587739,119.240078461167,2005.10044625699,2005.75616438356,SC1_GQ153540.1
159,162,0.134717538125649,114.115771384939,22.1941408561357,114.113382521833,22.1917930949584,119.93936709575,119.804649557625,2005.66501735345,2005.79973489157,NA
162,96,0.19478565637227,114.113382521833,22.1917930949584,114.03845750449,22.2722483444463,120.134152752122,119.93936709575,2005.79973489157,2005.99452054795,SC1_GQ153541.1
165,166,7.50921922345829,114.304910677849,22.7407252652964,113.990345986141,22.4711285237837,120.145339406189,112.63612018273,1998.49648797855,2006.00570720201,NA
202,13,23.9632705435375,103.193265128994,25.7941959691483,106.102006165567,26.2521429041194,120.177988368561,96.2147178250234,1982.07508562085,2006.03835616438,SC1_FJ588686.1
166,97,0.155936633605013,113.990345986141,22.4711285237837,114.005482641772,22.4318810322002,120.301276039794,120.145339406189,2006.00570720201,2006.16164383562,SC1_GQ153542.1
166,98,0.155936633605013,113.990345986141,22.4711285237837,114.022175022774,22.5038826521635,120.301276039794,120.145339406189,2006.00570720201,2006.16164383562,SC1_GQ153543.1
160,161,0.661366851510202,114.071930035738,22.1855794576399,114.412727879888,22.3344895619767,120.52698412732,119.86561727581,2005.72598507163,2006.38735192314,NA
213,214,3.07453844628333,108.472721557373,22.8125274929239,112.537119368661,24.4843368341894,120.610027002125,117.535488555842,2003.39585635166,2006.47039479795,NA
262,263,1.44695603357147,102.855373049084,24.7913513454305,102.77552947826,24.8752422149196,120.756532361025,119.309576327454,2005.16994412328,2006.61690015685,NA
160,93,0.96716561329867,114.071930035738,22.1855794576399,114.121325239551,22.254285727631,120.832782889109,119.86561727581,2005.72598507163,2006.69315068493,SC1_GQ153544.1
161,94,0.305798761788468,114.412727879888,22.3344895619767,114.414081552673,22.2964707895066,120.832782889109,120.52698412732,2006.38735192314,2006.69315068493,SC1_GQ153545.1
236,269,9.10926035614655,102.801798274504,24.8343529281338,110.384912259039,28.7588404921609,121.060590241836,111.951329885689,1997.81169768151,2006.92095803766,NA
162,92,1.4167034645914,114.113382521833,22.1917930949584,114.07370855644,22.439610380886,121.356070560342,119.93936709575,2005.79973489157,2007.21643835616,SC1_GQ153546.1
263,264,0.622661839274913,102.77552947826,24.8752422149196,102.75820363951,24.8935009455915,121.3791942003,120.756532361025,2006.61690015685,2007.23956199612,NA
165,99,8.90899147350152,114.304910677849,22.7407252652964,114.327415304408,22.1803361348834,121.545111656232,112.63612018273,1998.49648797855,2007.40547945205,SC1_GQ153547.1
248,249,4.14742734418964,102.87861727381,24.7077123807887,103.118221536843,24.8578430797396,121.727820338814,117.580392994625,2003.44076079045,2007.58818813464,NA
161,95,1.52223711795289,114.412727879888,22.3344895619767,114.344719426444,22.3038133988057,122.049221245273,120.52698412732,2006.38735192314,2007.9095890411,SC1_GQ153548.1
214,215,1.44111274644056,112.537119368661,24.4843368341894,111.649048431823,24.4726934430643,122.051139748566,120.610027002125,2006.47039479795,2007.91150754439,NA
272,273,31.1893257781876,102.790296306198,23.6623907718986,100.522227394489,20.9281169300955,122.702397986652,91.5130722084648,1977.37344000429,2008.56276578248,NA
214,216,2.23148444077546,112.537119368661,24.4843368341894,112.711814139208,24.3194722738006,122.841511442901,120.610027002125,2006.47039479795,2008.70187923872,NA
249,250,1.20350299005596,103.118221536843,24.8578430797396,103.142279148987,24.8695011375166,122.93132332887,121.727820338814,2007.58818813464,2008.79169112469,NA
167,179,6.75367065141785,116.274631142113,26.843271750682,116.703550741414,26.7962268005879,123.008148584805,116.254477933387,2002.11484572921,2008.86851638063,NA
238,239,3.89184579922971,103.006327275584,24.79856860454,102.304532338112,25.0841432766706,123.77857985891,119.886734059681,2005.7471018555,2009.63894765473,NA
205,208,13.2864012318102,103.016917784641,24.8978722846829,102.655545151304,24.9729374894159,124.07276003766,110.786358805849,1996.64672660167,2009.93312783348,NA
208,209,0.00826419928493038,102.655545151304,24.9729374894159,102.658176704525,24.9597145384979,124.081024236945,124.07276003766,2009.93312783348,2009.94139203277,NA
169,170,6.01229877404189,116.251252008717,26.6303000330821,115.896326825776,25.1195457611069,124.483063184535,118.470764410493,2004.33113220632,2010.34343098036,NA
250,251,1.56847619177899,103.142279148987,24.8695011375166,104.29634703712,25.3364080688982,124.499799520649,122.93132332887,2008.79169112469,2010.36016731647,NA
264,265,3.30782806509763,102.75820363951,24.8935009455915,102.696294757111,24.9642917883202,124.687022265398,121.3791942003,2007.23956199612,2010.54739006122,NA
238,242,4.826396174719,103.006327275584,24.79856860454,102.781212763379,23.5746244750722,124.7131302344,119.886734059681,2005.7471018555,2010.57349803022,NA
265,266,0.0850526226420953,102.696294757111,24.9642917883202,102.595633554199,24.7346418303125,124.77207488804,124.687022265398,2010.54739006122,2010.63244268386,NA
185,188,6.80614884035045,113.712617769594,34.366358481938,126.610906477277,41.7780184390089,124.810561506836,118.004412666485,2003.86478046231,2010.67092930266,NA
265,267,0.206643224220629,102.696294757111,24.9642917883202,102.673560293149,25.04806679164,124.893665489618,124.687022265398,2010.54739006122,2010.75403328544,NA
197,76,44.7649782422459,101.993828703159,26.881778709176,99.0497883593074,25.4099833951197,125.177988368561,80.4130101263149,1966.27337792214,2011.03835616438,SC1_KF569996.1
242,25,0.464858134161311,102.781212763379,23.5746244750722,102.604807273137,23.4636549816339,125.177988368561,124.7131302344,2010.57349803022,2011.03835616438,SC1_JX993988.1
267,27,0.574733837846685,102.673560293149,25.04806679164,102.634858884244,25.0470819494546,125.468399327465,124.893665489618,2010.75403328544,2011.32876712329,SC1_KC881005.1
185,186,7.63082032211898,113.712617769594,34.366358481938,113.004541228505,35.4060040659104,125.635232988604,118.004412666485,2003.86478046231,2011.49560078443,NA
205,206,14.907897486567,103.016917784641,24.8978722846829,107.155734901489,27.9609995655398,125.694256292416,110.786358805849,1996.64672660167,2011.55462408824,NA
147,79,21.2098319994117,109.756149305549,31.1496095217987,109.016582723738,34.0801616456367,125.843741793218,104.633909793807,1990.49427758963,2011.70410958904,SC1_JX993987.1
216,217,3.09712400403437,112.711814139208,24.3194722738006,113.077131179217,24.5184158993924,125.938635446935,122.841511442901,2008.70187923872,2011.79900324276,NA
217,218,0.0491201855098087,113.077131179217,24.5184158993924,113.002020440008,24.4733240850054,125.987755632445,125.938635446935,2011.79900324276,2011.84812342827,NA
200,73,17.9555763518152,102.85010464023,24.2073460122694,98.6442191722309,24.4800453383159,126.177988368561,108.222412016746,1994.08277981257,2012.03835616438,SC1_KU973692.1
179,109,3.16983978375581,116.703550741414,26.7962268005879,118.938070705147,28.2438151638654,126.177988368561,123.008148584805,2008.86851638063,2012.03835616438,SC1_KF294457.1
188,129,1.36742686172518,126.610906477277,41.7780184390089,126.474929888756,41.900153072094,126.177988368561,124.810561506836,2010.67092930266,2012.03835616438,SC1_KJ473811.1
186,119,0.542755379956651,113.004541228505,35.4060040659104,112.446206399142,34.8907641683648,126.177988368561,125.635232988604,2011.49560078443,2012.03835616438,SC1_KY770860.1
239,241,2.41254598101319,102.304532338112,25.0841432766706,102.335620347459,25.002180398097,126.191125839923,123.77857985891,2009.63894765473,2012.05149363575,NA
186,187,0.705427079306137,113.004541228505,35.4060040659104,113.677041870555,36.7291773612614,126.34066006791,125.635232988604,2011.49560078443,2012.20102786373,NA
170,171,1.87376998937942,115.896326825776,25.1195457611069,115.951968157825,25.2213608115223,126.356833173914,124.483063184535,2010.34343098036,2012.21720096974,NA
169,177,7.90414173351012,116.251252008717,26.6303000330821,115.986487595734,28.731977555587,126.374906144003,118.470764410493,2004.33113220632,2012.23527393983,NA
266,31,1.61902823461936,102.595633554199,24.7346418303125,102.591604094235,24.6718021123459,126.391103122659,124.77207488804,2010.63244268386,2012.25147091848,SC1_KC881006.1
216,232,3.55203600565062,112.711814139208,24.3194722738006,112.82347584497,24.0876863318534,126.393547448551,122.841511442901,2008.70187923872,2012.25391524437,NA
208,210,2.41315210120741,102.655545151304,24.9729374894159,103.042859722887,24.8846730494298,126.485912138867,124.07276003766,2009.93312783348,2012.34627993469,NA
250,253,3.64676584678732,103.142279148987,24.8695011375166,103.003355364108,24.8454501702887,126.578089175658,122.93132332887,2008.79169112469,2012.43845697148,NA
217,222,0.665576688383091,113.077131179217,24.5184158993924,114.339725145195,24.5965856722069,126.604212135318,125.938635446935,2011.79900324276,2012.46457993114,NA
253,254,0.0290548579326231,103.003355364108,24.8454501702887,102.967959725825,24.8656544777559,126.60714403359,126.578089175658,2012.43845697148,2012.46751182941,NA
267,268,1.78267389118241,102.673560293149,25.04806679164,102.633972604839,25.0463646921789,126.676339380801,124.893665489618,2010.75403328544,2012.53670717662,NA
188,189,1.89197392298824,126.610906477277,41.7780184390089,126.17948622761,41.4538449914517,126.702535429824,124.810561506836,2010.67092930266,2012.56290322565,NA
268,29,0.168315654426818,102.633972604839,25.0463646921789,102.716014107793,24.9918734588852,126.844655035228,126.676339380801,2012.53670717662,2012.70502283105,SC1_KF367457.1
254,255,0.237661187848074,102.967959725825,24.8656544777559,103.076858668115,25.0339200406991,126.844805221438,126.60714403359,2012.46751182941,2012.70517301726,NA
251,252,2.36469252995219,104.29634703712,25.3364080688982,105.52290752155,25.113700739876,126.864492050602,124.499799520649,2010.36016731647,2012.72485984642,NA
262,33,7.58152679520547,102.855373049084,24.7913513454305,102.912528238351,24.8849296353752,126.891103122659,119.309576327454,2005.16994412328,2012.75147091848,SC1_KY417145.1
263,32,6.134570761634,102.77552947826,24.8752422149196,102.861353396044,24.8088845562806,126.891103122659,120.756532361025,2006.61690015685,2012.75147091848,SC1_KY417143.1
266,30,2.11902823461936,102.595633554199,24.7346418303125,102.75084217348,24.8810694514064,126.891103122659,124.77207488804,2010.63244268386,2012.75147091848,SC1_KY417144.1
189,190,0.23197772947365,126.17948622761,41.4538449914517,126.019963410887,41.845314098955,126.934513159298,126.702535429824,2012.56290322565,2012.79488095512,NA
239,240,3.30771477351807,102.304532338112,25.0841432766706,102.121332687248,24.9364627875041,127.086294632428,123.77857985891,2009.63894765473,2012.94666242825,NA
273,274,4.40796743417476,100.522227394489,20.9281169300955,101.188329103653,21.1492761191961,127.110365420827,122.702397986652,2008.56276578248,2012.97073321665,NA
149,86,27.6244518175092,111.589112580816,31.2182620265949,111.409807334021,31.8275514228492,127.177988368561,99.5535365510516,1985.41390434687,2013.03835616438,SC1_KJ473814.1
211,14,21.2329971080301,102.851656975279,24.991760264685,102.984372989644,24.7078779894054,127.177988368561,105.944991260531,1991.80535905635,2013.03835616438,SC1_KJ473816.1
215,65,5.12684861999523,111.649048431823,24.4726934430643,111.646534881565,24.488528433083,127.177988368561,122.051139748566,2007.91150754439,2013.03835616438,SC1_KJ473815.1
187,117,0.837328300650514,113.677041870555,36.7291773612614,113.79612998445,37.0560742281577,127.177988368561,126.34066006791,2012.20102786373,2013.03835616438,SC1_KJ473812.1
187,118,0.837328300650514,113.677041870555,36.7291773612614,113.429207763196,36.6755107120081,127.177988368561,126.34066006791,2012.20102786373,2013.03835616438,SC1_KJ473813.1
252,38,0.313496317959226,105.52290752155,25.113700739876,105.501719841278,25.1025406644088,127.177988368561,126.864492050602,2012.72485984642,2013.03835616438,SC1_KY770859.1
252,39,0.313496317959226,105.52290752155,25.113700739876,105.578946284677,25.1849815545815,127.177988368561,126.864492050602,2012.72485984642,2013.03835616438,SC1_KY770858.1
264,26,6.08920512716494,102.75820363951,24.8935009455915,102.693023886031,24.7686437562875,127.468399327465,121.3791942003,2007.23956199612,2013.32876712329,SC1_KY417148.1
209,8,3.38737509052047,102.658176704525,24.9597145384979,102.721259161668,24.9663546149415,127.468399327465,124.081024236945,2009.94139203277,2013.32876712329,SC1_KY417146.1
209,5,3.38737509052047,102.658176704525,24.9597145384979,102.613210476145,24.9615405151893,127.468399327465,124.081024236945,2009.94139203277,2013.32876712329,SC1_KY417149.1
255,40,0.623594106026594,103.076858668115,25.0339200406991,103.04843877951,25.0522735511574,127.468399327465,126.844805221438,2012.70517301726,2013.32876712329,SC1_KY417147.1
240,15,0.480734832022964,102.121332687248,24.9364627875041,102.21709645,25.1749842954692,127.567029464451,127.086294632428,2012.94666242825,2013.42739726027,SC1_KP886808.1
240,16,0.480734832022964,102.121332687248,24.9364627875041,101.832829873507,25.0418606322866,127.567029464451,127.086294632428,2012.94666242825,2013.42739726027,SC1_KP886809.1
218,220,1.61763129055043,113.002020440008,24.4733240850054,113.021792479992,24.5080219312639,127.605386922995,125.987755632445,2011.84812342827,2013.46575471882,NA
210,7,1.24276116120057,103.042859722887,24.8846730494298,103.051053447516,24.9141690738928,127.728673300068,126.485912138867,2012.34627993469,2013.58904109589,SC1_KT444582.1
210,6,1.24276116120057,103.042859722887,24.8846730494298,102.942840636695,24.7083874087611,127.728673300068,126.485912138867,2012.34627993469,2013.58904109589,SC1_KY417150.1
190,120,0.824297127071466,126.019963410887,41.845314098955,126.02637354992,41.8718699558402,127.758810286369,126.934513159298,2012.79488095512,2013.61917808219,SC1_KU182964.1
171,172,1.58694284516203,115.951968157825,25.2213608115223,115.802052775167,25.3241834097665,127.943776019076,126.356833173914,2012.21720096974,2013.8041438149,NA
222,223,1.71219228734668,114.339725145195,24.5965856722069,114.384236310721,24.7909355966065,128.316404422665,126.604212135318,2012.46457993114,2014.17677221849,NA
170,174,3.8702924673401,115.896326825776,25.1195457611069,115.509105008132,25.2631484235251,128.353355651875,124.483063184535,2010.34343098036,2014.2137234477,NA
249,260,6.75771654265983,103.118221536843,24.8578430797396,103.041449428031,24.7101015615682,128.485536881474,121.727820338814,2007.58818813464,2014.3459046773,NA
268,28,1.86055309734912,102.633972604839,25.0463646921789,102.717867632854,25.1112509459748,128.53689247815,126.676339380801,2012.53670717662,2014.39726027397,SC1_KY417142.1
253,256,2.09096510796563,103.003355364108,24.8454501702887,102.32550283475,23.9658613506933,128.669054283623,126.578089175658,2012.43845697148,2014.52942207945,NA
256,257,0.256181098642285,102.32550283475,23.9658613506933,102.280857005045,23.9778275045303,128.925235382266,128.669054283623,2014.52942207945,2014.78560317809,NA
260,34,0.503410391196156,103.041449428031,24.7101015615682,103.006635509362,24.6451054454118,128.98894727267,128.485536881474,2014.3459046773,2014.84931506849,SC1_KY417151.1
223,224,0.680065775623263,114.384236310721,24.7909355966065,114.45220876495,24.8673128303698,128.996470198288,128.316404422665,2014.17677221849,2014.85683799411,NA
189,191,2.32433552858247,126.17948622761,41.4538449914517,125.274192981129,41.0732288322252,129.026870958406,126.702535429824,2012.56290322565,2014.88723875423,NA
260,261,0.670985384899796,103.041449428031,24.7101015615682,102.931314625785,24.7897256403393,129.156522266374,128.485536881474,2014.3459046773,2015.0168900622,NA
256,258,0.985177424656439,102.32550283475,23.9658613506933,102.277790280344,23.9738191749685,129.65423170828,128.669054283623,2014.52942207945,2015.5145995041,NA
180,78,13.0776871699421,121.708551585736,30.0387178904361,122.161368028421,30.1999869213455,129.67387877952,116.596191609578,2002.4565594054,2015.53424657534,SC1_MG772934.1
223,226,1.36721830046457,114.384236310721,24.7909355966065,114.786769604314,23.2462039270054,129.683622723129,128.316404422665,2014.17677221849,2015.54399051895,NA
261,35,0.810507198077046,102.931314625785,24.7897256403393,102.970395468223,24.8160047492531,129.967029464451,129.156522266374,2015.0168900622,2015.82739726027,SC1_KY417152.1
276,277,0.815428018471445,105.898495886808,24.1311491377046,106.733016074643,24.6457059500124,130.157706034004,129.342278015533,2015.20264581136,2016.01807382983,NA
277,278,0.0790742680724472,106.733016074643,24.6457059500124,106.826530292894,24.7345082978929,130.236780302077,130.157706034004,2016.01807382983,2016.0971480979,NA
183,184,13.5889293348734,107.119111427818,31.0035954476771,109.778792261053,29.1749167870739,130.239575359583,116.65064602471,2002.51101382053,2016.09994315541,NA
258,259,0.763362748668822,102.277790280344,23.9738191749685,102.252292575831,24.0565029417125,130.417594456949,129.65423170828,2015.5145995041,2016.27796225277,NA
190,128,3.5358249360392,126.019963410887,41.845314098955,127.037246589754,35.5741609581346,130.470338095337,126.934513159298,2012.79488095512,2016.33070589116,SC1_KY938558.1
222,63,4.07104399280574,114.339725145195,24.5965856722069,114.396470796708,24.2287496185465,130.675256128124,126.604212135318,2012.46457993114,2016.53562392395,SC1_OK017812.1
181,130,51.7468345762206,103.771912346609,27.6894062559122,104.596114962557,27.9290923448472,130.759955581676,79.013121005455,1964.87348880128,2016.6203233775,SC1_MK211374.1
183,116,14.1093095569656,107.119111427818,31.0035954476771,107.303297603998,31.7033551754599,130.759955581676,116.65064602471,2002.51101382053,2016.6203233775,SC1_OK017846.1
255,44,3.91515036023709,103.076858668115,25.0339200406991,103.073491233981,23.2800698473969,130.759955581676,126.844805221438,2012.70517301726,2016.6203233775,SC1_OK017850.1
257,43,1.83472019940987,102.280857005045,23.9778275045303,104.287972126261,23.2689483691215,130.759955581676,128.925235382266,2014.78560317809,2016.6203233775,SC1_OK017849.1
257,46,1.83472019940987,102.280857005045,23.9778275045303,102.320792875519,24.190319515252,130.759955581676,128.925235382266,2014.78560317809,2016.6203233775,SC1_OK017847.1
258,45,1.10572387339571,102.277790280344,23.9738191749685,102.282712192073,24.0127555322643,130.759955581676,129.65423170828,2015.5145995041,2016.6203233775,SC1_OK017848.1
259,41,0.34236112472689,102.252292575831,24.0565029417125,102.239441277469,24.0388853632619,130.759955581676,130.417594456949,2016.27796225277,2016.6203233775,SC1_OK017851.1
241,18,4.65352919530415,102.335620347459,25.002180398097,105.181538509806,27.6540675264306,130.844655035228,126.191125839923,2012.05149363575,2016.70502283105,SC1_MK211375.1
254,47,4.23751100163721,102.967959725825,24.8656544777559,103.097064618649,23.9688400866505,130.844655035228,126.60714403359,2012.46751182941,2016.70502283105,SC1_MK211378.1
261,36,1.68813276885349,102.931314625785,24.7897256403393,102.810009702825,25.0670712837471,130.844655035228,129.156522266374,2015.0168900622,2016.70502283105,SC1_MK211377.1
259,42,0.427060578278938,102.252292575831,24.0565029417125,102.097163585886,24.0357300062023,130.844655035228,130.417594456949,2016.27796225277,2016.70502283105,SC1_MK211376.1
226,227,1.17558961270275,114.786769604314,23.2462039270054,114.415341983614,23.6754255919109,130.859212335832,129.683622723129,2015.54399051895,2016.71958013165,NA
278,279,0.664849386946968,106.826530292894,24.7345082978929,106.822327499181,24.7556135886422,130.901629689024,130.236780302077,2016.0971480979,2016.76199748485,NA
227,228,0.27775421604455,114.415341983614,23.6754255919109,114.430156693964,23.816330340887,131.136966551877,130.859212335832,2016.71958013165,2016.9973343477,NA
174,175,2.79183629184225,115.509105008132,25.2631484235251,115.426366170897,25.3074980142441,131.145191943717,128.353355651875,2014.2137234477,2017.00555973954,NA
276,136,1.83571035302785,105.898495886808,24.1311491377046,106.260240175245,23.7659158373106,131.177988368561,129.342278015533,2015.20264581136,2017.03835616438,SC1_MT040336.1
278,139,0.941208066483957,106.826530292894,24.7345082978929,106.906820165041,24.0350058111456,131.177988368561,130.236780302077,2016.0971480979,2017.03835616438,SC1_MT040333.1
279,140,0.276358679536989,106.822327499181,24.7556135886422,107.000467847701,24.7702987473721,131.177988368561,130.901629689024,2016.76199748485,2017.03835616438,SC1_MT040335.1
279,137,0.276358679536989,106.822327499181,24.7556135886422,106.786221211988,24.8236973349815,131.177988368561,130.901629689024,2016.76199748485,2017.03835616438,SC1_MT040334.1
180,77,14.6667282658324,121.708551585736,30.0387178904361,122.278488714156,30.2070044959573,131.26291987541,116.596191609578,2002.4565594054,2017.12328767123,SC1_MG772933.1
232,233,4.87630440658681,112.82347584497,24.0876863318534,113.127110038695,24.4161363822883,131.269851855138,126.393547448551,2012.25391524437,2017.13021965096,NA
228,229,0.145570086876971,114.430156693964,23.816330340887,114.521875840006,23.6863072958872,131.282536638753,131.136966551877,2016.9973343477,2017.14290443458,NA
226,230,1.77516062400133,114.786769604314,23.2462039270054,114.876573272241,23.4964080192967,131.458783347131,129.683622723129,2015.54399051895,2017.31915114295,NA
220,221,3.93939493350572,113.021792479992,24.5080219312639,113.03522244783,24.6306903186817,131.544781856501,127.605386922995,2013.46575471882,2017.40514965232,NA
218,219,5.62117228638977,113.002020440008,24.4733240850054,113.364951904748,24.6897473571836,131.608927918834,125.987755632445,2011.84812342827,2017.46929571466,NA
230,231,0.172551265507961,114.876573272241,23.4964080192967,114.866744066909,23.4894800937474,131.631334612639,131.458783347131,2017.31915114295,2017.49170240846,NA
274,275,4.61491779647493,101.188329103653,21.1492761191961,102.135161622027,18.6954303468806,131.725283217302,127.110365420827,2012.97073321665,2017.58565101312,NA
251,37,7.2590107657196,104.29634703712,25.3364080688982,111.487834734073,21.661939600376,131.758810286369,124.499799520649,2010.36016731647,2017.61917808219,SC1_OK017792.1
233,235,0.53065184851977,113.127110038695,24.4161363822883,113.117596140871,24.4050503826938,131.800503703658,131.269851855138,2017.13021965096,2017.66087149948,NA
232,71,5.45019434466733,112.82347584497,24.0876863318534,113.035174266995,24.3163265926376,131.843741793218,126.393547448551,2012.25391524437,2017.70410958904,SC1_OK017823.1
227,53,0.984529457386496,114.415341983614,23.6754255919109,114.425788312727,23.4901399729676,131.843741793218,130.859212335832,2016.71958013165,2017.70410958904,SC1_OK017815.1
228,57,0.706775241341946,114.430156693964,23.816330340887,115.328877679181,23.8969107830276,131.843741793218,131.136966551877,2016.9973343477,2017.70410958904,SC1_OK017821.1
229,59,0.561205154464975,114.521875840006,23.6863072958872,114.494281418817,23.778581669828,131.843741793218,131.282536638753,2017.14290443458,2017.70410958904,SC1_OK017817.1
229,54,0.561205154464975,114.521875840006,23.6863072958872,114.543776742375,23.6448934209299,131.843741793218,131.282536638753,2017.14290443458,2017.70410958904,SC1_OK017818.1
230,58,0.384958446087921,114.876573272241,23.4964080192967,114.810358883602,23.4008098890904,131.843741793218,131.458783347131,2017.31915114295,2017.70410958904,SC1_OK017820.1
219,48,0.23481387438401,113.364951904748,24.6897473571836,113.676698572606,24.7060039445608,131.843741793218,131.608927918834,2017.46929571466,2017.70410958904,SC1_OK017813.1
219,49,0.23481387438401,113.364951904748,24.6897473571836,113.388166545733,24.7106254132983,131.843741793218,131.608927918834,2017.46929571466,2017.70410958904,SC1_OK017819.1
231,55,0.21240718057996,114.866744066909,23.4894800937474,114.860500675235,23.4479685409943,131.843741793218,131.631334612639,2017.49170240846,2017.70410958904,SC1_OK017816.1
231,56,0.21240718057996,114.866744066909,23.4894800937474,114.793057957556,23.4533339571467,131.843741793218,131.631334612639,2017.49170240846,2017.70410958904,SC1_OK017814.1
235,70,0.0432380895607545,113.117596140871,24.4050503826938,113.104703325786,24.4083613014718,131.843741793218,131.800503703658,2017.66087149948,2017.70410958904,SC1_OK017822.1
235,69,0.0432380895607545,113.117596140871,24.4050503826938,113.129084011751,24.4029477293403,131.843741793218,131.800503703658,2017.66087149948,2017.70410958904,SC1_OK017824.1
277,138,2.0202823345564,106.733016074643,24.6457059500124,106.707246629421,24.676868419873,132.177988368561,130.157706034004,2016.01807382983,2018.03835616438,SC1_MT072864.1
191,192,3.18281471808621,125.274192981129,41.0732288322252,125.266869448329,40.9008690435325,132.209685676493,129.026870958406,2014.88723875423,2018.07005347232,NA
242,243,7.79232688845533,102.781212763379,23.5746244750722,102.938585992102,23.597143771583,132.505457122855,124.7131302344,2010.57349803022,2018.36582491868,NA
201,75,18.2943033446166,103.52282313579,24.432441358942,103.75856474212,24.375757625949,132.758810286369,114.464506941752,2000.32487473758,2018.61917808219,SC1_MW703458.1
191,195,3.76516349135256,125.274192981129,41.0732288322252,124.984296781308,41.1915845598055,132.792034449759,129.026870958406,2014.88723875423,2018.65240224558,NA
243,244,0.335739356611942,102.938585992102,23.597143771583,102.792965150883,23.4604208599078,132.841196479467,132.505457122855,2018.36582491868,2018.70156427529,NA
243,247,0.620349055812645,102.938585992102,23.597143771583,102.658259109906,23.6776836088438,133.125806178668,132.505457122855,2018.36582491868,2018.98617397449,NA
175,176,2.22660654624829,115.426366170897,25.3074980142441,112.60852030851,29.6084367829479,133.371798489965,131.145191943717,2017.00555973954,2019.23216628579,NA
206,207,7.80629992737035,107.155734901489,27.9609995655398,107.106057696886,28.6559115800947,133.500556219787,125.694256292416,2011.55462408824,2019.36092401561,NA
233,234,2.27332063524879,113.127110038695,24.4161363822883,113.425663533683,24.7248137069224,133.543172490387,131.269851855138,2017.13021965096,2019.40354028621,NA
224,225,4.55625139562893,114.45220876495,24.8673128303698,114.93727144173,25.1510592761214,133.552721593917,128.996470198288,2014.85683799411,2019.41308938974,NA
274,133,6.5470750025282,101.188329103653,21.1492761191961,101.417688315426,21.3333068289991,133.657440423355,127.110365420827,2012.97073321665,2019.51780821918,SC1_EPI_ISL_412977
234,67,0.215637795982293,113.425663533683,24.7248137069224,113.729034671088,24.4267719996387,133.758810286369,133.543172490387,2019.40354028621,2019.61917808219,SC1_OK017825.1
234,68,0.215637795982293,113.425663533683,24.7248137069224,113.290587601865,24.6118329836004,133.758810286369,133.543172490387,2019.40354028621,2019.61917808219,SC1_OK017826.1
195,196,1.04574803470334,124.984296781308,41.1915845598055,124.989298028969,41.2099883178505,133.837782484462,132.792034449759,2018.65240224558,2019.69815028028,NA
220,62,6.23835487022335,113.021792479992,24.5080219312639,113.08384557275,24.5111998660639,133.843741793218,127.605386922995,2013.46575471882,2019.70410958904,SC1_OK017827.1
221,60,2.29895993671763,113.03522244783,24.6306903186817,109.833147495054,24.2169021789976,133.843741793218,131.544781856501,2017.40514965232,2019.70410958904,SC1_OK017859.1
221,61,2.29895993671763,113.03522244783,24.6306903186817,112.892875237278,24.8201157859069,133.843741793218,131.544781856501,2017.40514965232,2019.70410958904,SC1_OK017828.1
269,270,13.179842087415,110.384912259039,28.7588404921609,110.157852205587,27.5029142644209,134.240432329251,121.060590241836,2006.92095803766,2020.10080012507,NA
244,245,1.43324864985206,102.792965150883,23.4604208599078,102.79952718946,23.5006820494357,134.274445129319,132.841196479467,2018.70156427529,2020.13481292514,NA
245,246,0.197321361558432,102.79952718946,23.5006820494357,103.22654952171,23.7009201981676,134.471766490877,134.274445129319,2020.13481292514,2020.3321342867,NA
273,132,11.8717652452964,100.522227394489,20.9281169300955,101.52419909114,21.5720302742704,134.574163231949,122.702397986652,2008.56276578248,2020.43453102777,SC1_MZ081381.1
241,17,8.40216307508559,102.335620347459,25.002180398097,102.374100994726,24.8975863239818,134.593288915009,126.191125839923,2012.05149363575,2020.45365671083,SC1_OK017858.1
244,19,1.75209243554221,102.792965150883,23.4604208599078,101.580929335712,23.9542545194364,134.593288915009,132.841196479467,2018.70156427529,2020.45365671083,SC1_OK017854.1
247,24,1.46748273634151,102.658259109906,23.6776836088438,100.241531859097,23.6327856625492,134.593288915009,133.125806178668,2018.98617397449,2020.45365671083,SC1_OK017852.1
247,20,1.46748273634151,102.658259109906,23.6776836088438,102.685073411709,23.6923941608647,134.593288915009,133.125806178668,2018.98617397449,2020.45365671083,SC1_OK017856.1
245,21,0.318843785690155,102.79952718946,23.5006820494357,102.802983686785,23.4129231811703,134.593288915009,134.274445129319,2020.13481292514,2020.45365671083,SC1_OK017853.1
246,22,0.121522424131724,103.22654952171,23.7009201981676,103.10057902258,23.5796288054403,134.593288915009,134.471766490877,2020.3321342867,2020.45365671083,SC1_OK017855.1
246,23,0.121522424131724,103.22654952171,23.7009201981676,103.731968399128,24.1031534468629,134.593288915009,134.471766490877,2020.3321342867,2020.45365671083,SC1_OK017857.1
171,173,8.25478185092757,115.951968157825,25.2213608115223,115.910139084729,25.2103928320854,134.611615024842,126.356833173914,2012.21720096974,2020.47198282066,NA
272,131,43.1293970344129,102.790296306198,23.6623907718986,100.917200146723,13.4804429585934,134.642469242878,91.5130722084648,1977.37344000429,2020.5028370387,SC1_MW251308.1
177,178,8.29652311639915,115.986487595734,28.731977555587,114.803302648937,27.8440048231666,134.671429260402,126.374906144003,2012.23527393983,2020.53179705622,NA
176,101,1.30345763815826,112.60852030851,29.6084367829479,112.780194174357,29.8171025983519,134.675256128124,133.371798489965,2019.23216628579,2020.53562392395,SC1_OK017801.1
176,100,1.30345763815826,112.60852030851,29.6084367829479,112.752807750344,29.7668405701399,134.675256128124,133.371798489965,2019.23216628579,2020.53562392395,SC1_OK017802.1
275,134,2.96636635344454,102.135161622027,18.6954303468806,101.909188000954,18.5247746625162,134.691649570747,131.725283217302,2017.58565101312,2020.55201736657,SC1_MZ937002.1
275,135,2.97456307475591,102.135161622027,18.6954303468806,102.206942909209,18.6708267699381,134.699846292058,131.725283217302,2017.58565101312,2020.56021408788,SC1_MZ937004.1
192,193,2.50258630387739,125.266869448329,40.9008690435325,125.466201246868,40.9043894545052,134.71227198037,132.209685676493,2018.07005347232,2020.57263977619,NA
147,148,30.1543548946173,109.756149305549,31.1496095217987,113.077748348796,29.1034779468444,134.788264688424,104.633909793807,1990.49427758963,2020.64863248425,NA
193,194,0.115032241807241,125.466201246868,40.9043894545052,125.360328282593,40.8302274128675,134.827304222177,134.71227198037,2020.57263977619,2020.687672018,NA
204,12,28.7128087479194,103.030471184432,24.9173241980899,103.524203148306,25.2643530741543,134.844655035228,106.131846287308,1991.99221408313,2020.70502283105,SC1_OK017793.1
192,127,2.634969358735,125.266869448329,40.9008690435325,125.215822983247,40.9741875383029,134.844655035228,132.209685676493,2018.07005347232,2020.70502283105,SC1_OK017795.1
195,123,2.05262058546865,124.984296781308,41.1915845598055,125.044727657971,41.3971474660826,134.844655035228,132.792034449759,2018.65240224558,2020.70502283105,SC1_OK017794.1
196,122,1.00687255076531,124.989298028969,41.2099883178505,124.828735608491,41.2989149958019,134.844655035228,133.837782484462,2019.69815028028,2020.70502283105,SC1_OK017797.1
196,121,1.00687255076531,124.989298028969,41.2099883178505,125.434636509582,40.9630813422289,134.844655035228,133.837782484462,2019.69815028028,2020.70502283105,SC1_OK017799.1
193,126,0.132383054857606,125.466201246868,40.9043894545052,125.518883589028,40.971440475176,134.844655035228,134.71227198037,2020.57263977619,2020.70502283105,SC1_OK017798.1
194,124,0.0173508130503648,125.360328282593,40.8302274128675,125.322963890418,40.8295506119609,134.844655035228,134.827304222177,2020.687672018,2020.70502283105,SC1_OK017800.1
194,125,0.0173508130503648,125.360328282593,40.8302274128675,125.359613620748,40.8303043734052,134.844655035228,134.827304222177,2020.687672018,2020.70502283105,SC1_OK017796.1
184,114,5.02334451582674,109.778792261053,29.1749167870739,109.422989331344,28.9787010983083,135.26291987541,130.239575359583,2016.09994315541,2021.12328767123,SC1_OK017833.1
184,115,5.02334451582674,109.778792261053,29.1749167870739,109.803526782442,29.4081471767419,135.26291987541,130.239575359583,2016.09994315541,2021.12328767123,SC1_OK017832.1
270,3,1.02248754615933,110.157852205587,27.5029142644209,110.179989660316,27.6552005128533,135.26291987541,134.240432329251,2020.10080012507,2021.12328767123,SC1_OK017803.1
270,4,1.02248754615933,110.157852205587,27.5029142644209,110.179284629104,27.5087317610913,135.26291987541,134.240432329251,2020.10080012507,2021.12328767123,SC1_OK017804.1
269,2,14.2790419623415,110.384912259039,28.7588404921609,110.846910505257,28.9307084714974,135.339632204177,121.060590241836,2006.92095803766,2021.2,SC1_OK017805.1
206,11,9.64537591176077,107.155734901489,27.9609995655398,106.944701189159,28.102617080058,135.339632204177,125.694256292416,2011.55462408824,2021.2,SC1_OK017830.1
207,9,1.83907598439042,107.106057696886,28.6559115800947,106.630900148941,28.426706673958,135.339632204177,133.500556219787,2019.36092401561,2021.2,SC1_OK017829.1
207,10,1.83907598439042,107.106057696886,28.6559115800947,107.68209917533,28.9647769991095,135.339632204177,133.500556219787,2019.36092401561,2021.2,SC1_OK017831.1
148,80,0.551367515753102,113.077748348796,29.1034779468444,113.073930103354,29.0594463665691,135.339632204177,134.788264688424,2020.64863248425,2021.2,SC1_OK017834.1
148,81,0.551367515753102,113.077748348796,29.1034779468444,113.29588679711,28.9847357036176,135.339632204177,134.788264688424,2020.64863248425,2021.2,SC1_OK017835.1
201,74,21.0000567692742,103.52282313579,24.432441358942,103.349017425668,24.7617965964752,135.464563711027,114.464506941752,2000.32487473758,2021.32493150685,SC1_OK017806.1
168,110,18.2962090469372,116.255267202568,26.6717920104038,118.074952267596,27.25044756321,135.506755491849,117.210546444911,2003.07091424073,2021.36712328767,SC1_OK017809.1
172,106,7.56297947277224,115.802052775167,25.3241834097665,116.16668008636,25.1584493630835,135.506755491849,127.943776019076,2013.8041438149,2021.36712328767,SC1_OK017808.1
173,104,0.895140467006693,115.910139084729,25.2103928320854,115.96368754134,25.1189587354616,135.506755491849,134.611615024842,2020.47198282066,2021.36712328767,SC1_OK017811.1
173,105,0.895140467006693,115.910139084729,25.2103928320854,115.912631334782,25.214448934319,135.506755491849,134.611615024842,2020.47198282066,2021.36712328767,SC1_OK017810.1
150,85,23.1111638321303,111.660740223032,31.2876379036388,115.885765960667,29.6786382266383,135.67387877952,112.56271494739,1998.42308274321,2021.53424657534,SC1_OK017860.1
215,64,13.6227390309542,111.649048431823,24.4726934430643,113.802884617927,27.9678587972282,135.67387877952,122.051139748566,2007.91150754439,2021.53424657534,SC1_OK017839.1
179,108,12.6657301947148,116.703550741414,26.7962268005879,115.814031912324,26.6162654924128,135.67387877952,123.008148584805,2008.86851638063,2021.53424657534,SC1_OK017840.1
177,113,9.29897263551675,115.986487595734,28.731977555587,116.682714467873,28.5582992483948,135.67387877952,126.374906144003,2012.23527393983,2021.53424657534,SC1_OK017838.1
172,107,7.73010276044354,115.802052775167,25.3241834097665,118.216871262207,31.6282937932368,135.67387877952,127.943776019076,2013.8041438149,2021.53424657534,SC1_OK017807.1
174,103,7.32052312764489,115.509105008132,25.2631484235251,115.497050605223,26.107011241953,135.67387877952,128.353355651875,2014.2137234477,2021.53424657534,SC1_OK017837.1
224,50,6.67740858123189,114.45220876495,24.8673128303698,114.910227419921,25.1958277325696,135.67387877952,128.996470198288,2014.85683799411,2021.53424657534,SC1_OK017841.1
175,102,4.52868683580264,115.426366170897,25.3074980142441,115.201979126086,25.2017376189938,135.67387877952,131.145191943717,2017.00555973954,2021.53424657534,SC1_OK017836.1
225,51,2.12115718560297,114.93727144173,25.1510592761214,114.944698990559,25.1000922832113,135.67387877952,133.552721593917,2019.41308938974,2021.53424657534,SC1_OK017843.1
225,52,2.12115718560297,114.93727144173,25.1510592761214,115.00429057901,25.144599042079,135.67387877952,133.552721593917,2019.41308938974,2021.53424657534,SC1_OK017842.1
178,111,1.0024495191176,114.803302648937,27.8440048231666,114.827701441472,27.8270115732841,135.67387877952,134.671429260402,2020.53179705622,2021.53424657534,SC1_OK017845.1
178,112,1.0024495191176,114.803302648937,27.8440048231666,114.708500293336,27.7672171844145,135.67387877952,134.671429260402,2020.53179705622,2021.53424657534,SC1_OK017844.1
