node1,node2,length,startLon,startLat,endLon,endLat,endNodeL,startNodeL,startYear,endYear,tipLabel
150,152,6.15845428889617,110.104000696424,27.2672369025089,110.210900552819,27.7445735794136,101.007619378592,94.849165089696,1953.35213203964,1959.51058632854,NA
152,153,12.5279598118306,110.210900552819,27.7445735794136,109.728710860516,27.1306740831801,113.535579190423,101.007619378592,1959.51058632854,1972.03854614037,NA
150,151,21.1175894348327,110.104000696424,27.2672369025089,99.9279778998353,25.0624517417479,115.966754524529,94.849165089696,1953.35213203964,1974.46972147448,NA
153,171,7.39716751552772,109.728710860516,27.1306740831801,114.345925318274,28.8652993783885,120.93274670595,113.535579190423,1972.03854614037,1979.4357136559,NA
152,220,20.3815023901012,110.210900552819,27.7445735794136,110.139301179896,27.6740275121335,121.389121768693,101.007619378592,1959.51058632854,1979.89208871864,NA
220,221,1.76845438529406,110.139301179896,27.6740275121335,110.876372065217,29.7384396725716,123.157576153987,121.389121768693,1979.89208871864,1981.66054310394,NA
153,154,11.3802429678041,109.728710860516,27.1306740831801,110.497750555394,26.2191783170463,124.915822158227,113.535579190423,1972.03854614037,1983.41878910818,NA
220,224,5.5203073651986,110.139301179896,27.6740275121335,109.975544226858,28.2245966888944,126.909429133892,121.389121768693,1979.89208871864,1985.41239608384,NA
154,155,6.02354791114833,110.497750555394,26.2191783170463,110.654638835914,26.1213243058382,130.939370069375,124.915822158227,1983.41878910818,1989.44233701932,NA
224,225,5.49411878865993,109.975544226858,28.2245966888944,110.010133391364,28.0298888972644,132.403547922552,126.909429133892,1985.41239608384,1990.9065148725,NA
171,172,11.6365540682901,114.345925318274,28.8652993783885,114.138143518735,28.7249084037351,132.569300774241,120.93274670595,1979.4357136559,1991.07226772419,NA
254,262,39.303393135761,111.763815401509,28.9852888821795,111.603552745128,31.1692618222515,133.869299707475,94.5659065717144,1953.06887352166,1992.37226665742,NA
172,173,2.09741921442233,114.138143518735,28.7249084037351,115.629801565064,26.4190110577702,134.666719988663,132.569300774241,1991.07226772419,1993.16968693861,NA
221,223,12.4332212150169,110.876372065217,29.7384396725716,109.120783184606,34.1190336292717,135.590797369004,123.157576153987,1981.66054310394,1994.09376431895,NA
154,157,10.9310758814612,110.497750555394,26.2191783170463,104.460829730769,25.237298063043,135.846898039688,124.915822158227,1983.41878910818,1994.34986498964,NA
173,174,4.28884256417261,115.629801565064,26.4190110577702,115.873857442695,26.4327670804652,138.955562552836,134.666719988663,1993.16968693861,1997.45852950278,NA
157,159,3.62915467606597,104.460829730769,25.237298063043,104.500537137179,25.2445502566821,139.476052715754,135.846898039688,1994.34986498964,1997.9790196657,NA
174,181,1.77840683616023,115.873857442695,26.4327670804652,114.904392612312,23.1229514741788,140.733969388996,138.955562552836,1997.45852950278,1999.23693633894,NA
262,264,6.96791950621337,111.603552745128,31.1692618222515,111.461364628244,31.1931810713567,140.837219213689,133.869299707475,1992.37226665742,1999.34018616364,NA
174,175,2.39499446263229,115.873857442695,26.4327670804652,116.817352901091,26.0213817573034,141.350557015468,138.955562552836,1997.45852950278,1999.85352396542,NA
172,216,8.83647479527604,114.138143518735,28.7249084037351,114.730294875966,28.4384607395499,141.405775569517,132.569300774241,1991.07226772419,1999.90874251947,NA
159,160,2.06470961744989,104.500537137179,25.2445502566821,102.888355094111,24.9242970344607,141.540762333204,139.476052715754,1997.9790196657,2000.04372928315,NA
225,226,9.23268016389556,110.010133391364,28.0298888972644,111.180132662388,30.8078482349572,141.636228086447,132.403547922552,1990.9065148725,2000.1391950364,NA
181,182,1.40668443835103,114.904392612312,23.1229514741788,114.080329269841,22.3937453378396,142.140653827347,140.733969388996,1999.23693633894,2000.6436207773,NA
264,274,1.73664210586927,111.461364628244,31.1931810713567,111.484771736057,31.3404953932518,142.573861319558,140.837219213689,1999.34018616364,2001.07682826951,NA
254,255,49.6030249937302,111.763815401509,28.9852888821795,111.282784691816,28.7583877671757,144.168931565445,94.5659065717144,1953.06887352166,2002.67189851539,NA
232,27,9.8911737361823,110.612431450729,21.1345079092476,113.20635461268,23.4346469794058,144.450457707585,134.559283971403,1993.06225092135,2002.95342465753,SC1_AY394995.1
182,183,2.88246619025498,114.080329269841,22.3937453378396,114.112375921059,22.4136675067934,145.023120017602,142.140653827347,2000.6436207773,2003.52608696755,NA
226,227,3.50812103743857,111.180132662388,30.8078482349572,111.15714777495,30.7735276148572,145.144349123886,141.636228086447,2000.1391950364,2003.64731607383,NA
160,166,3.80833106680681,102.888355094111,24.9242970344607,102.994574050511,24.9434646903278,145.349093400011,141.540762333204,2000.04372928315,2003.85206034996,NA
182,184,3.3688748906459,114.080329269841,22.3937453378396,114.085068823526,22.3985831536702,145.509528717993,142.140653827347,2000.6436207773,2004.01249566794,NA
227,33,0.391040090548604,111.15714777495,30.7735276148572,111.165551229904,30.8209033724051,145.535389214435,145.144349123886,2003.64731607383,2004.03835616438,SC1_DQ648857.1
175,180,4.39739789722144,116.817352901091,26.0213817573034,114.373296744562,23.8111870385292,145.747954912689,141.350557015468,1999.85352396542,2004.25092186264,NA
184,189,0.242193529797326,114.085068823526,22.3985831536702,114.066612343062,22.4023907387381,145.75172224779,145.509528717993,2004.01249566794,2004.25468919774,NA
189,191,0.0238014224620713,114.066612343062,22.4023907387381,114.067841488952,22.4037331484077,145.775523670252,145.75172224779,2004.25468919774,2004.2784906202,NA
274,121,3.79486122820973,111.484771736057,31.3404953932518,111.050791932471,30.8271227942184,146.368722547768,142.573861319558,2001.07682826951,2004.87168949772,SC1_DQ412042.1
227,34,1.22437342388186,111.15714777495,30.7735276148572,111.162694045522,30.8220124116375,146.368722547768,145.144349123886,2003.64731607383,2004.87168949772,SC1_DQ412043.1
155,93,15.5113196915076,110.654638835914,26.1213243058382,108.226361564585,22.6824569521906,146.450689760883,130.939370069375,1989.44233701932,2004.95365671083,SC1_DQ071615.1
191,192,0.734330900960853,114.067841488952,22.4037331484077,114.011787541769,22.3130275715883,146.509854571213,145.775523670252,2004.2784906202,2005.01282152116,NA
264,265,5.6784307028372,111.461364628244,31.1931810713567,124.70715199568,41.4704250848076,146.515649916526,140.837219213689,1999.34018616364,2005.01861686647,NA
189,190,0.864522667872148,114.066612343062,22.4023907387381,114.018148958671,22.4696938387688,146.616244915662,145.75172224779,2004.25468919774,2005.11921186561,NA
190,72,0.0479114220600465,114.018148958671,22.4696938387688,114.020206186271,22.4689218750806,146.664156337722,146.616244915662,2005.11921186561,2005.16712328767,SC1_DQ022305.2
191,66,0.907810749661852,114.067841488952,22.4037331484077,114.167310170926,22.3862864617833,146.683334419914,145.775523670252,2004.2784906202,2005.18630136986,SC1_DQ084199.1
190,71,0.12462375082719,114.018148958671,22.4696938387688,114.137329805941,22.1482914025643,146.740868666489,146.616244915662,2005.11921186561,2005.24383561644,SC1_DQ084200.1
192,193,0.334819418559402,114.011787541769,22.3130275715883,114.029666354609,22.2501551127421,146.844673989772,146.509854571213,2005.01282152116,2005.34764093972,NA
226,228,5.21984599914188,111.180132662388,30.8078482349572,111.235130567416,29.6510315415113,146.856074085589,141.636228086447,2000.1391950364,2005.35904103554,NA
193,194,0.322159344943653,114.029666354609,22.2501551127421,114.163060457362,22.3579708670719,147.166833334716,146.844673989772,2005.34764093972,2005.66980028466,NA
184,185,1.68405302152954,114.085068823526,22.3985831536702,114.209539365017,22.2677707023559,147.193581739522,145.509528717993,2004.01249566794,2005.69654868947,NA
194,196,0.0303924534402356,114.163060457362,22.3579708670719,114.147459354005,22.3366748293475,147.197225788156,147.166833334716,2005.66980028466,2005.70019273811,NA
196,70,0.0559716454564594,114.147459354005,22.3366748293475,114.152216762159,22.3313041064961,147.253197433613,147.197225788156,2005.70019273811,2005.75616438356,SC1_GQ153539.1
196,67,0.0559716454564594,114.147459354005,22.3366748293475,114.171903910356,22.2255715806398,147.253197433613,147.197225788156,2005.70019273811,2005.75616438356,SC1_GQ153540.1
193,69,0.646879608223852,114.029666354609,22.2501551127421,114.000790910015,22.1497280736822,147.491553597996,146.844673989772,2005.34764093972,2005.99452054795,SC1_GQ153541.1
159,100,8.0593364986805,104.500537137179,25.2445502566821,104.855627112871,25.5991891448628,147.535389214435,139.476052715754,1997.9790196657,2006.03835616438,SC1_FJ588686.1
255,256,3.39288549800297,111.282784691816,28.7583877671757,122.442952579341,29.9251539574476,147.561817063448,144.168931565445,2002.67189851539,2006.0647840134,NA
232,233,13.0455379817979,110.612431450729,21.1345079092476,102.954458442103,24.7437963826479,147.604821953201,134.559283971403,1993.06225092135,2006.10778890315,NA
183,77,2.63555686806573,114.112375921059,22.4136675067934,114.234738632707,22.4569239061583,147.658676885667,145.023120017602,2003.52608696755,2006.16164383562,SC1_GQ153543.1
183,78,2.63555686806573,114.112375921059,22.4136675067934,114.237847584831,22.1764083810171,147.658676885667,145.023120017602,2003.52608696755,2006.16164383562,SC1_GQ153542.1
173,215,13.032201821971,115.629801565064,26.4190110577702,115.618555318659,26.4222917424372,147.698921810634,134.666719988663,1993.16968693861,2006.20188876058,NA
185,186,0.7658593825061,114.209539365017,22.2677707023559,114.216955468455,22.2598130719234,147.959441122028,147.193581739522,2005.69654868947,2006.46240807198,NA
233,234,0.413761307356365,102.954458442103,24.7437963826479,102.920867921958,24.7412694510163,148.018583260557,147.604821953201,2006.10778890315,2006.52155021051,NA
255,257,3.98078821527416,111.282784691816,28.7583877671757,107.971539302866,27.0251325713613,148.149719780719,144.168931565445,2002.67189851539,2006.65268673067,NA
192,74,1.68032916376962,114.011787541769,22.3130275715883,114.000568883734,22.4880895072195,148.190183734983,146.509854571213,2005.01282152116,2006.69315068493,SC1_GQ153544.1
185,75,0.996601995460331,114.209539365017,22.2677707023559,114.128606730762,22.2594416065666,148.190183734983,147.193581739522,2005.69654868947,2006.69315068493,SC1_GQ153545.1
175,176,6.85474107485376,116.817352901091,26.0213817573034,117.553064599007,26.1674686553736,148.205298090322,141.350557015468,1999.85352396542,2006.70826504027,NA
160,161,7.07525255738501,102.888355094111,24.9242970344607,102.94354076275,24.9437817837943,148.616014890589,141.540762333204,2000.04372928315,2007.11898184054,NA
194,195,1.53590803076699,114.163060457362,22.3579708670719,114.148216107599,22.3539293895966,148.702741365483,147.166833334716,2005.66980028466,2007.20570831543,NA
195,76,0.0107300407323425,114.148216107599,22.3539293895966,114.151656075906,22.3544912266444,148.713471406215,148.702741365483,2007.20570831543,2007.21643835616,SC1_GQ153546.1
186,73,0.943071380077384,114.216955468455,22.2598130719234,114.279689843089,22.2747911948096,148.902512502106,147.959441122028,2006.46240807198,2007.40547945205,SC1_GQ153547.1
195,68,0.703880725663995,114.148216107599,22.3539293895966,114.160004128485,22.3375626180416,149.406622091147,148.702741365483,2007.20570831543,2007.9095890411,SC1_GQ153548.1
181,197,9.27667419802733,114.904392612312,23.1229514741788,114.906798410437,23.0790562504101,150.010643587023,140.733969388996,1999.23693633894,2008.51361053697,NA
166,167,5.54850619211761,102.994574050511,24.9434646903278,102.982601353291,24.9563897060686,150.897599592128,145.349093400011,2003.85206034996,2009.40056654208,NA
234,235,2.91961893721407,102.920867921958,24.7412694510163,102.755508943604,24.7438747109594,150.938202197771,148.018583260557,2006.52155021051,2009.44116914772,NA
233,249,3.61671743974858,102.954458442103,24.7437963826479,102.893031853895,24.7438976982811,151.22153939295,147.604821953201,2006.10778890315,2009.7245063429,NA
157,158,15.5658523514701,104.460829730769,25.237298063043,102.564728593198,24.978180304476,151.412750391158,135.846898039688,1994.34986498964,2009.91571734111,NA
265,266,5.05970367571191,124.70715199568,41.4704250848076,123.905629526582,41.1168366409521,151.575353592238,146.515649916526,2005.01861686647,2010.07832054219,NA
257,258,3.44226216038118,107.971539302866,27.0251325713613,108.183495220504,26.3118237780623,151.5919819411,148.149719780719,2006.65268673067,2010.09494889105,NA
167,169,0.740944185415072,102.982601353291,24.9563897060686,103.011641883998,24.9576408454568,151.638543777543,150.897599592128,2009.40056654208,2010.14151072749,NA
197,198,1.67515636017837,114.906798410437,23.0790562504101,114.288949557517,23.4301500099645,151.685799947201,150.010643587023,2008.51361053697,2010.18876689715,NA
161,162,3.12916490800883,102.94354076275,24.9437817837943,102.600789232454,24.7945139433514,151.745179798598,148.616014890589,2007.11898184054,2010.24814674855,NA
216,217,10.7649315794506,114.730294875966,28.4384607395499,115.615439044256,28.9168035127937,152.170707148967,141.405775569517,1999.90874251947,2010.67367409892,NA
176,177,4.03167710324211,117.553064599007,26.1674686553736,118.383423812554,27.7233347769941,152.236975193564,148.205298090322,2006.70826504027,2010.73994214351,NA
266,273,0.737994581670959,123.905629526582,41.1168366409521,125.800384305846,41.1439914661864,152.313348173909,151.575353592238,2010.07832054219,2010.81631512386,NA
274,275,9.92517555898279,111.484771736057,31.3404953932518,112.679570200971,35.1380727418552,152.499036878541,142.573861319558,2001.07682826951,2011.00200382849,NA
151,109,36.5686346899059,99.9279778998353,25.0624517417479,100.224219288194,25.2431104447418,152.535389214435,115.966754524529,1974.46972147448,2011.03835616438,SC1_JX993988.1
151,110,36.5686346899059,99.9279778998353,25.0624517417479,98.9243024817439,25.2212135667186,152.535389214435,115.966754524529,1974.46972147448,2011.03835616438,SC1_KF569996.1
249,250,1.39702606742243,102.893031853895,24.7438976982811,102.855075165352,24.7411321010952,152.618565460372,151.22153939295,2009.7245063429,2011.12153241032,NA
250,251,0.182376862558415,102.855075165352,24.7411321010952,102.843971553509,24.8621545125207,152.80094232293,152.618565460372,2011.12153241032,2011.30390927288,NA
251,11,0.0248578504084165,102.843971553509,24.8621545125207,102.6704820547,24.7527302066074,152.825800173339,152.80094232293,2011.30390927288,2011.32876712329,SC1_KC881005.1
250,252,0.39371670574404,102.855075165352,24.7411321010952,102.800339763704,24.6542122699098,153.012282166116,152.618565460372,2011.12153241032,2011.51524911606,NA
223,38,17.6103452700879,109.120783184606,34.1190336292717,110.084778862367,34.6380929347294,153.201142639092,135.590797369004,1994.09376431895,2011.70410958904,SC1_JX993987.1
198,201,1.69853209816039,114.288949557517,23.4301500099645,114.340705253223,23.4467557241468,153.384332045362,151.685799947201,2010.18876689715,2011.88729899531,NA
275,276,0.944662459590296,112.679570200971,35.1380727418552,113.866195932331,36.4233120547265,153.443699338131,152.499036878541,2011.00200382849,2011.94666628808,NA
158,102,2.12263882327638,102.564728593198,24.978180304476,98.6053225693888,24.3091787212761,153.535389214435,151.412750391158,2009.91571734111,2012.03835616438,SC1_KU973692.1
177,81,1.29841402087091,118.383423812554,27.7233347769941,119.056384037753,28.1167746002578,153.535389214435,152.236975193564,2010.73994214351,2012.03835616438,SC1_KF294457.1
273,126,1.22204104052566,125.800384305846,41.1439914661864,125.851997323815,41.1347395155324,153.535389214435,152.313348173909,2010.81631512386,2012.03835616438,SC1_KJ473811.1
275,123,1.03635233589369,112.679570200971,35.1380727418552,112.567600565276,35.1393031753828,153.535389214435,152.499036878541,2011.00200382849,2012.03835616438,SC1_KY770860.1
235,237,2.64179324655999,102.755508943604,24.7438747109594,102.867278965206,24.7544055361742,153.579995444331,150.938202197771,2009.44116914772,2012.08296239428,NA
249,13,2.5269645755834,102.893031853895,24.7438976982811,102.948122669992,24.709496461458,153.748503968533,151.22153939295,2009.7245063429,2012.25147091848,SC1_KC881006.1
217,218,1.72154289878087,115.615439044256,28.9168035127937,115.071250348472,29.5728286277457,153.892250047748,152.170707148967,2010.67367409892,2012.3952169977,NA
155,156,23.1943960934765,110.654638835914,26.1213243058382,110.425126387954,26.5978728990789,154.133766162852,130.939370069375,1989.44233701932,2012.6367331128,NA
162,163,2.40467054356481,102.600789232454,24.7945139433514,105.362029071146,24.8688559243365,154.149850342163,151.745179798598,2010.24814674855,2012.65281729211,NA
252,12,1.18977371498533,102.800339763704,24.6542122699098,102.597172258993,24.6641280718289,154.202055881101,153.012282166116,2011.51524911606,2012.70502283105,SC1_KF367457.1
161,164,5.61184174955254,102.94354076275,24.9437817837943,102.519486113355,24.6827352761669,154.227856640142,148.616014890589,2007.11898184054,2012.73082359009,NA
167,168,3.33048485678402,102.982601353291,24.9563897060686,103.027160829681,25.1225416474463,154.228084448912,150.897599592128,2009.40056654208,2012.73105139886,NA
158,101,2.83575357737472,102.564728593198,24.978180304476,102.593703169574,24.9713208593019,154.248503968533,151.412750391158,2009.91571734111,2012.75147091848,SC1_KY417145.1
169,96,2.60996019098946,103.011641883998,24.9576408454568,102.730563210516,24.6638676254018,154.248503968533,151.638543777543,2010.14151072749,2012.75147091848,SC1_KY417143.1
251,16,1.44756164560255,102.843971553509,24.8621545125207,102.858551707499,25.0278479813683,154.248503968533,152.80094232293,2011.30390927288,2012.75147091848,SC1_KY417144.1
201,205,1.00970092402084,114.340705253223,23.4467557241468,114.724089883452,23.7903509180442,154.394032969383,153.384332045362,2011.88729899531,2012.89699991933,NA
169,170,2.82524367526127,103.011641883998,24.9576408454568,103.028147352999,25.0032408972604,154.463787452805,151.638543777543,2010.14151072749,2012.96675440275,NA
224,40,27.6259600805427,109.975544226858,28.2245966888944,112.920060791134,32.1896802237764,154.535389214435,126.909429133892,1985.41239608384,2013.03835616438,SC1_KJ473814.1
216,90,13.129613644918,114.730294875966,28.4384607395499,111.387759355304,24.2658245307941,154.535389214435,141.405775569517,1999.90874251947,2013.03835616438,SC1_KJ473815.1
162,108,2.79020941583678,102.600789232454,24.7945139433514,102.684766943438,24.6715491263647,154.535389214435,151.745179798598,2010.24814674855,2013.03835616438,SC1_KJ473816.1
276,124,1.09168987630339,113.866195932331,36.4233120547265,113.540009067602,36.3518024544793,154.535389214435,153.443699338131,2011.94666628808,2013.03835616438,SC1_KJ473813.1
276,122,1.09168987630339,113.866195932331,36.4233120547265,113.948502901217,36.532114462231,154.535389214435,153.443699338131,2011.94666628808,2013.03835616438,SC1_KJ473812.1
163,103,0.385538872271972,105.362029071146,24.8688559243365,105.459519902384,24.9999513315005,154.535389214435,154.149850342163,2012.65281729211,2013.03835616438,SC1_KY770859.1
163,104,0.385538872271972,105.362029071146,24.8688559243365,105.293511302462,24.8484430477119,154.535389214435,154.149850342163,2012.65281729211,2013.03835616438,SC1_KY770858.1
252,253,1.56279287163594,102.800339763704,24.6542122699098,102.980406979704,24.7520064252607,154.575075037752,153.012282166116,2011.51524911606,2013.0780419877,NA
266,267,3.11770241649604,123.905629526582,41.1168366409521,123.838744896032,41.2245755580771,154.693056008734,151.575353592238,2010.07832054219,2013.19602295868,NA
237,26,1.24580472900742,102.867278965206,24.7544055361742,102.822836141271,24.7145836750859,154.825800173339,153.579995444331,2012.08296239428,2013.32876712329,SC1_KY417146.1
168,98,0.597715724426376,103.027160829681,25.1225416474463,103.008048313534,25.09881151588,154.825800173339,154.228084448912,2012.73105139886,2013.32876712329,SC1_KY417148.1
170,94,0.36201272053405,103.028147352999,25.0032408972604,102.84018199827,24.9236409778833,154.825800173339,154.463787452805,2012.96675440275,2013.32876712329,SC1_KY417147.1
170,95,0.36201272053405,103.028147352999,25.0032408972604,103.017985174524,24.9918473483973,154.825800173339,154.463787452805,2012.96675440275,2013.32876712329,SC1_KY417149.1
262,263,21.024529007726,111.603552745128,31.1692618222515,101.849590488687,25.3036171694243,154.893828715202,133.869299707475,1992.37226665742,2013.39679566515,NA
263,119,0.0306015951234997,101.849590488687,25.3036171694243,102.241266715529,25.2654842041949,154.924430310325,154.893828715202,2013.39679566515,2013.42739726027,SC1_KP886809.1
263,120,0.0306015951234997,101.849590488687,25.3036171694243,101.838025572,25.2227584600741,154.924430310325,154.893828715202,2013.39679566515,2013.42739726027,SC1_KP886808.1
186,187,6.96529097926409,114.216955468455,22.2598130719234,114.652483942768,22.8587552360692,154.924732101292,147.959441122028,2006.46240807198,2013.42769905124,NA
253,14,0.51099910818944,102.980406979704,24.7520064252607,102.941732339032,24.6901431862422,155.086074145941,154.575075037752,2013.0780419877,2013.58904109589,SC1_KY417150.1
253,15,0.51099910818944,102.980406979704,24.7520064252607,102.877187797051,24.6801870349298,155.086074145941,154.575075037752,2013.0780419877,2013.58904109589,SC1_KT444582.1
273,127,2.80286295833384,125.800384305846,41.1439914661864,126.018318498331,41.7824474735455,155.116211132243,152.313348173909,2010.81631512386,2013.61917808219,SC1_KU182964.1
277,278,14.8096594864468,101.695565103259,18.359969902747,101.958467815596,18.8228892871801,155.171351371567,140.361691885121,1998.86465883507,2013.67431832152,NA
237,238,2.03630234737574,102.867278965206,24.7544055361742,102.777866077308,24.7268717638007,155.616297791707,153.579995444331,2012.08296239428,2014.11926474166,NA
164,165,1.44971384856558,102.519486113355,24.6827352761669,102.922576621361,25.0107075973724,155.677570488707,154.227856640142,2012.73082359009,2014.18053743866,NA
235,236,4.8888941535273,102.755508943604,24.7438747109594,102.744121644201,24.7353837283858,155.827096351299,150.938202197771,2009.44116914772,2014.33006330125,NA
201,202,2.44323949065914,114.340705253223,23.4467557241468,114.477206225371,23.7705580390904,155.827571536021,153.384332045362,2011.88729899531,2014.33053848597,NA
165,106,0.216722835316534,102.922576621361,25.0107075973724,102.918000234942,25.0314269619019,155.894293324024,155.677570488707,2014.18053743866,2014.39726027397,SC1_KY417142.1
257,261,7.81884309756832,107.971539302866,27.0251325713613,103.19588390627,26.7294065310766,155.968562878287,148.149719780719,2006.65268673067,2014.47152982824,NA
218,219,2.25354524543164,115.071250348472,29.5728286277457,115.077239419534,29.5748900160071,156.14579529318,153.892250047748,2012.3952169977,2014.64876224313,NA
228,229,9.34428536380898,111.235130567416,29.6510315415113,111.468840556782,27.9791248613185,156.200359449398,146.856074085589,2005.35904103554,2014.70332639935,NA
236,17,0.519251767245514,102.744121644201,24.7353837283858,102.804716342145,24.8357380840782,156.346348118544,155.827096351299,2014.33006330125,2014.84931506849,SC1_KY417151.1
258,259,4.92919705695954,108.183495220504,26.3118237780623,109.089982226175,27.608062014675,156.52117899806,151.5919819411,2010.09494889105,2015.02414594801,NA
205,206,2.17590778590467,114.724089883452,23.7903509180442,114.273640774111,23.8053132925944,156.569940755287,154.394032969383,2012.89699991933,2015.07290770524,NA
238,239,1.10140538164459,102.777866077308,24.7268717638007,102.812004399067,24.7424547418176,156.717703173352,155.616297791707,2014.11926474166,2015.2206701233,NA
202,203,1.02453807846722,114.477206225371,23.7705580390904,114.475238305107,24.2347864310762,156.852109614488,155.827571536021,2014.33053848597,2015.35507656444,NA
256,117,9.46946256194594,122.442952579341,29.9251539574476,122.431963072832,29.985216833678,157.031279625394,147.561817063448,2006.0647840134,2015.53424657534,SC1_MG772934.1
206,207,0.624239957212942,114.273640774111,23.8053132925944,115.054845575704,24.2547543301402,157.1941807125,156.569940755287,2015.07290770524,2015.69714766245,NA
267,268,2.50274411380304,123.838744896032,41.2245755580771,123.878821393505,40.888493275578,157.195800122537,154.693056008734,2013.19602295868,2015.69876707249,NA
144,145,0.278781504902474,110.336895955619,25.8947212151366,110.381077269661,26.0072815300673,157.323600681824,157.044819176922,2015.54778612687,2015.82656763177,NA
236,18,1.4973339590262,102.744121644201,24.7353837283858,102.714816334786,24.7583395168537,157.324430310325,155.827096351299,2014.33006330125,2015.82739726027,SC1_KY417152.1
239,240,0.692099966949351,102.812004399067,24.7424547418176,103.064038933435,25.0730072625093,157.409803140301,156.717703173352,2015.2206701233,2015.91277009025,NA
268,269,0.25975771638956,123.878821393505,40.888493275578,123.988555660984,40.9665728005477,157.455557838927,157.195800122537,2015.69876707249,2015.95852478888,NA
207,208,0.33679398307439,115.054845575704,24.2547543301402,115.017810221118,24.1969950835965,157.530974695575,157.1941807125,2015.69714766245,2016.03394164552,NA
240,241,0.287106383965806,103.064038933435,25.0730072625093,102.796571090393,24.7954310140045,157.696909524267,157.409803140301,2015.91277009025,2016.19987647422,NA
145,146,0.4559569960316,110.381077269661,26.0072815300673,110.415550959124,26.0540033177717,157.779557677856,157.323600681824,2015.82656763177,2016.2825246278,NA
267,134,3.13468293247649,123.838744896032,41.2245755580771,127.307339438059,35.5110625360633,157.82773894121,154.693056008734,2013.19602295868,2016.33070589116,SC1_KY938558.1
208,209,0.321747593292288,115.017810221118,24.1969950835965,115.006055735252,24.2504041789733,157.852722288867,157.530974695575,2016.03394164552,2016.35568923882,NA
209,210,0.0712138913571456,115.006055735252,24.2504041789733,115.036234427015,24.3058618011616,157.923936180224,157.852722288867,2016.35568923882,2016.42690313017,NA
240,242,0.547100425528376,103.064038933435,25.0730072625093,103.046242580994,24.9813387234981,157.956903565829,157.409803140301,2015.91277009025,2016.45987051578,NA
198,199,6.27436869991056,114.288949557517,23.4301500099645,115.039857258614,24.6756731005075,157.960168647112,151.685799947201,2010.18876689715,2016.46313559706,NA
206,44,1.46271621871012,114.273640774111,23.8053132925944,113.791482608129,23.5429584104408,158.032656973997,156.569940755287,2015.07290770524,2016.53562392395,SC1_OK017812.1
242,243,0.101433527383396,103.046242580994,24.9813387234981,103.090193021049,24.9734540979196,158.058337093213,157.956903565829,2016.45987051578,2016.56130404316,NA
171,41,37.1846097215988,114.345925318274,28.8652993783885,107.043408526925,30.7539703590187,158.117356427549,120.93274670595,1979.4357136559,2016.6203233775,SC1_MK211374.1
223,39,22.526559058545,109.120783184606,34.1190336292717,106.546604071718,31.707571667095,158.117356427549,135.590797369004,1994.09376431895,2016.6203233775,SC1_OK017846.1
239,22,1.39965325419757,102.812004399067,24.7424547418176,102.811483598036,24.7359704565238,158.117356427549,156.717703173352,2015.2206701233,2016.6203233775,SC1_OK017851.1
241,19,0.420446903282414,102.796571090393,24.7954310140045,102.837731823712,24.8420335199132,158.117356427549,157.696909524267,2016.19987647422,2016.6203233775,SC1_OK017849.1
242,21,0.160452861719845,103.046242580994,24.9813387234981,103.051746309884,24.9730568853432,158.117356427549,157.956903565829,2016.45987051578,2016.6203233775,SC1_OK017850.1
243,20,0.0590193343364493,103.090193021049,24.9734540979196,103.060146088019,24.9671452243305,158.117356427549,158.058337093213,2016.56130404316,2016.6203233775,SC1_OK017848.1
243,24,0.0590193343364493,103.090193021049,24.9734540979196,103.086318753653,24.9655882479731,158.117356427549,158.058337093213,2016.56130404316,2016.6203233775,SC1_OK017847.1
202,204,2.30718627240907,114.477206225371,23.7705580390904,114.895802686907,24.1461354978391,158.13475780843,155.827571536021,2014.33053848597,2016.63772475838,NA
164,105,3.97419924095981,102.519486113355,24.6827352761669,102.724100816416,24.4999312004453,158.202055881101,154.227856640142,2012.73082359009,2016.70502283105,SC1_MK211375.1
168,97,3.97397143218891,103.027160829681,25.1225416474463,102.562082253517,24.913396317464,158.202055881101,154.228084448912,2012.73105139886,2016.70502283105,SC1_MK211378.1
165,107,2.52448539239423,102.922576621361,25.0107075973724,102.91679190789,25.0542879597488,158.202055881101,155.677570488707,2014.18053743866,2016.70502283105,SC1_MK211377.1
241,23,0.505146356834462,102.796571090393,24.7954310140045,102.802146083503,24.7640240537948,158.202055881101,157.696909524267,2016.19987647422,2016.70502283105,SC1_MK211376.1
146,147,0.487485848365068,110.415550959124,26.0540033177717,110.609452707665,26.1882722044596,158.267043526221,157.779557677856,2016.2825246278,2016.77001047617,NA
144,137,1.49057003751274,110.336895955619,25.8947212151366,110.393143878594,26.0943117236673,158.535389214435,157.044819176922,2015.54778612687,2017.03835616438,SC1_MT040334.1
145,136,1.21178853261027,110.381077269661,26.0072815300673,110.513405723686,26.0552313552603,158.535389214435,157.323600681824,2015.82656763177,2017.03835616438,SC1_MT040333.1
146,138,0.75583153657867,110.415550959124,26.0540033177717,110.4895510895,26.0619311084506,158.535389214435,157.779557677856,2016.2825246278,2017.03835616438,SC1_MT040335.1
147,139,0.268345688213602,110.609452707665,26.1882722044596,110.772934101903,25.6886733246516,158.535389214435,158.267043526221,2016.77001047617,2017.03835616438,SC1_MT040336.1
256,118,11.0585036578362,122.442952579341,29.9251539574476,122.393747096958,30.1134495056474,158.620320721284,147.561817063448,2006.0647840134,2017.12328767123,SC1_MG772933.1
199,200,0.832384924535392,115.039857258614,24.6756731005075,114.962347870221,24.3374228614218,158.792553571647,157.960168647112,2016.46313559706,2017.2955205216,NA
210,211,1.04348033086803,115.036234427015,24.3058618011616,113.718233444546,24.3080625320196,158.967416511092,157.923936180224,2016.42690313017,2017.47038346104,NA
208,213,1.49215721644976,115.017810221118,24.1969950835965,115.108825559302,24.2868358955762,159.023131912024,157.530974695575,2016.03394164552,2017.52609886197,NA
211,212,0.120618301616287,113.718233444546,24.3080625320196,113.711059577834,24.3843290141,159.088034812708,158.967416511092,2017.47038346104,2017.59100176266,NA
180,79,13.3682562195535,114.373296744562,23.8111870385292,114.267061338036,22.9743070330298,159.116211132243,145.747954912689,2004.25092186264,2017.61917808219,SC1_OK017792.1
180,80,13.453187726403,114.373296744562,23.8111870385292,116.390237864154,24.6331081412423,159.201142639092,145.747954912689,2004.25092186264,2017.70410958904,SC1_OK017823.1
203,55,2.34903302460401,114.475238305107,24.2347864310762,114.533066858883,24.2755303741736,159.201142639092,156.852109614488,2015.35507656444,2017.70410958904,SC1_OK017824.1
203,56,2.34903302460401,114.475238305107,24.2347864310762,114.39795138553,24.4561275995905,159.201142639092,156.852109614488,2015.35507656444,2017.70410958904,SC1_OK017822.1
207,52,2.00696192659192,115.054845575704,24.2547543301402,114.979162291322,24.3299084114395,159.201142639092,157.1941807125,2015.69714766245,2017.70410958904,SC1_OK017820.1
209,50,1.34842035022525,115.006055735252,24.2504041789733,115.202238554696,24.129519784281,159.201142639092,157.852722288867,2016.35568923882,2017.70410958904,SC1_OK017815.1
210,47,1.2772064588681,115.036234427015,24.3058618011616,115.088356112121,24.262664421955,159.201142639092,157.923936180224,2016.42690313017,2017.70410958904,SC1_OK017814.1
200,61,0.408589067444811,114.962347870221,24.3374228614218,114.991433171156,24.3370968145742,159.201142639092,158.792553571647,2017.2955205216,2017.70410958904,SC1_OK017813.1
200,62,0.408589067444811,114.962347870221,24.3374228614218,114.993149381264,24.3999438114795,159.201142639092,158.792553571647,2017.2955205216,2017.70410958904,SC1_OK017819.1
211,46,0.23372612800007,113.718233444546,24.3080625320196,113.661842698982,24.4564025700287,159.201142639092,158.967416511092,2017.47038346104,2017.70410958904,SC1_OK017818.1
213,51,0.178010727067771,115.108825559302,24.2868358955762,115.012940425346,24.4208356951681,159.201142639092,159.023131912024,2017.52609886197,2017.70410958904,SC1_OK017816.1
213,48,0.178010727067771,115.108825559302,24.2868358955762,115.0157297241,24.2765267331943,159.201142639092,159.023131912024,2017.52609886197,2017.70410958904,SC1_OK017817.1
212,45,0.113107826383783,113.711059577834,24.3843290141,113.068035362436,23.8270421275353,159.201142639092,159.088034812708,2017.59100176266,2017.70410958904,SC1_OK017821.1
177,178,7.17222374749738,118.383423812554,27.7233347769941,118.518345315947,27.787163838835,159.409198941061,152.236975193564,2010.73994214351,2017.91216589101,NA
147,135,1.2683456882136,110.609452707665,26.1882722044596,110.621259509673,26.2185083226644,159.535389214435,158.267043526221,2016.77001047617,2018.03835616438,SC1_MT072864.1
261,111,4.14764825395564,103.19588390627,26.7294065310766,103.199679522047,26.0482864869929,160.116211132243,155.968562878287,2014.47152982824,2018.61917808219,SC1_MW703458.1
269,270,2.9368280083645,123.988555660984,40.9665728005477,123.851578687149,40.8690128516163,160.392385847291,157.455557838927,2015.95852478888,2018.89535279724,NA
278,279,5.37922454993731,101.958467815596,18.8228892871801,101.943274425062,18.7951399779933,160.550575921505,155.171351371567,2013.67431832152,2019.05354287145,NA
187,188,5.84927233515881,114.652483942768,22.8587552360692,111.043344281131,22.0388632869944,160.774004436451,154.924732101292,2013.42769905124,2019.2769713864,NA
278,1,5.84348989766184,101.958467815596,18.8228892871801,101.516930534373,21.6688411187767,161.014841269229,155.171351371567,2013.67431832152,2019.51780821918,SC1_EPI_ISL_412977
188,63,0.342206695791547,111.043344281131,22.0388632869944,111.030140575363,22.0649400799484,161.116211132243,160.774004436451,2019.2769713864,2019.61917808219,SC1_OK017826.1
188,64,0.342206695791547,111.043344281131,22.0388632869944,111.005534320222,21.9381470692655,161.116211132243,160.774004436451,2019.2769713864,2019.61917808219,SC1_OK017825.1
229,35,5.00078318969395,111.468840556782,27.9791248613185,109.423802046459,25.7811413463552,161.201142639092,156.200359449398,2014.70332639935,2019.70410958904,SC1_OK017859.1
204,57,3.06638483066216,114.895802686907,24.1461354978391,114.807606349695,24.0126670618509,161.201142639092,158.13475780843,2016.63772475838,2019.70410958904,SC1_OK017827.1
204,58,3.06638483066216,114.895802686907,24.1461354978391,115.109449846323,24.1069244366538,161.201142639092,158.13475780843,2016.63772475838,2019.70410958904,SC1_OK017828.1
234,244,13.3223887892544,102.920867921958,24.7412694510163,101.026244111508,26.1081163439729,161.340972049812,148.018583260557,2006.52155021051,2019.84393899976,NA
270,272,1.0252669363111,123.851578687149,40.8690128516163,123.998494304137,41.1092406215368,161.417652783602,160.392385847291,2018.89535279724,2019.92061973355,NA
244,245,0.385882636683403,101.026244111508,26.1081163439729,101.251744091469,26.073500711287,161.726854686495,161.340972049812,2019.84393899976,2020.22982163644,NA
245,246,0.0153278384376883,101.251744091469,26.073500711287,101.251805915345,26.0720150157228,161.742182524933,161.726854686495,2020.22982163644,2020.24514947488,NA
245,248,0.0371694347141445,101.251744091469,26.073500711287,101.315399565752,26.0808069914987,161.764024121209,161.726854686495,2020.22982163644,2020.26699107116,NA
225,230,29.3904678013749,110.010133391364,28.0298888972644,108.986570032666,27.9191827918722,161.794015723927,132.403547922552,1990.9065148725,2020.29698267388,NA
205,214,7.41575845339434,114.724089883452,23.7903509180442,114.556522133948,25.2509723026996,161.809791422777,154.394032969383,2012.89699991933,2020.31275837273,NA
259,260,5.32255597437167,109.089982226175,27.608062014675,109.384206082055,28.3350862360293,161.843734972431,156.52117899806,2015.02414594801,2020.34670192238,NA
258,113,10.3395821367227,108.183495220504,26.3118237780623,101.730120753157,21.287902604363,161.931564077823,151.5919819411,2010.09494889105,2020.43453102777,SC1_MZ081381.1
246,247,0.192107453502908,101.251805915345,26.0720150157228,101.234908481889,26.0783175533431,161.934289978436,161.742182524933,2020.24514947488,2020.43725692838,NA
238,25,6.33439196917565,102.777866077308,24.7268717638007,102.731686018389,24.7077174018782,161.950689760883,155.616297791707,2014.11926474166,2020.45365671083,SC1_OK017858.1
244,6,0.609717711071011,101.026244111508,26.1081163439729,101.188885028468,26.4252846015524,161.950689760883,161.340972049812,2019.84393899976,2020.45365671083,SC1_OK017855.1
246,5,0.20850723594992,101.251805915345,26.0720150157228,101.433774155042,26.2933009897452,161.950689760883,161.742182524933,2020.24514947488,2020.45365671083,SC1_OK017853.1
248,10,0.186665639673463,101.315399565752,26.0808069914987,101.390034712974,25.8288423480101,161.950689760883,161.764024121209,2020.26699107116,2020.45365671083,SC1_OK017856.1
248,8,0.186665639673463,101.315399565752,26.0808069914987,101.364382339548,26.0187914561587,161.950689760883,161.764024121209,2020.26699107116,2020.45365671083,SC1_OK017857.1
247,9,0.0163997824470112,101.234908481889,26.0783175533431,101.234660197492,26.081493118302,161.950689760883,161.934289978436,2020.43725692838,2020.45365671083,SC1_OK017854.1
247,7,0.0163997824470112,101.234908481889,26.0783175533431,101.234306557735,26.0766582314825,161.950689760883,161.934289978436,2020.43725692838,2020.45365671083,SC1_OK017852.1
277,4,21.638178203631,101.695565103259,18.359969902747,101.149553444549,13.7102264000574,161.999870088751,140.361691885121,1998.86465883507,2020.5028370387,SC1_MW251308.1
219,87,5.88686168081775,115.077239419534,29.5748900160071,115.042480452643,29.7704352297768,162.032656973997,156.14579529318,2014.64876224313,2020.53562392395,SC1_OK017802.1
219,88,5.88686168081775,115.077239419534,29.5748900160071,115.211768807622,29.6953434289589,162.032656973997,156.14579529318,2014.64876224313,2020.53562392395,SC1_OK017801.1
270,271,1.64061848558492,123.851578687149,40.8690128516163,123.802959542309,41.0022882552799,162.033004332876,160.392385847291,2018.89535279724,2020.53597128282,NA
279,3,1.49847449511579,101.943274425062,18.7951399779933,101.981269038329,18.8574928311664,162.04905041662,160.550575921505,2019.05354287145,2020.55201736657,SC1_MZ937002.1
279,2,1.50667121642717,101.943274425062,18.7951399779933,101.997581761598,18.6341823745464,162.057247137932,160.550575921505,2019.05354287145,2020.56021408788,SC1_MZ937004.1
221,222,39.0337096341727,110.876372065217,29.7384396725716,110.687417094639,29.6334185673305,162.19128578816,123.157576153987,1981.66054310394,2020.69425273811,NA
166,99,16.8529624810905,102.994574050511,24.9434646903278,104.051855228797,25.1701797880296,162.202055881101,145.349093400011,2003.85206034996,2020.70502283105,SC1_OK017793.1
265,125,15.6864059645753,124.70715199568,41.4704250848076,125.008942405451,40.6826415632922,162.202055881101,146.515649916526,2005.01861686647,2020.70502283105,SC1_OK017797.1
268,129,5.00625575856428,123.878821393505,40.888493275578,123.691073596118,40.7878491817253,162.202055881101,157.195800122537,2015.69876707249,2020.70502283105,SC1_OK017799.1
269,128,4.74649804217472,123.988555660984,40.9665728005477,124.067449528874,40.9760436533251,162.202055881101,157.455557838927,2015.95852478888,2020.70502283105,SC1_OK017794.1
272,132,0.784403097499126,123.998494304137,41.1092406215368,124.09132606216,41.1835794739812,162.202055881101,161.417652783602,2019.92061973355,2020.70502283105,SC1_OK017798.1
272,130,0.784403097499126,123.998494304137,41.1092406215368,123.923813365791,41.129232014596,162.202055881101,161.417652783602,2019.92061973355,2020.70502283105,SC1_OK017796.1
271,131,0.169051548225304,123.802959542309,41.0022882552799,123.816817830951,41.0110729684313,162.202055881101,162.033004332876,2020.53597128282,2020.70502283105,SC1_OK017800.1
271,133,0.169051548225304,123.802959542309,41.0022882552799,123.81653391705,41.0353735838389,162.202055881101,162.033004332876,2020.53597128282,2020.70502283105,SC1_OK017795.1
230,231,0.714729268317188,108.986570032666,27.9191827918722,109.057882359642,28.0507287550662,162.508744992244,161.794015723927,2020.29698267388,2021.01171194219,NA
228,37,15.7642466356945,111.235130567416,29.6510315415113,111.18351987675,29.6690895355721,162.620320721284,146.856074085589,2005.35904103554,2021.12328767123,SC1_OK017833.1
156,91,8.48655455843212,110.425126387954,26.5978728990789,111.358370518331,27.2352849247256,162.620320721284,154.133766162852,2012.6367331128,2021.12328767123,SC1_OK017832.1
260,115,0.776585748852597,109.384206082055,28.3350862360293,109.522774426004,28.2773814644612,162.620320721284,161.843734972431,2020.34670192238,2021.12328767123,SC1_OK017803.1
260,116,0.776585748852597,109.384206082055,28.3350862360293,109.962668806289,28.8265166695828,162.620320721284,161.843734972431,2020.34670192238,2021.12328767123,SC1_OK017804.1
259,114,6.17585405199141,109.089982226175,27.608062014675,110.475825433887,28.8207564603718,162.697033050051,156.52117899806,2015.02414594801,2021.2,SC1_OK017805.1
230,30,0.903017326124186,108.986570032666,27.9191827918722,109.01571679559,27.9686790224992,162.697033050051,161.794015723927,2020.29698267388,2021.2,SC1_OK017830.1
222,28,0.505747261890898,110.687417094639,29.6334185673305,109.469446489704,29.4375711056094,162.697033050051,162.19128578816,2020.69425273811,2021.2,SC1_OK017835.1
222,29,0.505747261890898,110.687417094639,29.6334185673305,110.672182324201,29.7667297618078,162.697033050051,162.19128578816,2020.69425273811,2021.2,SC1_OK017834.1
231,32,0.188288057806999,109.057882359642,28.0507287550662,109.0584890234,28.0289332311625,162.697033050051,162.508744992244,2021.01171194219,2021.2,SC1_OK017831.1
231,31,0.188288057806999,109.057882359642,28.0507287550662,109.082426528718,28.0678225544591,162.697033050051,162.508744992244,2021.01171194219,2021.2,SC1_OK017829.1
178,179,3.40438877862951,118.518345315947,27.787163838835,118.528046488282,27.5219571877471,162.813587719691,159.409198941061,2017.91216589101,2021.31655466964,NA
261,112,6.85340167861323,103.19588390627,26.7294065310766,103.25870457089,26.8968057055395,162.8219645569,155.968562878287,2014.47152982824,2021.32493150685,SC1_OK017806.1
215,43,15.1652345270883,115.618555318659,26.4222917424372,118.511560698109,27.6036490454869,162.864156337722,147.698921810634,2006.20188876058,2021.36712328767,SC1_OK017808.1
176,85,14.6588582474007,117.553064599007,26.1674686553736,118.392383700602,26.1889769611336,162.864156337722,148.205298090322,2006.70826504027,2021.36712328767,SC1_OK017809.1
179,82,0.0505686180316864,118.528046488282,27.5219571877471,118.480952766062,27.2625277711124,162.864156337722,162.813587719691,2021.31655466964,2021.36712328767,SC1_OK017810.1
179,83,0.0505686180316864,118.528046488282,27.5219571877471,118.56298531787,27.5752173617223,162.864156337722,162.813587719691,2021.31655466964,2021.36712328767,SC1_OK017811.1
215,42,15.3323578147596,115.618555318659,26.4222917424372,117.585736346649,29.9749716561563,163.031279625394,147.698921810634,2006.20188876058,2021.53424657534,SC1_OK017807.1
197,59,13.0206360383705,114.906798410437,23.0790562504101,114.847932284839,24.888508401675,163.031279625394,150.010643587023,2008.51361053697,2021.53424657534,SC1_OK017839.1
217,86,10.8605724764264,115.615439044256,28.9168035127937,115.646659238452,28.9118287838666,163.031279625394,152.170707148967,2010.67367409892,2021.53424657534,SC1_OK017837.1
218,89,9.13902957764549,115.071250348472,29.5728286277457,115.401404177488,29.5282395461542,163.031279625394,153.892250047748,2012.3952169977,2021.53424657534,SC1_OK017836.1
156,92,8.89751346254187,110.425126387954,26.5978728990789,116.782351125687,28.8539603041453,163.031279625394,154.133766162852,2012.6367331128,2021.53424657534,SC1_OK017841.1
187,65,8.10654752410114,114.652483942768,22.8587552360692,114.331086349247,26.4619715854951,163.031279625394,154.924732101292,2013.42769905124,2021.53424657534,SC1_OK017843.1
229,36,6.83092017599529,111.468840556782,27.9791248613185,113.927387074467,27.3597078012199,163.031279625394,156.200359449398,2014.70332639935,2021.53424657534,SC1_OK017860.1
199,60,5.07111097828154,115.039857258614,24.6756731005075,114.948923496512,24.793563978222,163.031279625394,157.960168647112,2016.46313559706,2021.53424657534,SC1_OK017842.1
212,49,3.94324481268512,113.711059577834,24.3843290141,114.844162475112,25.5678826975316,163.031279625394,159.088034812708,2017.59100176266,2021.53424657534,SC1_OK017840.1
178,84,3.62208068433249,118.518345315947,27.787163838835,118.364202436823,28.2951864165942,163.031279625394,159.409198941061,2017.91216589101,2021.53424657534,SC1_OK017838.1
214,53,1.22148820261653,114.556522133948,25.2509723026996,114.767121284953,25.3828916096469,163.031279625394,161.809791422777,2020.31275837273,2021.53424657534,SC1_OK017845.1
214,54,1.22148820261653,114.556522133948,25.2509723026996,114.90676112602,25.1924857154678,163.031279625394,161.809791422777,2020.31275837273,2021.53424657534,SC1_OK017844.1
